
                            mean       std    median      5.0%     95.0%     n_eff     r_hat
                    D0      2.37     19.08      0.73      0.00      3.48    686.93      1.00
                    E0      7.44      8.09      5.12      0.02     16.71     80.92      1.00
                    H0      0.98      0.92      0.73      0.00      2.25   1163.32      1.00
                    I0      2.94      3.90      1.72      0.01      6.77     51.18      1.01
                 beta0      2.01      0.99      2.01      0.63      3.39      6.44      1.03
  confirmed_dispersion      0.12      0.01      0.11      0.10      0.14    921.02      1.00
      death_dispersion      0.71      0.05      0.71      0.63      0.80   1595.61      1.00
            death_prob      0.01      0.00      0.01      0.01      0.02     20.13      1.02
            death_rate      0.06      0.01      0.06      0.04      0.08     41.72      1.07
           det_prob[0]      0.25      0.06      0.24      0.15      0.35    160.36      1.01
           det_prob[1]      0.24      0.07      0.23      0.13      0.35    138.55      1.01
           det_prob[2]      0.23      0.07      0.22      0.12      0.35    132.46      1.01
           det_prob[3]      0.23      0.08      0.22      0.10      0.34    128.67      1.01
           det_prob[4]      0.22      0.08      0.21      0.12      0.35    113.04      1.02
           det_prob[5]      0.22      0.08      0.21      0.10      0.34     86.12      1.02
           det_prob[6]      0.22      0.08      0.21      0.10      0.34     76.44      1.02
           det_prob[7]      0.22      0.08      0.21      0.10      0.35     48.15      1.03
           det_prob[8]      0.22      0.08      0.21      0.10      0.34     38.19      1.03
           det_prob[9]      0.22      0.08      0.21      0.10      0.34     32.69      1.03
          det_prob[10]      0.22      0.08      0.21      0.09      0.33     28.52      1.04
          det_prob[11]      0.21      0.08      0.20      0.09      0.32     28.34      1.04
          det_prob[12]      0.20      0.07      0.19      0.09      0.31     27.66      1.04
          det_prob[13]      0.19      0.07      0.18      0.08      0.30     31.31      1.05
          det_prob[14]      0.19      0.07      0.18      0.09      0.30     27.25      1.06
          det_prob[15]      0.18      0.06      0.17      0.08      0.28     27.40      1.06
          det_prob[16]      0.17      0.06      0.16      0.08      0.27     26.50      1.06
          det_prob[17]      0.16      0.06      0.15      0.07      0.25     28.82      1.07
          det_prob[18]      0.16      0.06      0.16      0.08      0.26     25.47      1.07
          det_prob[19]      0.16      0.06      0.16      0.07      0.24     26.51      1.08
          det_prob[20]      0.17      0.06      0.16      0.08      0.26     26.25      1.09
          det_prob[21]      0.16      0.05      0.15      0.07      0.24     29.55      1.08
          det_prob[22]      0.15      0.05      0.14      0.06      0.22     32.92      1.07
          det_prob[23]      0.14      0.05      0.13      0.06      0.22     32.90      1.08
          det_prob[24]      0.13      0.05      0.12      0.06      0.21     28.71      1.08
          det_prob[25]      0.13      0.05      0.12      0.05      0.20     34.23      1.08
          det_prob[26]      0.13      0.05      0.12      0.06      0.20     34.03      1.07
          det_prob[27]      0.13      0.05      0.12      0.05      0.20     36.60      1.07
          det_prob[28]      0.14      0.05      0.14      0.07      0.22     37.26      1.06
          det_prob[29]      0.15      0.05      0.14      0.07      0.23     37.45      1.06
          det_prob[30]      0.15      0.05      0.14      0.07      0.24     24.55      1.07
          det_prob[31]      0.16      0.06      0.15      0.07      0.25     26.78      1.07
          det_prob[32]      0.17      0.06      0.16      0.08      0.27     23.87      1.07
          det_prob[33]      0.18      0.06      0.17      0.08      0.27     24.60      1.07
          det_prob[34]      0.19      0.06      0.19      0.09      0.29     24.14      1.07
          det_prob[35]      0.20      0.06      0.19      0.10      0.30     24.53      1.06
          det_prob[36]      0.20      0.07      0.19      0.09      0.30     26.89      1.05
          det_prob[37]      0.20      0.07      0.19      0.09      0.30     26.00      1.06
          det_prob[38]      0.21      0.07      0.20      0.11      0.31     27.25      1.04
          det_prob[39]      0.20      0.07      0.19      0.10      0.31     29.14      1.04
          det_prob[40]      0.20      0.07      0.19      0.09      0.30     28.96      1.02
          det_prob[41]      0.20      0.07      0.19      0.09      0.30     30.77      1.02
          det_prob[42]      0.19      0.07      0.18      0.08      0.30     28.93      1.01
          det_prob[43]      0.19      0.07      0.19      0.07      0.29     31.47      1.01
          det_prob[44]      0.20      0.07      0.19      0.10      0.31     32.78      1.01
          det_prob[45]      0.21      0.07      0.20      0.10      0.31     33.14      1.01
          det_prob[46]      0.21      0.07      0.20      0.10      0.31     31.99      1.00
          det_prob[47]      0.22      0.07      0.21      0.11      0.32     31.65      1.00
          det_prob[48]      0.22      0.07      0.21      0.13      0.33     33.38      1.00
          det_prob[49]      0.22      0.07      0.21      0.12      0.32     36.08      1.00
          det_prob[50]      0.22      0.07      0.21      0.12      0.33     37.82      1.00
          det_prob[51]      0.22      0.07      0.21      0.12      0.33     40.64      1.00
          det_prob[52]      0.22      0.07      0.21      0.11      0.32     40.24      1.00
          det_prob[53]      0.22      0.07      0.21      0.11      0.32     43.78      1.00
          det_prob[54]      0.22      0.07      0.21      0.12      0.33     46.83      1.00
          det_prob[55]      0.23      0.07      0.22      0.11      0.33     57.32      1.00
          det_prob[56]      0.24      0.07      0.23      0.13      0.35     68.87      1.00
          det_prob[57]      0.25      0.07      0.24      0.13      0.36     70.86      1.00
          det_prob[58]      0.26      0.07      0.25      0.14      0.37     69.79      1.01
          det_prob[59]      0.28      0.08      0.27      0.16      0.40     70.47      1.01
          det_prob[60]      0.29      0.08      0.28      0.16      0.41     73.92      1.01
          det_prob[61]      0.30      0.08      0.29      0.17      0.42     79.36      1.00
          det_prob[62]      0.31      0.08      0.31      0.19      0.46     78.24      1.00
          det_prob[63]      0.33      0.09      0.32      0.20      0.48     77.26      1.00
          det_prob[64]      0.33      0.09      0.32      0.20      0.49     78.45      1.00
          det_prob[65]      0.34      0.09      0.33      0.21      0.51     77.26      1.00
          det_prob[66]      0.35      0.09      0.34      0.20      0.50     74.59      1.00
          det_prob[67]      0.36      0.10      0.35      0.21      0.52     75.99      1.00
          det_prob[68]      0.37      0.10      0.36      0.21      0.53     76.27      1.00
          det_prob[69]      0.38      0.10      0.37      0.23      0.54     76.15      1.00
          det_prob[70]      0.39      0.10      0.39      0.24      0.56     70.83      1.00
          det_prob[71]      0.41      0.10      0.40      0.25      0.57     71.27      1.00
          det_prob[72]      0.42      0.10      0.42      0.26      0.58     75.77      1.00
          det_prob[73]      0.43      0.10      0.42      0.25      0.58     75.33      1.00
          det_prob[74]      0.44      0.10      0.44      0.27      0.60     79.47      1.00
          det_prob[75]      0.45      0.10      0.45      0.29      0.63     83.45      1.00
          det_prob[76]      0.47      0.11      0.46      0.30      0.65     81.70      1.00
          det_prob[77]      0.48      0.11      0.48      0.31      0.66     79.67      1.00
          det_prob[78]      0.49      0.11      0.48      0.32      0.68     81.68      1.01
          det_prob[79]      0.50      0.11      0.50      0.33      0.69     78.93      1.01
          det_prob[80]      0.52      0.11      0.51      0.32      0.69     74.92      1.01
          det_prob[81]      0.54      0.11      0.53      0.34      0.71     71.65      1.01
          det_prob[82]      0.54      0.11      0.54      0.35      0.73     69.20      1.02
          det_prob[83]      0.55      0.12      0.54      0.35      0.74     63.26      1.02
          det_prob[84]      0.55      0.12      0.55      0.36      0.75     60.50      1.03
          det_prob[85]      0.55      0.12      0.55      0.36      0.75     58.69      1.05
          det_prob[86]      0.56      0.13      0.55      0.34      0.76     55.91      1.04
          det_prob[87]      0.55      0.13      0.55      0.34      0.76     53.39      1.05
          det_prob[88]      0.55      0.14      0.55      0.34      0.79     52.38      1.05
          det_prob[89]      0.55      0.14      0.54      0.33      0.80     49.57      1.06
          det_prob[90]      0.55      0.15      0.55      0.34      0.82     48.59      1.06
          det_prob[91]      0.57      0.15      0.57      0.35      0.82     46.08      1.07
          det_prob[92]      0.59      0.15      0.58      0.35      0.82     44.54      1.06
          det_prob[93]      0.60      0.15      0.59      0.39      0.86     43.46      1.07
          det_prob[94]      0.61      0.14      0.60      0.41      0.89     42.90      1.07
          det_prob[95]      0.63      0.14      0.63      0.40      0.86     40.54      1.07
          det_prob[96]      0.64      0.14      0.65      0.41      0.88     39.47      1.07
          det_prob[97]      0.66      0.14      0.66      0.42      0.89     38.02      1.07
          det_prob[98]      0.67      0.14      0.68      0.44      0.89     36.83      1.07
          det_prob[99]      0.68      0.14      0.68      0.46      0.91     33.76      1.07
         det_prob[100]      0.68      0.14      0.69      0.49      0.94     32.55      1.07
         det_prob[101]      0.68      0.14      0.69      0.44      0.90     30.72      1.06
         det_prob[102]      0.68      0.15      0.68      0.44      0.92     30.06      1.06
         det_prob[103]      0.68      0.15      0.68      0.45      0.93     29.02      1.06
         det_prob[104]      0.68      0.15      0.69      0.45      0.93     27.81      1.05
         det_prob[105]      0.68      0.15      0.69      0.45      0.94     25.87      1.05
         det_prob[106]      0.68      0.16      0.69      0.42      0.91     25.20      1.04
         det_prob[107]      0.68      0.16      0.70      0.44      0.94     24.68      1.04
         det_prob[108]      0.69      0.16      0.70      0.44      0.94     24.45      1.04
         det_prob[109]      0.70      0.15      0.71      0.46      0.94     23.52      1.04
         det_prob[110]      0.71      0.15      0.72      0.49      0.95     22.54      1.04
         det_prob[111]      0.71      0.15      0.73      0.49      0.94     21.13      1.04
         det_prob[112]      0.72      0.15      0.73      0.51      0.96     21.16      1.04
         det_prob[113]      0.72      0.15      0.73      0.50      0.96     20.65      1.04
         det_prob[114]      0.72      0.15      0.74      0.50      0.96     20.26      1.04
         det_prob[115]      0.73      0.15      0.75      0.51      0.96     19.59      1.04
         det_prob[116]      0.73      0.15      0.75      0.51      0.96     19.44      1.03
         det_prob[117]      0.74      0.15      0.75      0.53      0.97     19.43      1.03
         det_prob[118]      0.74      0.15      0.76      0.52      0.97     18.82      1.03
         det_prob[119]      0.75      0.14      0.77      0.54      0.97     18.26      1.03
         det_prob[120]      0.75      0.15      0.77      0.53      0.98     18.60      1.03
         det_prob[121]      0.75      0.15      0.77      0.53      0.99     18.52      1.02
         det_prob[122]      0.75      0.15      0.78      0.53      0.98     18.16      1.02
         det_prob[123]      0.76      0.15      0.78      0.53      0.98     17.76      1.02
         det_prob[124]      0.77      0.15      0.79      0.56      0.99     17.48      1.02
         det_prob[125]      0.78      0.14      0.81      0.56      0.98     17.62      1.02
         det_prob[126]      0.78      0.14      0.80      0.57      0.98     17.37      1.02
         det_prob[127]      0.79      0.14      0.81      0.59      0.99     17.51      1.02
         det_prob[128]      0.79      0.13      0.82      0.60      0.99     17.48      1.02
         det_prob[129]      0.80      0.13      0.82      0.60      0.99     16.98      1.02
         det_prob[130]      0.80      0.13      0.83      0.62      0.99     16.87      1.02
         det_prob[131]      0.81      0.13      0.84      0.62      0.99     17.18      1.01
         det_prob[132]      0.82      0.13      0.85      0.63      0.99     17.04      1.01
         det_prob[133]      0.83      0.12      0.85      0.64      0.99     17.21      1.01
         det_prob[134]      0.83      0.12      0.86      0.65      0.99     17.14      1.01
         det_prob[135]      0.84      0.12      0.86      0.66      0.99     16.92      1.01
         det_prob[136]      0.84      0.12      0.87      0.66      0.99     17.33      1.01
         det_prob[137]      0.84      0.12      0.87      0.67      0.99     16.60      1.01
         det_prob[138]      0.85      0.11      0.88      0.68      0.99     16.82      1.00
         det_prob[139]      0.86      0.11      0.88      0.69      0.99     16.79      1.00
         det_prob[140]      0.86      0.11      0.89      0.71      0.99     16.80      1.00
         det_prob[141]      0.87      0.10      0.89      0.72      0.99     17.43      1.00
         det_prob[142]      0.87      0.10      0.90      0.72      0.99     17.42      1.00
         det_prob[143]      0.87      0.10      0.90      0.73      0.99     17.66      1.00
         det_prob[144]      0.88      0.10      0.91      0.73      1.00     17.65      1.00
         det_prob[145]      0.88      0.10      0.91      0.74      1.00     17.27      1.00
         det_prob[146]      0.89      0.10      0.91      0.75      1.00     17.76      1.00
         det_prob[147]      0.89      0.09      0.92      0.76      1.00     17.97      1.00
         det_prob[148]      0.89      0.09      0.92      0.77      1.00     17.68      1.00
         det_prob[149]      0.90      0.09      0.93      0.77      1.00     18.32      1.00
         det_prob[150]      0.90      0.09      0.93      0.77      1.00     18.50      1.00
         det_prob[151]      0.90      0.09      0.93      0.78      1.00     18.53      1.00
         det_prob[152]      0.90      0.09      0.93      0.79      1.00     19.10      1.00
         det_prob[153]      0.91      0.08      0.94      0.79      1.00     19.03      1.00
         det_prob[154]      0.91      0.08      0.94      0.81      1.00     19.11      1.00
         det_prob[155]      0.91      0.08      0.94      0.81      1.00     19.10      1.00
         det_prob[156]      0.91      0.08      0.94      0.81      1.00     18.98      1.00
         det_prob[157]      0.92      0.08      0.94      0.81      1.00     18.86      1.00
         det_prob[158]      0.92      0.08      0.94      0.81      1.00     18.68      1.00
         det_prob[159]      0.92      0.08      0.95      0.81      1.00     18.33      1.00
         det_prob[160]      0.92      0.08      0.95      0.81      1.00     18.57      1.00
         det_prob[161]      0.92      0.08      0.95      0.81      1.00     18.46      1.00
         det_prob[162]      0.92      0.08      0.95      0.81      1.00     18.92      1.00
         det_prob[163]      0.92      0.08      0.95      0.82      1.00     18.96      1.00
         det_prob[164]      0.93      0.08      0.95      0.82      1.00     18.72      1.00
         det_prob[165]      0.93      0.07      0.96      0.83      1.00     18.84      1.00
         det_prob[166]      0.93      0.07      0.96      0.84      1.00     18.30      1.00
         det_prob[167]      0.93      0.07      0.96      0.84      1.00     18.72      1.00
         det_prob[168]      0.93      0.07      0.96      0.84      1.00     17.82      1.00
         det_prob[169]      0.93      0.07      0.96      0.84      1.00     17.92      1.00
         det_prob[170]      0.93      0.07      0.96      0.84      1.00     17.94      1.01
         det_prob[171]      0.94      0.07      0.96      0.84      1.00     18.38      1.01
         det_prob[172]      0.94      0.06      0.96      0.84      1.00     17.66      1.01
         det_prob[173]      0.94      0.06      0.96      0.85      1.00     16.90      1.01
         det_prob[174]      0.94      0.06      0.96      0.86      1.00     17.19      1.01
         det_prob[175]      0.94      0.06      0.97      0.86      1.00     17.11      1.01
         det_prob[176]      0.94      0.06      0.97      0.86      1.00     17.59      1.01
         det_prob[177]      0.95      0.06      0.97      0.86      1.00     18.15      1.01
         det_prob[178]      0.95      0.06      0.97      0.86      1.00     18.50      1.01
         det_prob[179]      0.95      0.06      0.97      0.87      1.00     18.60      1.01
         det_prob[180]      0.95      0.06      0.97      0.86      1.00     18.85      1.01
         det_prob[181]      0.95      0.06      0.97      0.87      1.00     18.78      1.02
         det_prob[182]      0.95      0.06      0.97      0.87      1.00     19.05      1.02
         det_prob[183]      0.95      0.06      0.97      0.86      1.00     19.26      1.02
         det_prob[184]      0.95      0.06      0.97      0.87      1.00     18.96      1.02
         det_prob[185]      0.95      0.06      0.97      0.87      1.00     19.51      1.02
         det_prob[186]      0.95      0.06      0.97      0.87      1.00     19.55      1.02
         det_prob[187]      0.95      0.06      0.97      0.88      1.00     19.53      1.02
         det_prob[188]      0.95      0.06      0.97      0.88      1.00     19.18      1.02
         det_prob[189]      0.95      0.05      0.97      0.88      1.00     19.19      1.02
         det_prob[190]      0.95      0.05      0.97      0.88      1.00     19.43      1.02
         det_prob[191]      0.95      0.06      0.97      0.87      1.00     19.83      1.02
         det_prob[192]      0.95      0.06      0.97      0.88      1.00     20.53      1.02
         det_prob[193]      0.95      0.06      0.97      0.88      1.00     21.07      1.02
         det_prob[194]      0.95      0.06      0.97      0.87      1.00     20.05      1.02
         det_prob[195]      0.95      0.06      0.97      0.87      1.00     20.77      1.02
         det_prob[196]      0.95      0.06      0.97      0.87      1.00     20.46      1.02
         det_prob[197]      0.95      0.06      0.97      0.86      1.00     19.94      1.02
         det_prob[198]      0.95      0.06      0.97      0.87      1.00     19.71      1.02
         det_prob[199]      0.95      0.06      0.97      0.86      1.00     19.46      1.02
         det_prob[200]      0.95      0.06      0.97      0.86      1.00     19.88      1.02
         det_prob[201]      0.95      0.06      0.97      0.86      1.00     19.96      1.02
         det_prob[202]      0.95      0.06      0.97      0.86      1.00     19.61      1.02
         det_prob[203]      0.95      0.06      0.97      0.85      1.00     19.77      1.01
         det_prob[204]      0.94      0.06      0.97      0.85      1.00     19.57      1.01
         det_prob[205]      0.94      0.07      0.97      0.85      1.00     19.65      1.01
         det_prob[206]      0.94      0.07      0.97      0.84      1.00     19.80      1.01
         det_prob[207]      0.94      0.07      0.97      0.84      1.00     19.93      1.01
         det_prob[208]      0.94      0.07      0.97      0.84      1.00     20.73      1.01
         det_prob[209]      0.94      0.07      0.97      0.84      1.00     20.55      1.01
         det_prob[210]      0.94      0.08      0.97      0.82      1.00     21.55      1.01
         det_prob[211]      0.94      0.08      0.97      0.82      1.00     22.03      1.01
         det_prob[212]      0.93      0.08      0.97      0.82      1.00     22.44      1.01
         det_prob[213]      0.93      0.09      0.97      0.81      1.00     23.34      1.01
         det_prob[214]      0.93      0.09      0.97      0.81      1.00     22.98      1.01
         det_prob[215]      0.93      0.09      0.97      0.81      1.00     24.22      1.01
         det_prob[216]      0.93      0.09      0.97      0.81      1.00     24.49      1.01
         det_prob[217]      0.93      0.09      0.97      0.80      1.00     25.14      1.01
         det_prob[218]      0.93      0.09      0.97      0.80      1.00     25.49      1.01
         det_prob[219]      0.93      0.10      0.97      0.80      1.00     25.70      1.01
         det_prob[220]      0.93      0.10      0.97      0.80      1.00     25.70      1.01
         det_prob[221]      0.93      0.10      0.97      0.80      1.00     26.27      1.00
         det_prob[222]      0.93      0.10      0.97      0.80      1.00     26.78      1.00
         det_prob[223]      0.93      0.10      0.97      0.80      1.00     26.93      1.00
         det_prob[224]      0.93      0.10      0.97      0.79      1.00     26.59      1.00
         det_prob[225]      0.93      0.10      0.97      0.79      1.00     27.45      1.00
         det_prob[226]      0.93      0.10      0.97      0.79      1.00     28.19      1.00
         det_prob[227]      0.93      0.10      0.97      0.78      1.00     28.74      1.00
             det_prob0      0.26      0.06      0.26      0.18      0.36    225.27      1.01
            det_prob_d      0.90      0.03      0.90      0.85      0.95   1116.76      1.00
                 gamma      0.48      0.05      0.48      0.40      0.56    315.62      1.00
                 rw[0]     -0.18      1.01     -0.22     -1.71      1.45     47.24      1.00
                 rw[1]     -0.24      1.41     -0.25     -2.42      2.19     23.87      1.01
                 rw[2]     -0.25      1.73     -0.33     -3.22      2.67     15.93      1.01
                 rw[3]     -0.10      1.92     -0.19     -3.06      3.18     12.51      1.01
                 rw[4]      0.04      2.15     -0.06     -3.63      3.38     10.15      1.02
                 rw[5]      0.21      2.35      0.06     -3.30      4.12      9.13      1.02
                 rw[6]      0.39      2.48      0.18     -3.29      4.63      8.39      1.03
                 rw[7]      0.46      2.62      0.20     -3.55      4.86      7.75      1.02
                 rw[8]      0.58      2.75      0.29     -3.54      5.00      7.42      1.02
                 rw[9]      0.59      2.84      0.29     -3.54      5.36      7.21      1.03
                rw[10]      0.57      2.90      0.18     -3.35      5.78      6.81      1.03
                rw[11]      0.45      2.94      0.15     -3.49      5.73      6.66      1.03
                rw[12]      0.41      3.01      0.04     -4.07      5.47      6.70      1.02
                rw[13]      0.41      3.05      0.03     -4.22      5.29      6.60      1.02
                rw[14]      0.36      3.05     -0.06     -4.20      5.32      6.51      1.02
                rw[15]      0.26      3.04     -0.27     -4.18      5.22      6.43      1.02
                rw[16]      0.19      3.03     -0.30     -4.04      5.33      6.51      1.02
                rw[17]      0.01      3.04     -0.57     -4.45      4.97      6.72      1.02
                rw[18]     -0.32      3.04     -0.77     -4.33      5.20      6.58      1.02
                rw[19]     -0.77      3.01     -1.02     -5.36      4.05      6.69      1.01
                rw[20]     -1.45      2.97     -1.89     -5.77      3.50      6.70      1.01
                rw[21]     -2.28      2.95     -2.65     -6.49      2.81      6.60      1.01
                rw[22]     -3.03      2.91     -3.28     -7.42      1.69      6.52      1.01
                rw[23]     -3.70      2.91     -4.01     -8.27      0.72      6.43      1.01
                rw[24]     -4.26      2.93     -4.52     -9.10      0.06      6.42      1.01
                rw[25]     -4.71      2.90     -5.03     -8.71      0.26      6.49      1.02
                rw[26]     -5.04      2.91     -5.37     -9.28     -0.29      6.42      1.02
                rw[27]     -5.30      2.94     -5.62     -9.60     -0.35      6.61      1.01
                rw[28]     -5.52      2.96     -5.83    -10.08     -0.85      6.49      1.02
                rw[29]     -5.81      2.98     -6.17    -10.01     -0.99      6.60      1.02
                rw[30]     -5.99      3.00     -6.37    -10.21     -0.99      6.62      1.02
                rw[31]     -6.16      3.01     -6.53    -10.53     -1.30      6.82      1.02
                rw[32]     -6.30      3.01     -6.73    -10.56     -1.24      6.81      1.02
                rw[33]     -6.49      3.06     -6.97    -10.97     -1.56      6.85      1.01
                rw[34]     -6.69      3.10     -7.05    -11.29     -1.68      6.91      1.01
                rw[35]     -6.92      3.10     -7.34    -11.77     -2.27      6.92      1.01
                rw[36]     -7.10      3.10     -7.57    -11.90     -2.39      6.99      1.01
                rw[37]     -7.22      3.09     -7.61    -11.94     -2.41      6.98      1.01
                rw[38]     -7.36      3.09     -7.75    -12.30     -2.68      7.11      1.00
                rw[39]     -7.43      3.12     -7.77    -12.42     -2.75      6.91      1.01
                rw[40]     -7.47      3.13     -7.83    -11.94     -2.19      6.73      1.01
                rw[41]     -7.44      3.10     -7.86    -11.36     -1.70      6.74      1.01
                rw[42]     -7.41      3.06     -7.72    -12.09     -2.42      6.87      1.00
                rw[43]     -7.29      3.09     -7.59    -11.63     -1.91      6.80      1.01
                rw[44]     -7.07      3.08     -7.30    -11.44     -1.91      6.73      1.01
                rw[45]     -6.98      3.11     -7.21    -11.51     -1.91      6.64      1.00
                rw[46]     -6.89      3.10     -6.94    -11.13     -1.51      6.83      1.00
                rw[47]     -6.88      3.10     -7.13    -11.31     -1.74      6.75      1.00
                rw[48]     -6.80      3.11     -7.05    -11.19     -1.82      6.72      1.00
                rw[49]     -6.79      3.12     -7.09    -11.41     -1.75      6.71      1.00
                rw[50]     -6.84      3.11     -7.05    -11.18     -1.35      6.74      1.00
                rw[51]     -6.81      3.07     -7.14    -11.07     -1.43      6.69      1.00
                rw[52]     -6.77      3.07     -7.08    -11.34     -1.79      6.85      1.00
                rw[53]     -6.75      3.07     -7.08    -11.63     -2.02      6.86      1.00
                rw[54]     -6.66      3.05     -7.07    -11.22     -1.92      6.76      1.00
                rw[55]     -6.61      3.06     -7.05    -11.19     -1.73      6.63      1.01
                rw[56]     -6.57      3.03     -6.90    -10.93     -1.45      6.54      1.01
                rw[57]     -6.56      3.00     -6.90    -11.27     -1.89      6.47      1.01
                rw[58]     -6.62      3.02     -6.95    -10.86     -1.57      6.48      1.01
                rw[59]     -6.72      3.01     -7.04    -11.63     -2.34      6.53      1.02
                rw[60]     -6.79      3.07     -7.15    -11.54     -1.80      6.68      1.02
                rw[61]     -6.93      3.01     -7.24    -11.54     -2.25      6.44      1.02
                rw[62]     -7.04      2.97     -7.34    -11.71     -2.48      6.42      1.02
                rw[63]     -7.15      2.97     -7.53    -12.05     -2.68      6.48      1.02
                rw[64]     -7.23      3.01     -7.54    -11.54     -2.27      6.58      1.02
                rw[65]     -7.30      2.98     -7.61    -11.66     -2.50      6.46      1.02
                rw[66]     -7.30      3.01     -7.64    -12.01     -2.45      6.70      1.02
                rw[67]     -7.27      3.04     -7.59    -11.58     -1.97      6.70      1.02
                rw[68]     -7.21      3.04     -7.48    -11.85     -2.46      6.54      1.02
                rw[69]     -7.11      3.00     -7.39    -11.61     -2.37      6.45      1.02
                rw[70]     -6.99      3.01     -7.25    -11.64     -2.38      6.51      1.03
                rw[71]     -6.94      3.04     -7.23    -11.40     -1.91      6.68      1.03
                rw[72]     -6.79      3.06     -7.01    -11.42     -1.88      6.52      1.02
                rw[73]     -6.72      3.08     -6.84    -11.39     -1.94      6.61      1.02
                rw[74]     -6.60      3.06     -6.69    -11.50     -1.90      6.87      1.02
                rw[75]     -6.49      3.04     -6.60    -11.06     -1.57      6.94      1.02
                rw[76]     -6.45      3.07     -6.58    -11.17     -1.43      6.82      1.02
                rw[77]     -6.38      3.05     -6.62    -11.25     -1.59      6.97      1.02
                rw[78]     -6.35      3.03     -6.62    -10.72     -1.16      7.04      1.02
                rw[79]     -6.39      3.04     -6.60    -11.13     -1.51      6.76      1.02
                rw[80]     -6.40      3.07     -6.66    -11.27     -1.42      6.75      1.03
                rw[81]     -6.51      3.08     -6.83    -10.85     -1.23      6.90      1.03
                rw[82]     -6.68      3.09     -7.05    -11.53     -1.88      6.84      1.03
                rw[83]     -6.77      3.06     -7.01    -11.47     -1.71      6.82      1.03
                rw[84]     -6.87      3.05     -7.16    -11.71     -1.96      6.81      1.03
                rw[85]     -6.94      3.04     -7.33    -11.11     -1.51      7.01      1.03
                rw[86]     -6.97      3.06     -7.32    -11.53     -1.90      6.99      1.03
                rw[87]     -6.94      3.03     -7.24    -11.54     -1.88      6.91      1.03
                rw[88]     -6.80      2.97     -7.25    -11.04     -1.82      6.97      1.03
                rw[89]     -6.62      2.92     -7.05    -10.92     -1.96      7.21      1.03
                rw[90]     -6.34      2.88     -6.67    -10.49     -1.62      7.10      1.02
                rw[91]     -6.02      2.86     -6.48    -10.57     -1.59      7.06      1.02
                rw[92]     -5.78      2.84     -6.26     -9.85     -1.04      6.79      1.02
                rw[93]     -5.60      2.84     -6.07    -10.03     -1.25      6.83      1.01
                rw[94]     -5.48      2.87     -5.87    -10.61     -1.43      6.79      1.02
                rw[95]     -5.42      2.88     -5.79    -10.01     -0.88      6.90      1.01
                rw[96]     -5.38      2.90     -5.75     -9.63     -0.65      6.74      1.01
                rw[97]     -5.42      2.89     -5.79     -9.76     -0.84      6.60      1.01
                rw[98]     -5.57      2.86     -5.98    -10.09     -1.33      6.45      1.01
                rw[99]     -5.76      2.91     -6.16    -10.09     -1.26      6.40      1.01
               rw[100]     -6.06      2.90     -6.41    -10.43     -1.65      6.46      1.01
               rw[101]     -6.25      2.92     -6.65    -11.10     -1.97      6.42      1.02
               rw[102]     -6.33      2.94     -6.69    -10.71     -1.59      6.64      1.01
               rw[103]     -6.32      2.90     -6.73    -10.61     -1.53      6.82      1.02
               rw[104]     -6.31      2.94     -6.62    -10.50     -1.47      6.70      1.01
               rw[105]     -6.27      2.89     -6.56    -10.50     -1.41      6.96      1.01
               rw[106]     -6.16      2.88     -6.41    -10.53     -1.46      6.76      1.01
               rw[107]     -6.01      2.87     -6.31    -10.30     -1.40      6.81      1.02
               rw[108]     -5.74      2.91     -6.00    -10.19     -1.09      6.67      1.02
               rw[109]     -5.60      2.97     -5.79     -9.73     -0.47      6.70      1.01
               rw[110]     -5.53      2.96     -5.70     -9.56     -0.31      6.84      1.02
               rw[111]     -5.53      2.92     -5.81     -9.75     -0.50      6.78      1.02
               rw[112]     -5.51      2.94     -5.79     -9.90     -0.77      6.75      1.01
               rw[113]     -5.51      2.97     -5.93     -9.91     -0.55      6.77      1.02
               rw[114]     -5.46      2.97     -5.76     -9.77     -0.58      6.56      1.01
               rw[115]     -5.45      2.98     -5.75     -9.82     -0.38      6.70      1.01
               rw[116]     -5.45      2.96     -5.82     -9.66     -0.47      6.59      1.01
               rw[117]     -5.47      2.96     -5.74     -9.80     -0.67      6.62      1.02
               rw[118]     -5.48      2.98     -5.79    -10.25     -0.90      6.62      1.02
               rw[119]     -5.53      2.94     -5.93     -9.70     -0.54      6.76      1.02
               rw[120]     -5.48      2.93     -5.87     -9.50     -0.63      6.66      1.02
               rw[121]     -5.37      2.94     -5.92     -9.51     -0.55      6.24      1.02
               rw[122]     -5.30      2.92     -5.73     -9.74     -0.70      6.38      1.01
               rw[123]     -5.21      2.95     -5.62     -9.35     -0.26      6.47      1.01
               rw[124]     -5.14      2.96     -5.67     -9.71     -0.57      6.45      1.02
               rw[125]     -5.21      2.94     -5.63     -9.74     -0.59      6.50      1.01
               rw[126]     -5.33      2.95     -5.74     -9.60     -0.37      6.37      1.01
               rw[127]     -5.45      2.95     -5.83     -9.97     -0.87      6.27      1.02
               rw[128]     -5.56      2.92     -5.96     -9.72     -0.76      6.42      1.01
               rw[129]     -5.73      2.96     -6.07    -10.01     -0.88      6.45      1.01
               rw[130]     -5.89      2.96     -6.31    -10.66     -1.21      6.42      1.01
               rw[131]     -6.06      2.92     -6.48    -10.51     -1.41      6.51      1.01
               rw[132]     -6.21      2.96     -6.57    -10.43     -1.16      6.31      1.01
               rw[133]     -6.40      2.98     -6.82    -10.95     -1.80      6.44      1.01
               rw[134]     -6.57      2.94     -6.99    -11.03     -1.85      6.51      1.01
               rw[135]     -6.70      2.99     -7.17    -10.66     -1.48      6.59      1.01
               rw[136]     -6.86      2.95     -7.32    -10.88     -1.76      6.58      1.01
               rw[137]     -6.86      3.00     -7.28    -10.89     -1.71      6.44      1.01
               rw[138]     -6.94      2.99     -7.33    -11.23     -1.98      6.42      1.01
               rw[139]     -7.01      2.96     -7.41    -11.15     -2.05      6.24      1.02
               rw[140]     -7.10      2.95     -7.42    -11.48     -2.28      6.34      1.02
               rw[141]     -7.19      2.93     -7.45    -11.33     -2.30      6.49      1.01
               rw[142]     -7.18      2.91     -7.55    -11.36     -2.51      6.39      1.01
               rw[143]     -7.22      2.93     -7.63    -11.41     -2.51      6.29      1.01
               rw[144]     -7.20      2.95     -7.57    -11.25     -2.16      6.17      1.02
               rw[145]     -7.21      2.98     -7.56    -11.68     -2.41      6.46      1.02
               rw[146]     -7.27      2.95     -7.57    -11.67     -2.48      6.41      1.02
               rw[147]     -7.32      2.92     -7.46    -11.81     -2.76      6.48      1.01
               rw[148]     -7.41      2.97     -7.71    -11.54     -2.40      6.39      1.02
               rw[149]     -7.49      2.99     -7.82    -12.14     -2.73      6.47      1.02
               rw[150]     -7.52      2.99     -7.91    -11.76     -2.46      6.50      1.02
               rw[151]     -7.55      2.95     -7.82    -11.80     -2.60      6.49      1.02
               rw[152]     -7.51      2.98     -7.90    -11.70     -2.53      6.44      1.02
               rw[153]     -7.58      3.02     -8.02    -12.04     -2.83      6.50      1.02
               rw[154]     -7.67      3.01     -8.03    -12.07     -3.02      6.58      1.02
               rw[155]     -7.73      2.98     -8.17    -12.06     -2.91      6.62      1.02
               rw[156]     -7.75      2.99     -8.09    -11.93     -2.68      6.42      1.02
               rw[157]     -7.71      2.98     -8.05    -12.00     -2.81      6.43      1.02
               rw[158]     -7.65      2.98     -7.96    -11.85     -2.60      6.46      1.02
               rw[159]     -7.48      2.99     -7.88    -11.64     -2.61      6.45      1.02
               rw[160]     -7.21      3.03     -7.52    -11.60     -2.33      6.58      1.02
               rw[161]     -6.95      3.02     -7.22    -11.06     -1.69      6.74      1.02
               rw[162]     -6.68      3.04     -7.19    -10.93     -1.45      6.66      1.02
               rw[163]     -6.43      2.96     -6.71    -10.73     -1.61      6.75      1.02
               rw[164]     -6.25      2.93     -6.64    -10.33     -1.22      6.69      1.02
               rw[165]     -6.12      2.94     -6.54    -10.19     -1.23      6.53      1.02
               rw[166]     -6.07      2.93     -6.40    -10.07     -1.02      6.59      1.02
               rw[167]     -6.10      2.88     -6.43    -10.45     -1.46      6.64      1.02
               rw[168]     -6.10      2.87     -6.54     -9.97     -0.95      6.52      1.02
               rw[169]     -6.13      2.90     -6.53    -10.18     -1.19      6.56      1.02
               rw[170]     -6.08      2.91     -6.59    -10.07     -0.89      6.50      1.02
               rw[171]     -6.08      2.91     -6.52    -10.10     -1.11      6.55      1.02
               rw[172]     -6.07      2.93     -6.41    -10.61     -1.45      6.53      1.02
               rw[173]     -6.23      2.92     -6.55    -10.30     -1.36      6.42      1.02
               rw[174]     -6.46      2.94     -6.87    -10.54     -1.58      6.50      1.02
               rw[175]     -6.71      2.95     -7.09    -11.38     -2.27      6.54      1.02
               rw[176]     -7.05      2.96     -7.44    -11.26     -2.06      6.51      1.02
               rw[177]     -7.33      2.97     -7.59    -11.82     -2.55      6.63      1.02
               rw[178]     -7.54      2.98     -7.88    -11.86     -2.64      6.53      1.02
               rw[179]     -7.67      3.00     -7.99    -11.95     -2.53      6.54      1.02
               rw[180]     -7.67      3.02     -8.00    -11.88     -2.38      6.78      1.02
               rw[181]     -7.66      2.97     -8.02    -11.76     -2.66      6.85      1.02
               rw[182]     -7.57      3.00     -7.90    -11.98     -2.60      6.69      1.02
               rw[183]     -7.51      3.00     -7.83    -11.73     -2.40      6.60      1.02
               rw[184]     -7.31      2.94     -7.50    -11.38     -2.19      6.61      1.02
               rw[185]     -7.09      2.96     -7.39    -11.74     -2.50      6.47      1.02
               rw[186]     -6.82      2.96     -7.21    -11.64     -2.34      6.51      1.02
               rw[187]     -6.59      2.92     -6.85    -10.94     -1.82      6.42      1.02
               rw[188]     -6.47      2.90     -6.73    -10.72     -1.59      6.42      1.01
               rw[189]     -6.35      2.93     -6.64    -10.90     -1.80      6.52      1.02
               rw[190]     -6.28      2.93     -6.66    -10.60     -1.41      6.54      1.02
               rw[191]     -6.24      2.90     -6.79    -10.68     -1.65      6.40      1.02
               rw[192]     -6.17      2.92     -6.53    -10.62     -1.49      6.44      1.02
               rw[193]     -6.08      2.89     -6.48    -10.17     -1.07      6.50      1.01
               rw[194]     -6.03      2.90     -6.46    -10.44     -1.37      6.53      1.02
               rw[195]     -5.96      2.92     -6.55    -10.03     -1.12      6.39      1.02
               rw[196]     -5.91      2.87     -6.40    -10.24     -1.44      6.36      1.02
               rw[197]     -5.88      2.90     -6.29    -10.04     -1.20      6.33      1.01
               rw[198]     -5.85      2.92     -6.24    -10.10     -1.08      6.26      1.01
               rw[199]     -5.78      2.96     -6.17    -10.70     -1.47      6.26      1.01
               rw[200]     -5.67      2.96     -6.06    -10.16     -0.97      6.30      1.02
               rw[201]     -5.61      2.94     -6.13     -9.97     -0.90      6.23      1.02
               rw[202]     -5.66      2.95     -6.10    -10.26     -1.04      6.34      1.02
               rw[203]     -5.83      2.95     -6.12    -10.02     -0.99      6.36      1.02
               rw[204]     -6.01      2.92     -6.44    -10.19     -1.29      6.45      1.02
               rw[205]     -6.08      2.91     -6.59    -10.36     -1.35      6.51      1.02
               rw[206]     -6.08      2.94     -6.45    -10.53     -1.58      6.43      1.02
               rw[207]     -6.10      2.96     -6.51    -10.25     -1.26      6.56      1.02
               rw[208]     -6.12      2.97     -6.49    -10.46     -1.37      6.43      1.02
               rw[209]     -6.19      2.97     -6.67    -10.80     -1.59      6.49      1.02
               rw[210]     -6.27      2.98     -6.78    -10.81     -1.43      6.52      1.02
               rw[211]     -6.33      2.99     -6.87    -10.78     -1.39      6.49      1.02
               rw[212]     -6.38      2.99     -6.72    -10.98     -1.67      6.53      1.02
               rw[213]     -6.33      2.99     -6.73    -11.08     -1.66      6.57      1.02
               rw[214]     -6.24      2.96     -6.81    -10.31     -1.11      6.48      1.02
               rw[215]     -6.22      2.99     -6.61    -10.82     -1.52      6.47      1.02
               rw[216]     -6.15      2.97     -6.57    -10.56     -1.31      6.34      1.02
               rw[217]     -6.11      3.01     -6.44    -10.34     -1.13      6.47      1.01
               rw[218]     -6.15      2.98     -6.52    -10.47     -1.42      6.44      1.01
               rw[219]     -6.22      2.98     -6.51    -10.58     -1.44      6.31      1.02
               rw[220]     -6.22      2.96     -6.57    -10.95     -1.76      6.30      1.02
               rw[221]     -6.22      3.00     -6.57    -10.45     -1.12      6.55      1.02
               rw[222]     -6.27      2.97     -6.60    -10.83     -1.66      6.60      1.02
               rw[223]     -6.30      3.04     -6.56    -10.70     -1.25      6.81      1.02
               rw[224]     -6.35      3.15     -6.66    -11.09     -1.15      7.16      1.02
               rw[225]     -6.43      3.17     -6.64    -11.70     -1.66      7.62      1.02
               rw[226]     -6.47      3.31     -6.65    -11.49     -0.94      8.34      1.02
               rw[227]     -6.49      3.47     -6.80    -11.59     -0.59      9.01      1.02
                 sigma      0.22      0.02      0.22      0.19      0.26    692.98      1.00

Number of divergences: 0
