
                            mean       std    median      5.0%     95.0%     n_eff     r_hat
                    D0     24.56      0.00     24.56     24.56     24.56      3.92      1.48
                    E0      4.65      0.00      4.65      4.65      4.65      0.50       nan
                    H0      1.01      0.00      1.01      1.01      1.01      0.50      1.00
                    I0    208.27      0.00    208.27    208.27    208.27     47.24      1.01
                 beta0      0.19      0.00      0.19      0.19      0.19      0.50      1.00
  confirmed_dispersion      0.61      0.00      0.61      0.61      0.61      3.67      1.52
      death_dispersion      0.50      0.00      0.50      0.50      0.50      7.29      1.02
            death_prob      0.01      0.00      0.01      0.01      0.01      0.50      1.00
            death_rate      0.04      0.00      0.04      0.04      0.04      0.50      1.00
           det_prob[0]      0.25      0.00      0.25      0.25      0.25      0.50      1.00
           det_prob[1]      0.26      0.00      0.26      0.26      0.26      0.50      1.00
           det_prob[2]      0.29      0.00      0.29      0.29      0.29      3.88      1.32
           det_prob[3]      0.31      0.00      0.31      0.31      0.31      4.01      1.51
           det_prob[4]      0.31      0.00      0.31      0.31      0.31      2.95      2.19
           det_prob[5]      0.31      0.00      0.31      0.31      0.31      3.35      1.35
           det_prob[6]      0.34      0.00      0.34      0.34      0.34      6.78      1.05
           det_prob[7]      0.26      0.00      0.26      0.26      0.26      0.50      1.00
           det_prob[8]      0.21      0.00      0.21      0.21      0.21      0.50      1.00
           det_prob[9]      0.18      0.00      0.18      0.18      0.18      0.50      1.00
          det_prob[10]      0.19      0.00      0.19      0.19      0.19      0.50      1.00
          det_prob[11]      0.21      0.00      0.21      0.21      0.21      0.50      1.00
          det_prob[12]      0.28      0.00      0.28      0.28      0.28      3.72      1.66
          det_prob[13]      0.32      0.00      0.32      0.32      0.32      3.32      1.84
          det_prob[14]      0.33      0.00      0.33      0.33      0.33      3.97      1.58
          det_prob[15]      0.42      0.00      0.42      0.42      0.42     10.87      1.02
          det_prob[16]      0.52      0.00      0.52      0.52      0.52      3.62      1.46
          det_prob[17]      0.56      0.00      0.56      0.56      0.56      3.87      1.69
          det_prob[18]      0.50      0.00      0.50      0.50      0.50      6.36      1.42
          det_prob[19]      0.49      0.00      0.49      0.49      0.49      9.03      1.02
          det_prob[20]      0.55      0.00      0.55      0.55      0.55      3.00      2.26
          det_prob[21]      0.44      0.00      0.44      0.44      0.44      4.06      1.67
          det_prob[22]      0.44      0.00      0.44      0.44      0.44      4.58      1.33
          det_prob[23]      0.48      0.00      0.48      0.48      0.48      8.50      1.12
          det_prob[24]      0.40      0.00      0.40      0.40      0.40      5.64      1.20
          det_prob[25]      0.47      0.00      0.47      0.47      0.47      2.98      2.12
          det_prob[26]      0.46      0.00      0.46      0.46      0.46      3.47      1.47
          det_prob[27]      0.44      0.00      0.44      0.44      0.44      8.01      1.32
          det_prob[28]      0.50      0.00      0.50      0.50      0.50      6.39      1.01
          det_prob[29]      0.47      0.00      0.47      0.47      0.47      3.13      1.85
          det_prob[30]      0.52      0.00      0.52      0.52      0.52      3.13      1.69
          det_prob[31]      0.51      0.00      0.51      0.51      0.51      4.30      1.44
          det_prob[32]      0.50      0.00      0.50      0.50      0.50      5.55      1.14
          det_prob[33]      0.53      0.00      0.53      0.53      0.53     20.70      1.07
          det_prob[34]      0.56      0.00      0.56      0.56      0.56      5.43      1.42
          det_prob[35]      0.54      0.00      0.54      0.54      0.54     14.05      1.04
          det_prob[36]      0.50      0.00      0.50      0.50      0.50      3.85      1.53
          det_prob[37]      0.48      0.00      0.48      0.48      0.48      3.78      1.70
          det_prob[38]      0.44      0.00      0.44      0.44      0.44      5.51      1.29
          det_prob[39]      0.43      0.00      0.43      0.43      0.43      3.02      1.93
          det_prob[40]      0.40      0.00      0.40      0.40      0.40      3.28      1.78
          det_prob[41]      0.36      0.00      0.36      0.36      0.36      2.93      1.80
          det_prob[42]      0.45      0.00      0.45      0.45      0.45      4.73      1.56
          det_prob[43]      0.42      0.00      0.42      0.42      0.42      3.63      1.75
          det_prob[44]      0.45      0.00      0.45      0.45      0.45      7.79      1.05
          det_prob[45]      0.49      0.00      0.49      0.49      0.49      3.65      1.50
          det_prob[46]      0.44      0.00      0.44      0.44      0.44      6.80      1.01
          det_prob[47]      0.42      0.00      0.42      0.42      0.42      2.37      2.93
          det_prob[48]      0.42      0.00      0.42      0.42      0.42      4.71      1.58
          det_prob[49]      0.37      0.00      0.37      0.37      0.37      4.02      1.58
          det_prob[50]      0.36      0.00      0.36      0.36      0.36      3.19      1.99
          det_prob[51]      0.34      0.00      0.34      0.34      0.34     16.19      1.01
          det_prob[52]      0.44      0.00      0.44      0.44      0.44      4.59      1.43
          det_prob[53]      0.45      0.00      0.45      0.45      0.45      3.70      1.48
          det_prob[54]      0.48      0.00      0.48      0.48      0.48      3.62      1.70
          det_prob[55]      0.51      0.00      0.51      0.51      0.51      3.36      1.68
          det_prob[56]      0.58      0.00      0.58      0.58      0.58      2.29      1.20
          det_prob[57]      0.64      0.00      0.64      0.64      0.64      2.71      1.88
          det_prob[58]      0.54      0.00      0.54      0.54      0.54      6.99      1.31
          det_prob[59]      0.46      0.00      0.46      0.46      0.46      4.72      1.53
          det_prob[60]      0.46      0.00      0.46      0.46      0.46      3.18      1.71
          det_prob[61]      0.46      0.00      0.46      0.46      0.46      3.25      1.79
          det_prob[62]      0.52      0.00      0.52      0.52      0.52      3.29      1.80
          det_prob[63]      0.54      0.00      0.54      0.54      0.54      3.16      1.83
          det_prob[64]      0.49      0.00      0.49      0.49      0.49      2.88      1.86
          det_prob[65]      0.54      0.00      0.54      0.54      0.54      6.65      1.00
          det_prob[66]      0.49      0.00      0.49      0.49      0.49      4.22      1.53
          det_prob[67]      0.58      0.00      0.58      0.58      0.58      5.41      1.01
          det_prob[68]      0.52      0.00      0.52      0.52      0.52      5.35      1.10
          det_prob[69]      0.49      0.00      0.49      0.49      0.49      5.79      1.00
          det_prob[70]      0.40      0.00      0.40      0.40      0.40     14.25      1.01
          det_prob[71]      0.43      0.00      0.43      0.43      0.43      7.59      1.00
          det_prob[72]      0.41      0.00      0.41      0.41      0.41      3.67      1.80
          det_prob[73]      0.36      0.00      0.36      0.36      0.36     10.66      1.00
          det_prob[74]      0.42      0.00      0.42      0.42      0.42      4.83      1.27
          det_prob[75]      0.47      0.00      0.47      0.47      0.47      8.09      1.00
          det_prob[76]      0.58      0.00      0.58      0.58      0.58      6.38      1.01
          det_prob[77]      0.58      0.00      0.58      0.58      0.58      4.64      1.50
          det_prob[78]      0.58      0.00      0.58      0.58      0.58      3.51      1.53
          det_prob[79]      0.56      0.00      0.56      0.56      0.56      8.30      1.00
          det_prob[80]      0.48      0.00      0.48      0.48      0.48      4.29      1.94
          det_prob[81]      0.53      0.00      0.53      0.53      0.53      5.03      1.45
          det_prob[82]      0.55      0.00      0.55      0.55      0.55      4.19      1.00
          det_prob[83]      0.50      0.00      0.50      0.50      0.50      5.36      1.02
          det_prob[84]      0.44      0.00      0.44      0.44      0.44     11.95      1.36
          det_prob[85]      0.54      0.00      0.54      0.54      0.54      4.22      1.94
          det_prob[86]      0.54      0.00      0.54      0.54      0.54      7.82      1.19
          det_prob[87]      0.55      0.00      0.55      0.55      0.55      3.56      1.83
          det_prob[88]      0.58      0.00      0.58      0.58      0.58     10.80      1.01
          det_prob[89]      0.53      0.00      0.53      0.53      0.53      4.91      1.08
          det_prob[90]      0.45      0.00      0.45      0.45      0.45      3.84      1.91
          det_prob[91]      0.46      0.00      0.46      0.46      0.46      2.95      2.02
          det_prob[92]      0.50      0.00      0.50      0.50      0.50     12.63      1.04
          det_prob[93]      0.55      0.00      0.55      0.55      0.55      6.93      1.01
          det_prob[94]      0.56      0.00      0.56      0.56      0.56     19.52      1.01
          det_prob[95]      0.56      0.00      0.56      0.56      0.56      2.78      2.10
          det_prob[96]      0.56      0.00      0.56      0.56      0.56     10.99      1.19
          det_prob[97]      0.64      0.00      0.64      0.64      0.64      5.30      1.40
          det_prob[98]      0.65      0.00      0.65      0.65      0.65      4.33      1.42
          det_prob[99]      0.62      0.00      0.62      0.62      0.62     10.37      1.34
         det_prob[100]      0.57      0.00      0.57      0.57      0.57      3.78      1.56
         det_prob[101]      0.61      0.00      0.61      0.61      0.61      5.32      1.19
         det_prob[102]      0.61      0.00      0.61      0.61      0.61     28.79      1.12
         det_prob[103]      0.60      0.00      0.60      0.60      0.60     10.42      1.05
         det_prob[104]      0.59      0.00      0.59      0.59      0.59      5.10      1.27
         det_prob[105]      0.54      0.00      0.54      0.54      0.54      7.67      1.26
         det_prob[106]      0.47      0.00      0.47      0.47      0.47      4.05      1.54
         det_prob[107]      0.49      0.00      0.49      0.49      0.49      3.10      1.85
         det_prob[108]      0.59      0.00      0.59      0.59      0.59      3.60      1.68
         det_prob[109]      0.62      0.00      0.62      0.62      0.62      6.61      1.19
         det_prob[110]      0.65      0.00      0.65      0.65      0.65      2.68      2.21
         det_prob[111]      0.63      0.00      0.63      0.63      0.63     12.75      1.18
         det_prob[112]      0.57      0.00      0.57      0.57      0.57      5.11      1.02
         det_prob[113]      0.46      0.00      0.46      0.46      0.46      9.45      1.21
         det_prob[114]      0.43      0.00      0.43      0.43      0.43      3.61      1.95
         det_prob[115]      0.44      0.00      0.44      0.44      0.44      2.95      1.94
         det_prob[116]      0.39      0.00      0.39      0.39      0.39      5.74      1.48
         det_prob[117]      0.43      0.00      0.43      0.43      0.43      7.87      1.27
         det_prob[118]      0.46      0.00      0.46      0.46      0.46      6.85      1.23
         det_prob[119]      0.48      0.00      0.48      0.48      0.48      7.19      1.11
         det_prob[120]      0.42      0.00      0.42      0.42      0.42      6.28      1.31
         det_prob[121]      0.46      0.00      0.46      0.46      0.46      8.26      1.01
         det_prob[122]      0.50      0.00      0.50      0.50      0.50      4.17      1.34
         det_prob[123]      0.47      0.00      0.47      0.47      0.47      3.06      2.22
         det_prob[124]      0.47      0.00      0.47      0.47      0.47     13.42      1.06
         det_prob[125]      0.49      0.00      0.49      0.49      0.49      3.33      1.73
         det_prob[126]      0.51      0.00      0.51      0.51      0.51      3.72      1.56
         det_prob[127]      0.45      0.00      0.45      0.45      0.45      5.99      1.34
         det_prob[128]      0.51      0.00      0.51      0.51      0.51      8.56      1.11
         det_prob[129]      0.53      0.00      0.53      0.53      0.53      3.76      1.46
         det_prob[130]      0.41      0.00      0.41      0.41      0.41      4.11      1.33
         det_prob[131]      0.38      0.00      0.38      0.38      0.38      6.44      1.34
         det_prob[132]      0.42      0.00      0.42      0.42      0.42      6.49      1.04
         det_prob[133]      0.44      0.00      0.44      0.44      0.44      7.45      1.08
         det_prob[134]      0.50      0.00      0.50      0.50      0.50      3.67      1.34
         det_prob[135]      0.51      0.00      0.51      0.51      0.51      3.53      1.66
         det_prob[136]      0.56      0.00      0.56      0.56      0.56      9.87      1.00
         det_prob[137]      0.57      0.00      0.57      0.57      0.57      3.75      1.22
         det_prob[138]      0.52      0.00      0.52      0.52      0.52      4.45      1.35
         det_prob[139]      0.53      0.00      0.53      0.53      0.53      5.03      1.24
         det_prob[140]      0.55      0.00      0.55      0.55      0.55      8.53      1.15
         det_prob[141]      0.48      0.00      0.48      0.48      0.48      3.43      1.79
         det_prob[142]      0.49      0.00      0.49      0.49      0.49      3.55      1.72
         det_prob[143]      0.51      0.00      0.51      0.51      0.51      3.28      1.77
         det_prob[144]      0.53      0.00      0.53      0.53      0.53      9.37      1.05
         det_prob[145]      0.57      0.00      0.57      0.57      0.57      3.76      1.64
         det_prob[146]      0.53      0.00      0.53      0.53      0.53      3.54      1.69
         det_prob[147]      0.53      0.00      0.53      0.53      0.53      6.87      1.01
         det_prob[148]      0.53      0.00      0.53      0.53      0.53      2.97      2.06
         det_prob[149]      0.49      0.00      0.49      0.49      0.49      4.78      1.08
         det_prob[150]      0.51      0.00      0.51      0.51      0.51      5.69      1.24
         det_prob[151]      0.51      0.00      0.51      0.51      0.51     10.31      1.00
         det_prob[152]      0.65      0.00      0.65      0.65      0.65      4.78      1.02
         det_prob[153]      0.66      0.00      0.66      0.66      0.66      5.68      1.36
         det_prob[154]      0.74      0.00      0.74      0.74      0.74      0.50      1.00
         det_prob[155]      0.70      0.00      0.70      0.70      0.70      5.98      1.00
         det_prob[156]      0.68      0.00      0.68      0.68      0.68      3.89      1.44
         det_prob[157]      0.63      0.00      0.63      0.63      0.63      2.88      1.79
         det_prob[158]      0.64      0.00      0.64      0.64      0.64      2.64      2.08
         det_prob[159]      0.67      0.00      0.67      0.67      0.67      8.28      1.00
         det_prob[160]      0.69      0.00      0.69      0.69      0.69      2.14      2.52
         det_prob[161]      0.65      0.00      0.65      0.65      0.65     12.10      1.01
         det_prob[162]      0.64      0.00      0.64      0.64      0.64      7.68      1.05
         det_prob[163]      0.62      0.00      0.62      0.62      0.62      5.72      1.35
         det_prob[164]      0.49      0.00      0.49      0.49      0.49      9.42      1.21
         det_prob[165]      0.51      0.00      0.51      0.51      0.51      4.59      1.43
         det_prob[166]      0.58      0.00      0.58      0.58      0.58      3.04      2.06
         det_prob[167]      0.55      0.00      0.55      0.55      0.55      3.13      1.66
         det_prob[168]      0.46      0.00      0.46      0.46      0.46      2.89      2.08
         det_prob[169]      0.42      0.00      0.42      0.42      0.42      6.05      1.27
         det_prob[170]      0.39      0.00      0.39      0.39      0.39      5.75      1.24
         det_prob[171]      0.38      0.00      0.38      0.38      0.38      3.22      1.58
         det_prob[172]      0.34      0.00      0.34      0.34      0.34      6.39      1.15
         det_prob[173]      0.37      0.00      0.37      0.37      0.37      2.77      2.24
         det_prob[174]      0.41      0.00      0.41      0.41      0.41      4.42      1.38
         det_prob[175]      0.47      0.00      0.47      0.47      0.47      7.18      1.23
         det_prob[176]      0.36      0.00      0.36      0.36      0.36      7.70      1.01
         det_prob[177]      0.42      0.00      0.42      0.42      0.42     12.84      1.01
         det_prob[178]      0.43      0.00      0.43      0.43      0.43      3.76      1.57
         det_prob[179]      0.51      0.00      0.51      0.51      0.51      9.53      1.01
         det_prob[180]      0.52      0.00      0.52      0.52      0.52      6.18      1.31
         det_prob[181]      0.47      0.00      0.47      0.47      0.47      2.94      2.11
         det_prob[182]      0.49      0.00      0.49      0.49      0.49      7.12      1.03
         det_prob[183]      0.45      0.00      0.45      0.45      0.45      6.45      1.45
         det_prob[184]      0.48      0.00      0.48      0.48      0.48     12.52      1.11
         det_prob[185]      0.54      0.00      0.54      0.54      0.54      3.47      1.43
         det_prob[186]      0.54      0.00      0.54      0.54      0.54      4.92      1.00
         det_prob[187]      0.51      0.00      0.51      0.51      0.51      4.29      1.43
         det_prob[188]      0.49      0.00      0.49      0.49      0.49      6.91      1.17
         det_prob[189]      0.53      0.00      0.53      0.53      0.53      5.81      1.01
         det_prob[190]      0.58      0.00      0.58      0.58      0.58      2.87      2.18
         det_prob[191]      0.54      0.00      0.54      0.54      0.54      3.42      1.84
         det_prob[192]      0.48      0.00      0.48      0.48      0.48      3.85      1.57
         det_prob[193]      0.47      0.00      0.47      0.47      0.47      2.72      2.30
         det_prob[194]      0.51      0.00      0.51      0.51      0.51      3.00      1.91
         det_prob[195]      0.53      0.00      0.53      0.53      0.53      7.08      1.23
         det_prob[196]      0.54      0.00      0.54      0.54      0.54      3.87      1.49
         det_prob[197]      0.58      0.00      0.58      0.58      0.58      4.72      1.51
         det_prob[198]      0.58      0.00      0.58      0.58      0.58      2.87      1.97
         det_prob[199]      0.63      0.00      0.63      0.63      0.63      3.41      1.58
         det_prob[200]      0.66      0.00      0.66      0.66      0.66      6.36      1.91
         det_prob[201]      0.56      0.00      0.56      0.56      0.56      3.20      1.94
         det_prob[202]      0.52      0.00      0.52      0.52      0.52      4.12      1.27
         det_prob[203]      0.52      0.00      0.52      0.52      0.52      9.75      1.01
         det_prob[204]      0.55      0.00      0.55      0.55      0.55      5.05      1.14
         det_prob[205]      0.54      0.00      0.54      0.54      0.54      4.79      1.41
         det_prob[206]      0.46      0.00      0.46      0.46      0.46      6.17      1.19
         det_prob[207]      0.46      0.00      0.46      0.46      0.46      5.22      1.32
         det_prob[208]      0.57      0.00      0.57      0.57      0.57      4.59      1.48
         det_prob[209]      0.49      0.00      0.49      0.49      0.49      4.73      1.36
         det_prob[210]      0.54      0.00      0.54      0.54      0.54      5.16      1.23
         det_prob[211]      0.59      0.00      0.59      0.59      0.59      5.88      1.17
         det_prob[212]      0.50      0.00      0.50      0.50      0.50      3.71      1.80
         det_prob[213]      0.51      0.00      0.51      0.51      0.51      5.72      1.25
         det_prob[214]      0.52      0.00      0.52      0.52      0.52      4.39      1.37
         det_prob[215]      0.57      0.00      0.57      0.57      0.57      4.40      1.40
         det_prob[216]      0.64      0.00      0.64      0.64      0.64      4.85      1.20
         det_prob[217]      0.53      0.00      0.53      0.53      0.53      2.91      2.16
         det_prob[218]      0.57      0.00      0.57      0.57      0.57     12.49      1.01
         det_prob[219]      0.55      0.00      0.55      0.55      0.55     11.16      1.37
         det_prob[220]      0.58      0.00      0.58      0.58      0.58      6.19      1.17
         det_prob[221]      0.52      0.00      0.52      0.52      0.52      3.82      1.48
         det_prob[222]      0.49      0.00      0.49      0.49      0.49      6.43      1.32
         det_prob[223]      0.46      0.00      0.46      0.46      0.46      3.71      1.73
         det_prob[224]      0.39      0.00      0.39      0.39      0.39      7.00      1.23
         det_prob[225]      0.43      0.00      0.43      0.43      0.43      2.90      1.91
         det_prob[226]      0.55      0.00      0.55      0.55      0.55      7.24      1.18
         det_prob[227]      0.59      0.00      0.59      0.59      0.59      3.55      1.59
             det_prob0      0.21      0.00      0.21      0.21      0.21      0.50      1.00
            det_prob_d      0.90      0.00      0.90      0.90      0.90      0.50      1.00
                 gamma      0.53      0.00      0.53      0.53      0.53      8.54      1.22
                 rw[0]     -0.79      0.00     -0.79     -0.79     -0.79     10.96      1.04
                 rw[1]     -1.06      0.00     -1.06     -1.06     -1.06      0.50      1.00
                 rw[2]     -2.31      0.00     -2.31     -2.31     -2.31      0.50      1.00
                 rw[3]     -1.51      0.00     -1.51     -1.51     -1.51      0.51      1.00
                 rw[4]     -1.04      0.00     -1.04     -1.04     -1.04      0.50      1.00
                 rw[5]     -0.53      0.00     -0.53     -0.53     -0.53      5.20      1.49
                 rw[6]     -1.26      0.00     -1.26     -1.26     -1.26      0.50      1.00
                 rw[7]     -0.43      0.00     -0.43     -0.43     -0.43      7.03      1.09
                 rw[8]      0.73      0.00      0.73      0.73      0.73     12.18      1.13
                 rw[9]      0.11      0.00      0.11      0.11      0.11      3.06      2.09
                rw[10]     -0.39      0.00     -0.39     -0.39     -0.39      6.14      1.31
                rw[11]     -2.13      0.00     -2.13     -2.13     -2.13      0.50      1.00
                rw[12]     -1.51      0.00     -1.51     -1.51     -1.51      0.50      1.00
                rw[13]     -1.79      0.00     -1.79     -1.79     -1.79      0.50      1.00
                rw[14]     -2.14      0.00     -2.14     -2.14     -2.14      0.50      1.00
                rw[15]     -2.35      0.00     -2.35     -2.35     -2.35      0.50      1.00
                rw[16]     -3.05      0.00     -3.05     -3.05     -3.05      0.50      1.00
                rw[17]     -2.16      0.00     -2.16     -2.16     -2.16      0.50      1.00
                rw[18]     -3.10      0.00     -3.10     -3.10     -3.10      0.50      1.00
                rw[19]     -3.66      0.00     -3.66     -3.66     -3.66      0.50      1.00
                rw[20]     -1.99      0.00     -1.99     -1.99     -1.99      0.50      1.00
                rw[21]     -2.81      0.00     -2.81     -2.81     -2.81      0.50      1.00
                rw[22]     -1.00      0.00     -1.00     -1.00     -1.00      0.50      1.00
                rw[23]     -1.68      0.00     -1.68     -1.68     -1.68      0.50      1.00
                rw[24]     -1.40      0.00     -1.40     -1.40     -1.40      0.50      1.00
                rw[25]     -2.05      0.00     -2.05     -2.05     -2.05      0.50      1.00
                rw[26]     -1.76      0.00     -1.76     -1.76     -1.76      0.50      1.00
                rw[27]     -3.47      0.00     -3.47     -3.47     -3.47      0.50      1.00
                rw[28]     -1.46      0.00     -1.46     -1.46     -1.46      0.50      1.00
                rw[29]     -1.25      0.00     -1.25     -1.25     -1.25      2.85      1.04
                rw[30]     -1.47      0.00     -1.47     -1.47     -1.47      7.03      1.45
                rw[31]     -1.25      0.00     -1.25     -1.25     -1.25      0.51      1.00
                rw[32]     -1.31      0.00     -1.31     -1.31     -1.31      0.50      1.00
                rw[33]      0.32      0.00      0.32      0.32      0.32      5.54      1.22
                rw[34]      0.20      0.00      0.20      0.20      0.20      3.30      1.99
                rw[35]     -1.11      0.00     -1.11     -1.11     -1.11      0.50      1.00
                rw[36]     -1.61      0.00     -1.61     -1.61     -1.61      0.50      1.00
                rw[37]     -2.32      0.00     -2.32     -2.32     -2.32      0.50      1.00
                rw[38]     -1.01      0.00     -1.01     -1.01     -1.01      0.58      2.07
                rw[39]     -0.95      0.00     -0.95     -0.95     -0.95      6.19      1.33
                rw[40]      1.26      0.00      1.26      1.26      1.26      0.50      1.00
                rw[41]      0.48      0.00      0.48      0.48      0.48      3.73      1.60
                rw[42]      1.11      0.00      1.11      1.11      1.11      0.50      1.00
                rw[43]      1.03      0.00      1.03      1.03      1.03      0.50      1.00
                rw[44]      0.21      0.00      0.21      0.21      0.21      4.25      1.08
                rw[45]      0.44      0.00      0.44      0.44      0.44      3.27      1.76
                rw[46]      1.29      0.00      1.29      1.29      1.29      0.50      1.00
                rw[47]      1.78      0.00      1.78      1.78      1.78      0.50      1.00
                rw[48]      2.16      0.00      2.16      2.16      2.16      0.50      1.00
                rw[49]      1.75      0.00      1.75      1.75      1.75      0.50      1.00
                rw[50]      1.57      0.00      1.57      1.57      1.57      0.50      1.00
                rw[51]      0.38      0.00      0.38      0.38      0.38      3.62      1.44
                rw[52]     -1.13      0.00     -1.13     -1.13     -1.13      0.50      1.00
                rw[53]     -0.25      0.00     -0.25     -0.25     -0.25      6.92      1.10
                rw[54]      0.84      0.00      0.84      0.84      0.84      4.47      1.47
                rw[55]     -0.37      0.00     -0.37     -0.37     -0.37      4.18      1.64
                rw[56]      0.14      0.00      0.14      0.14      0.14      3.61      1.83
                rw[57]     -0.25      0.00     -0.25     -0.25     -0.25      3.72      1.69
                rw[58]     -1.79      0.00     -1.79     -1.79     -1.79      0.50      1.00
                rw[59]     -2.10      0.00     -2.10     -2.10     -2.10      0.50      1.00
                rw[60]     -0.80      0.00     -0.80     -0.80     -0.80      3.18      1.76
                rw[61]     -1.95      0.00     -1.95     -1.95     -1.95      0.50      1.00
                rw[62]     -1.16      0.00     -1.16     -1.16     -1.16      0.50      1.00
                rw[63]     -0.52      0.00     -0.52     -0.52     -0.52      7.84      1.24
                rw[64]     -1.12      0.00     -1.12     -1.12     -1.12      0.50      1.00
                rw[65]     -1.03      0.00     -1.03     -1.03     -1.03      0.50      1.00
                rw[66]     -1.30      0.00     -1.30     -1.30     -1.30      0.50      1.00
                rw[67]     -1.31      0.00     -1.31     -1.31     -1.31      0.50      1.00
                rw[68]     -2.25      0.00     -2.25     -2.25     -2.25      0.50      1.00
                rw[69]     -1.09      0.00     -1.09     -1.09     -1.09      0.50      1.00
                rw[70]     -2.63      0.00     -2.63     -2.63     -2.63      0.50      1.00
                rw[71]     -2.94      0.00     -2.94     -2.94     -2.94      0.50      1.00
                rw[72]     -2.41      0.00     -2.41     -2.41     -2.41      0.50      1.00
                rw[73]     -3.84      0.00     -3.84     -3.84     -3.84      0.50      1.00
                rw[74]     -3.88      0.00     -3.88     -3.88     -3.88      0.50      1.00
                rw[75]     -3.29      0.00     -3.29     -3.29     -3.29      0.50      1.00
                rw[76]     -3.52      0.00     -3.52     -3.52     -3.52      0.50      1.00
                rw[77]     -4.52      0.00     -4.52     -4.52     -4.52      0.50      1.00
                rw[78]     -4.99      0.00     -4.99     -4.99     -4.99      0.50      1.00
                rw[79]     -4.51      0.00     -4.51     -4.51     -4.51      0.50      1.00
                rw[80]     -4.31      0.00     -4.31     -4.31     -4.31      0.50      1.00
                rw[81]     -3.36      0.00     -3.36     -3.36     -3.36      0.50      1.00
                rw[82]     -3.93      0.00     -3.93     -3.93     -3.93      0.50      1.00
                rw[83]     -4.09      0.00     -4.09     -4.09     -4.09      0.50      1.00
                rw[84]     -3.07      0.00     -3.07     -3.07     -3.07      0.50      1.00
                rw[85]     -2.45      0.00     -2.45     -2.45     -2.45      0.50      1.00
                rw[86]     -3.91      0.00     -3.91     -3.91     -3.91      0.50      1.00
                rw[87]     -3.15      0.00     -3.15     -3.15     -3.15      0.50      1.00
                rw[88]     -4.37      0.00     -4.37     -4.37     -4.37      0.50      1.00
                rw[89]     -3.82      0.00     -3.82     -3.82     -3.82      0.50      1.00
                rw[90]     -2.24      0.00     -2.24     -2.24     -2.24      0.50      1.00
                rw[91]     -2.56      0.00     -2.56     -2.56     -2.56      0.50      1.00
                rw[92]     -2.26      0.00     -2.26     -2.26     -2.26      0.50      1.00
                rw[93]     -2.70      0.00     -2.70     -2.70     -2.70      0.50      1.00
                rw[94]     -2.24      0.00     -2.24     -2.24     -2.24      0.50      1.00
                rw[95]     -2.31      0.00     -2.31     -2.31     -2.31      0.50      1.00
                rw[96]     -1.77      0.00     -1.77     -1.77     -1.77      0.50      1.00
                rw[97]     -2.61      0.00     -2.61     -2.61     -2.61      0.50      1.00
                rw[98]     -2.53      0.00     -2.53     -2.53     -2.53      0.50      1.00
                rw[99]     -2.71      0.00     -2.71     -2.71     -2.71      0.50      1.00
               rw[100]     -2.16      0.00     -2.16     -2.16     -2.16      0.50      1.00
               rw[101]     -0.45      0.00     -0.45     -0.45     -0.45      2.71      2.18
               rw[102]      0.39      0.00      0.39      0.39      0.39     14.22      1.01
               rw[103]     -0.37      0.00     -0.37     -0.37     -0.37      3.26      1.72
               rw[104]     -0.89      0.00     -0.89     -0.89     -0.89      6.29      1.16
               rw[105]     -1.13      0.00     -1.13     -1.13     -1.13      0.50      1.00
               rw[106]     -1.11      0.00     -1.11     -1.11     -1.11      0.50      1.00
               rw[107]     -0.62      0.00     -0.62     -0.62     -0.62      9.16      1.00
               rw[108]     -0.77      0.00     -0.77     -0.77     -0.77     16.61      1.04
               rw[109]     -0.48      0.00     -0.48     -0.48     -0.48     11.27      1.11
               rw[110]     -0.79      0.00     -0.79     -0.79     -0.79      3.17      1.90
               rw[111]     -0.10      0.00     -0.10     -0.10     -0.10      7.36      1.03
               rw[112]      1.24      0.00      1.24      1.24      1.24      0.50      1.00
               rw[113]      1.57      0.00      1.57      1.57      1.57      0.50      1.00
               rw[114]      2.06      0.00      2.06      2.06      2.06      0.50      1.00
               rw[115]      2.81      0.00      2.81      2.81      2.81      0.50      1.00
               rw[116]      2.41      0.00      2.41      2.41      2.41      0.50      1.00
               rw[117]      1.16      0.00      1.16      1.16      1.16      0.50      1.00
               rw[118]      0.10      0.00      0.10      0.10      0.10      4.56      1.44
               rw[119]      0.31      0.00      0.31      0.31      0.31      3.76      1.75
               rw[120]      0.74      0.00      0.74      0.74      0.74      5.66      1.34
               rw[121]     -0.48      0.00     -0.48     -0.48     -0.48      4.56      1.46
               rw[122]     -0.21      0.00     -0.21     -0.21     -0.21      5.50      1.15
               rw[123]      0.28      0.00      0.28      0.28      0.28      5.09      1.59
               rw[124]      0.09      0.00      0.09      0.09      0.09      3.05      1.93
               rw[125]     -1.22      0.00     -1.22     -1.22     -1.22       nan       nan
               rw[126]     -0.72      0.00     -0.72     -0.72     -0.72      9.81      1.01
               rw[127]     -0.27      0.00     -0.27     -0.27     -0.27      7.80      1.03
               rw[128]      0.10      0.00      0.10      0.10      0.10      5.20      1.49
               rw[129]      0.79      0.00      0.79      0.79      0.79      4.34      1.80
               rw[130]     -0.72      0.00     -0.72     -0.72     -0.72      3.44      1.77
               rw[131]     -0.23      0.00     -0.23     -0.23     -0.23      4.10      1.61
               rw[132]     -0.92      0.00     -0.92     -0.92     -0.92     14.04      1.07
               rw[133]     -0.60      0.00     -0.60     -0.60     -0.60      6.95      1.43
               rw[134]     -0.37      0.00     -0.37     -0.37     -0.37      5.20      1.37
               rw[135]      0.54      0.00      0.54      0.54      0.54      5.47      1.14
               rw[136]      0.40      0.00      0.40      0.40      0.40      3.46      2.01
               rw[137]      0.15      0.00      0.15      0.15      0.15      6.95      1.33
               rw[138]     -0.40      0.00     -0.40     -0.40     -0.40      3.63      1.71
               rw[139]     -1.22      0.00     -1.22     -1.22     -1.22      0.50      1.00
               rw[140]     -1.21      0.00     -1.21     -1.21     -1.21      0.50      1.00
               rw[141]     -1.53      0.00     -1.53     -1.53     -1.53      0.50      1.00
               rw[142]     -1.05      0.00     -1.05     -1.05     -1.05      0.50      1.00
               rw[143]     -0.63      0.00     -0.63     -0.63     -0.63      3.98      1.34
               rw[144]     -1.17      0.00     -1.17     -1.17     -1.17      0.50      1.00
               rw[145]     -1.13      0.00     -1.13     -1.13     -1.13      3.91      1.07
               rw[146]     -0.47      0.00     -0.47     -0.47     -0.47     23.13      1.17
               rw[147]     -1.66      0.00     -1.66     -1.66     -1.66      0.50      1.00
               rw[148]     -2.60      0.00     -2.60     -2.60     -2.60      0.50      1.00
               rw[149]     -1.80      0.00     -1.80     -1.80     -1.80      0.50      1.00
               rw[150]     -0.76      0.00     -0.76     -0.76     -0.76      6.32      1.06
               rw[151]      0.81      0.00      0.81      0.81      0.81     17.35      1.05
               rw[152]     -0.43      0.00     -0.43     -0.43     -0.43      4.71      1.39
               rw[153]      0.51      0.00      0.51      0.51      0.51      2.80      2.12
               rw[154]     -0.35      0.00     -0.35     -0.35     -0.35      7.36      1.15
               rw[155]     -0.64      0.00     -0.64     -0.64     -0.64      4.52      1.15
               rw[156]     -1.62      0.00     -1.62     -1.62     -1.62      0.50      1.00
               rw[157]     -0.17      0.00     -0.17     -0.17     -0.17      6.44      1.11
               rw[158]     -1.33      0.00     -1.33     -1.33     -1.33      2.83      1.33
               rw[159]     -1.31      0.00     -1.31     -1.31     -1.31       nan       nan
               rw[160]     -1.88      0.00     -1.88     -1.88     -1.88      0.50      1.00
               rw[161]     -1.08      0.00     -1.08     -1.08     -1.08      0.50      1.00
               rw[162]     -1.10      0.00     -1.10     -1.10     -1.10      0.50      1.00
               rw[163]     -1.03      0.00     -1.03     -1.03     -1.03      0.50      1.00
               rw[164]     -0.63      0.00     -0.63     -0.63     -0.63     13.93      1.00
               rw[165]     -0.53      0.00     -0.53     -0.53     -0.53      7.84      1.01
               rw[166]     -0.64      0.00     -0.64     -0.64     -0.64      3.26      1.58
               rw[167]      1.05      0.00      1.05      1.05      1.05      0.50      1.00
               rw[168]      1.66      0.00      1.66      1.66      1.66      0.50      1.00
               rw[169]     -0.03      0.00     -0.03     -0.03     -0.03      5.16      1.09
               rw[170]     -0.34      0.00     -0.34     -0.34     -0.34     15.99      1.08
               rw[171]     -0.04      0.00     -0.04     -0.04     -0.04      3.55      1.54
               rw[172]     -0.70      0.00     -0.70     -0.70     -0.70      3.92      1.61
               rw[173]      0.56      0.00      0.56      0.56      0.56      4.51      1.49
               rw[174]      0.20      0.00      0.20      0.20      0.20     13.49      1.35
               rw[175]      0.54      0.00      0.54      0.54      0.54      5.40      1.16
               rw[176]      1.32      0.00      1.32      1.32      1.32      0.50      1.00
               rw[177]      2.15      0.00      2.15      2.15      2.15      0.50      1.00
               rw[178]      1.15      0.00      1.15      1.15      1.15      0.50      1.00
               rw[179]     -0.70      0.00     -0.70     -0.70     -0.70      5.45      1.32
               rw[180]      1.06      0.00      1.06      1.06      1.06      0.50      1.00
               rw[181]      2.71      0.00      2.71      2.71      2.71      0.50      1.00
               rw[182]      2.61      0.00      2.61      2.61      2.61      0.50      1.00
               rw[183]      1.37      0.00      1.37      1.37      1.37      0.50      1.00
               rw[184]      1.79      0.00      1.79      1.79      1.79      0.50      1.00
               rw[185]      1.28      0.00      1.28      1.28      1.28      0.50      1.00
               rw[186]      2.63      0.00      2.63      2.63      2.63      0.50      1.00
               rw[187]      2.28      0.00      2.28      2.28      2.28      0.50      1.00
               rw[188]      1.99      0.00      1.99      1.99      1.99      0.50      1.00
               rw[189]      2.14      0.00      2.14      2.14      2.14      0.50      1.00
               rw[190]      1.15      0.00      1.15      1.15      1.15      0.79      1.00
               rw[191]      2.76      0.00      2.76      2.76      2.76      0.50      1.00
               rw[192]      2.79      0.00      2.79      2.79      2.79      0.50      1.00
               rw[193]      2.50      0.00      2.50      2.50      2.50      0.50      1.00
               rw[194]      2.62      0.00      2.62      2.62      2.62      0.50      1.00
               rw[195]      2.67      0.00      2.67      2.67      2.67      0.50      1.00
               rw[196]      2.32      0.00      2.32      2.32      2.32      0.50      1.00
               rw[197]      1.58      0.00      1.58      1.58      1.58      0.50      1.00
               rw[198]      1.20      0.00      1.20      1.20      1.20      0.50      1.00
               rw[199]      1.62      0.00      1.62      1.62      1.62      0.50      1.00
               rw[200]      1.82      0.00      1.82      1.82      1.82      0.50      1.00
               rw[201]      0.53      0.00      0.53      0.53      0.53     15.75      1.14
               rw[202]      0.52      0.00      0.52      0.52      0.52      5.76      1.50
               rw[203]     -0.08      0.00     -0.08     -0.08     -0.08      3.40      1.54
               rw[204]      0.54      0.00      0.54      0.54      0.54     10.32      1.01
               rw[205]      0.64      0.00      0.64      0.64      0.64      3.29      1.56
               rw[206]      2.01      0.00      2.01      2.01      2.01      0.50      1.00
               rw[207]      1.56      0.00      1.56      1.56      1.56      0.50      1.00
               rw[208]      1.92      0.00      1.92      1.92      1.92      0.50      1.00
               rw[209]      3.72      0.00      3.72      3.72      3.72      0.50      1.00
               rw[210]      3.01      0.00      3.01      3.01      3.01      0.50      1.00
               rw[211]      1.58      0.00      1.58      1.58      1.58      0.50      1.00
               rw[212]      2.33      0.00      2.33      2.33      2.33      0.50      1.00
               rw[213]      1.21      0.00      1.21      1.21      1.21      0.52      1.02
               rw[214]      1.27      0.00      1.27      1.27      1.27      0.50      1.00
               rw[215]      0.47      0.00      0.47      0.47      0.47     14.27      1.17
               rw[216]      1.01      0.00      1.01      1.01      1.01      0.50      1.00
               rw[217]      1.01      0.00      1.01      1.01      1.01      0.50      1.00
               rw[218]      0.98      0.00      0.98      0.98      0.98      3.03      1.96
               rw[219]      0.21      0.00      0.21      0.21      0.21      3.81      1.78
               rw[220]      1.04      0.00      1.04      1.04      1.04      0.50      1.00
               rw[221]      0.97      0.00      0.97      0.97      0.97      5.44      1.01
               rw[222]     -0.73      0.00     -0.73     -0.73     -0.73      2.96      1.90
               rw[223]     -0.84      0.00     -0.84     -0.84     -0.84      2.91      2.01
               rw[224]     -0.31      0.00     -0.31     -0.31     -0.31     10.27      1.03
               rw[225]     -0.50      0.00     -0.50     -0.50     -0.50      9.11      1.18
               rw[226]     -0.87      0.00     -0.87     -0.87     -0.87      3.45      1.58
               rw[227]     -0.18      0.00     -0.18     -0.18     -0.18      3.79      1.49
                 sigma      0.25      0.00      0.25      0.25      0.25       nan       nan

Number of divergences: 761
