
                            mean       std    median      5.0%     95.0%     n_eff     r_hat
                    D0      1.45      5.56      0.57      0.00      2.99    636.00      1.00
                    E0     12.85     12.21      9.42      0.04     27.83    148.47      1.00
                    H0      1.28      1.26      0.92      0.00      2.79    915.53      1.00
                    I0      6.79      7.28      4.64      0.13     14.81    140.02      1.01
                 beta0      1.51      0.73      1.51      0.49      2.48      6.25      1.01
  confirmed_dispersion      0.16      0.02      0.16      0.12      0.20    555.92      1.00
      death_dispersion      0.61      0.04      0.61      0.53      0.67    691.62      1.00
            death_prob      0.02      0.00      0.02      0.02      0.03     14.92      1.08
            death_rate      0.05      0.01      0.05      0.04      0.06     18.29      1.10
           det_prob[0]      0.23      0.06      0.23      0.13      0.33    101.77      1.02
           det_prob[1]      0.22      0.06      0.22      0.12      0.32     79.58      1.02
           det_prob[2]      0.21      0.07      0.20      0.10      0.31     86.23      1.02
           det_prob[3]      0.19      0.07      0.19      0.09      0.29     68.46      1.02
           det_prob[4]      0.18      0.07      0.17      0.08      0.28     48.40      1.03
           det_prob[5]      0.17      0.07      0.16      0.08      0.26     37.89      1.03
           det_prob[6]      0.16      0.06      0.15      0.07      0.25     34.87      1.04
           det_prob[7]      0.15      0.06      0.14      0.06      0.24     27.95      1.04
           det_prob[8]      0.14      0.06      0.13      0.06      0.22     22.13      1.05
           det_prob[9]      0.14      0.05      0.13      0.05      0.21     18.11      1.05
          det_prob[10]      0.13      0.05      0.12      0.05      0.21     16.41      1.06
          det_prob[11]      0.13      0.05      0.12      0.05      0.20     14.78      1.08
          det_prob[12]      0.13      0.05      0.12      0.05      0.20     14.74      1.08
          det_prob[13]      0.13      0.05      0.13      0.06      0.20     14.32      1.09
          det_prob[14]      0.14      0.05      0.14      0.06      0.21     14.25      1.09
          det_prob[15]      0.15      0.05      0.14      0.07      0.22     14.27      1.10
          det_prob[16]      0.16      0.05      0.15      0.08      0.24     14.52      1.11
          det_prob[17]      0.16      0.05      0.16      0.09      0.25     13.60      1.12
          det_prob[18]      0.17      0.06      0.16      0.09      0.26     14.26      1.13
          det_prob[19]      0.18      0.06      0.17      0.09      0.26     14.30      1.14
          det_prob[20]      0.18      0.06      0.17      0.09      0.27     12.92      1.15
          det_prob[21]      0.18      0.06      0.17      0.09      0.27     14.49      1.15
          det_prob[22]      0.19      0.06      0.18      0.09      0.29     14.43      1.15
          det_prob[23]      0.19      0.06      0.18      0.10      0.29     14.95      1.14
          det_prob[24]      0.20      0.07      0.19      0.10      0.31     14.87      1.15
          det_prob[25]      0.20      0.07      0.19      0.10      0.31     15.80      1.14
          det_prob[26]      0.20      0.07      0.19      0.09      0.31     16.46      1.15
          det_prob[27]      0.20      0.07      0.19      0.10      0.31     15.27      1.15
          det_prob[28]      0.21      0.07      0.20      0.11      0.33     16.46      1.14
          det_prob[29]      0.22      0.07      0.21      0.12      0.34     15.26      1.13
          det_prob[30]      0.23      0.07      0.21      0.12      0.35     14.59      1.14
          det_prob[31]      0.23      0.07      0.22      0.12      0.36     14.12      1.13
          det_prob[32]      0.23      0.08      0.21      0.11      0.35     15.11      1.11
          det_prob[33]      0.23      0.08      0.21      0.12      0.36     16.32      1.12
          det_prob[34]      0.23      0.08      0.22      0.11      0.36     16.35      1.10
          det_prob[35]      0.24      0.08      0.23      0.13      0.38     16.80      1.09
          det_prob[36]      0.24      0.08      0.23      0.11      0.37     18.28      1.09
          det_prob[37]      0.25      0.08      0.24      0.12      0.38     18.22      1.08
          det_prob[38]      0.25      0.08      0.24      0.11      0.37     20.32      1.07
          det_prob[39]      0.25      0.08      0.24      0.11      0.37     21.21      1.07
          det_prob[40]      0.25      0.08      0.24      0.11      0.38     22.35      1.04
          det_prob[41]      0.25      0.08      0.24      0.12      0.39     22.70      1.04
          det_prob[42]      0.27      0.09      0.25      0.13      0.40     24.58      1.03
          det_prob[43]      0.27      0.08      0.26      0.14      0.40     26.15      1.02
          det_prob[44]      0.27      0.09      0.26      0.13      0.39     25.31      1.01
          det_prob[45]      0.26      0.08      0.25      0.14      0.40     26.75      1.02
          det_prob[46]      0.26      0.08      0.25      0.13      0.38     25.70      1.01
          det_prob[47]      0.26      0.08      0.25      0.13      0.38     26.68      1.01
          det_prob[48]      0.26      0.08      0.25      0.15      0.40     25.88      1.01
          det_prob[49]      0.27      0.08      0.26      0.14      0.38     25.20      1.02
          det_prob[50]      0.27      0.08      0.25      0.14      0.39     27.50      1.01
          det_prob[51]      0.26      0.08      0.25      0.14      0.38     29.03      1.01
          det_prob[52]      0.26      0.08      0.25      0.14      0.39     30.12      1.01
          det_prob[53]      0.26      0.08      0.25      0.13      0.38     30.26      1.01
          det_prob[54]      0.27      0.08      0.26      0.14      0.40     33.21      1.00
          det_prob[55]      0.27      0.08      0.26      0.15      0.40     32.03      1.00
          det_prob[56]      0.28      0.08      0.28      0.16      0.41     35.69      1.00
          det_prob[57]      0.29      0.08      0.28      0.14      0.40     38.11      1.00
          det_prob[58]      0.29      0.08      0.28      0.17      0.42     34.28      1.00
          det_prob[59]      0.29      0.08      0.29      0.17      0.42     35.81      1.00
          det_prob[60]      0.30      0.08      0.30      0.17      0.43     47.91      1.00
          det_prob[61]      0.31      0.08      0.31      0.18      0.45     49.64      1.00
          det_prob[62]      0.33      0.08      0.32      0.19      0.47     52.15      1.00
          det_prob[63]      0.34      0.09      0.33      0.19      0.48     65.51      1.00
          det_prob[64]      0.35      0.09      0.35      0.22      0.50     68.48      1.00
          det_prob[65]      0.36      0.09      0.36      0.20      0.51     70.71      1.01
          det_prob[66]      0.37      0.09      0.36      0.21      0.52     70.87      1.01
          det_prob[67]      0.38      0.10      0.38      0.22      0.54     68.32      1.01
          det_prob[68]      0.40      0.10      0.40      0.25      0.57     67.23      1.01
          det_prob[69]      0.42      0.10      0.42      0.26      0.58     68.44      1.01
          det_prob[70]      0.44      0.10      0.43      0.28      0.60     65.66      1.01
          det_prob[71]      0.45      0.10      0.45      0.28      0.61     62.12      1.01
          det_prob[72]      0.46      0.10      0.46      0.29      0.62     64.02      1.02
          det_prob[73]      0.46      0.10      0.46      0.30      0.64     59.91      1.03
          det_prob[74]      0.47      0.11      0.47      0.29      0.64     64.35      1.02
          det_prob[75]      0.48      0.11      0.48      0.32      0.67     63.79      1.03
          det_prob[76]      0.50      0.11      0.49      0.32      0.69     64.43      1.03
          det_prob[77]      0.51      0.11      0.50      0.31      0.68     61.22      1.04
          det_prob[78]      0.51      0.12      0.51      0.33      0.71     61.93      1.04
          det_prob[79]      0.53      0.12      0.52      0.32      0.71     59.15      1.05
          det_prob[80]      0.54      0.12      0.53      0.33      0.73     58.78      1.05
          det_prob[81]      0.55      0.13      0.55      0.33      0.76     58.75      1.05
          det_prob[82]      0.56      0.13      0.57      0.34      0.77     56.94      1.06
          det_prob[83]      0.59      0.13      0.59      0.38      0.79     52.80      1.07
          det_prob[84]      0.61      0.12      0.61      0.41      0.82     49.97      1.08
          det_prob[85]      0.63      0.12      0.63      0.40      0.81     49.14      1.10
          det_prob[86]      0.64      0.12      0.65      0.46      0.87     48.41      1.09
          det_prob[87]      0.66      0.12      0.66      0.45      0.85     45.50      1.10
          det_prob[88]      0.67      0.12      0.68      0.49      0.89     41.78      1.12
          det_prob[89]      0.69      0.12      0.70      0.50      0.90     40.49      1.12
          det_prob[90]      0.70      0.12      0.71      0.52      0.91     34.01      1.12
          det_prob[91]      0.72      0.12      0.72      0.54      0.93     30.19      1.13
          det_prob[92]      0.73      0.12      0.74      0.55      0.93     30.39      1.12
          det_prob[93]      0.74      0.12      0.75      0.56      0.94     29.00      1.12
          det_prob[94]      0.75      0.12      0.76      0.57      0.96     26.62      1.13
          det_prob[95]      0.75      0.12      0.77      0.56      0.95     26.62      1.13
          det_prob[96]      0.76      0.13      0.78      0.56      0.96     24.69      1.13
          det_prob[97]      0.77      0.13      0.79      0.57      0.97     24.54      1.12
          det_prob[98]      0.77      0.12      0.80      0.59      0.97     23.96      1.13
          det_prob[99]      0.78      0.12      0.80      0.60      0.98     22.28      1.14
         det_prob[100]      0.79      0.12      0.81      0.61      0.98     22.15      1.13
         det_prob[101]      0.79      0.12      0.82      0.61      0.98     21.19      1.12
         det_prob[102]      0.80      0.12      0.82      0.62      0.98     21.02      1.12
         det_prob[103]      0.81      0.12      0.83      0.63      0.98     19.84      1.12
         det_prob[104]      0.82      0.11      0.84      0.65      0.99     19.58      1.11
         det_prob[105]      0.82      0.11      0.84      0.67      0.99     19.20      1.11
         det_prob[106]      0.83      0.11      0.85      0.67      0.99     19.81      1.10
         det_prob[107]      0.83      0.11      0.85      0.67      0.99     19.44      1.09
         det_prob[108]      0.84      0.11      0.86      0.69      0.99     18.89      1.09
         det_prob[109]      0.84      0.11      0.86      0.67      0.98     18.80      1.08
         det_prob[110]      0.84      0.11      0.86      0.69      0.99     18.14      1.08
         det_prob[111]      0.84      0.10      0.87      0.69      0.99     18.19      1.08
         det_prob[112]      0.84      0.11      0.87      0.69      0.99     17.58      1.08
         det_prob[113]      0.85      0.10      0.87      0.69      0.99     17.49      1.08
         det_prob[114]      0.85      0.10      0.87      0.70      0.99     16.82      1.08
         det_prob[115]      0.85      0.10      0.88      0.69      0.99     16.86      1.07
         det_prob[116]      0.85      0.10      0.88      0.70      0.99     16.77      1.06
         det_prob[117]      0.85      0.10      0.88      0.69      0.99     16.49      1.06
         det_prob[118]      0.86      0.10      0.88      0.70      0.99     16.57      1.06
         det_prob[119]      0.86      0.10      0.88      0.70      0.99     16.41      1.06
         det_prob[120]      0.86      0.10      0.88      0.71      0.99     16.37      1.05
         det_prob[121]      0.86      0.11      0.88      0.70      1.00     15.99      1.05
         det_prob[122]      0.86      0.11      0.89      0.70      1.00     16.08      1.04
         det_prob[123]      0.86      0.11      0.89      0.70      1.00     16.06      1.04
         det_prob[124]      0.86      0.11      0.89      0.71      1.00     15.67      1.04
         det_prob[125]      0.86      0.11      0.89      0.70      1.00     15.46      1.03
         det_prob[126]      0.86      0.11      0.89      0.70      1.00     15.28      1.03
         det_prob[127]      0.86      0.11      0.90      0.70      1.00     15.42      1.03
         det_prob[128]      0.86      0.11      0.90      0.70      1.00     15.34      1.03
         det_prob[129]      0.86      0.11      0.90      0.70      0.99     14.93      1.03
         det_prob[130]      0.86      0.11      0.90      0.69      0.99     15.19      1.03
         det_prob[131]      0.87      0.11      0.90      0.70      1.00     15.14      1.02
         det_prob[132]      0.87      0.11      0.91      0.71      1.00     15.29      1.02
         det_prob[133]      0.87      0.11      0.91      0.71      1.00     15.78      1.01
         det_prob[134]      0.87      0.11      0.91      0.72      1.00     15.50      1.01
         det_prob[135]      0.88      0.11      0.91      0.71      1.00     15.62      1.01
         det_prob[136]      0.88      0.11      0.91      0.72      1.00     15.96      1.01
         det_prob[137]      0.88      0.11      0.91      0.72      1.00     15.59      1.01
         det_prob[138]      0.88      0.10      0.92      0.73      1.00     15.35      1.01
         det_prob[139]      0.89      0.10      0.92      0.74      1.00     16.06      1.00
         det_prob[140]      0.89      0.10      0.92      0.74      1.00     16.03      1.00
         det_prob[141]      0.89      0.10      0.92      0.74      1.00     16.02      1.00
         det_prob[142]      0.90      0.10      0.92      0.76      1.00     16.06      1.00
         det_prob[143]      0.90      0.10      0.93      0.76      1.00     16.03      1.00
         det_prob[144]      0.90      0.10      0.93      0.76      1.00     16.46      1.00
         det_prob[145]      0.90      0.09      0.93      0.77      1.00     16.31      1.00
         det_prob[146]      0.90      0.09      0.93      0.77      1.00     16.54      1.00
         det_prob[147]      0.91      0.09      0.93      0.77      1.00     16.71      1.00
         det_prob[148]      0.91      0.09      0.93      0.79      1.00     16.64      1.00
         det_prob[149]      0.91      0.09      0.94      0.79      1.00     16.82      1.00
         det_prob[150]      0.91      0.09      0.94      0.79      1.00     17.51      1.00
         det_prob[151]      0.91      0.09      0.94      0.79      1.00     18.01      1.00
         det_prob[152]      0.91      0.09      0.94      0.79      1.00     18.20      1.00
         det_prob[153]      0.91      0.09      0.94      0.80      1.00     18.51      1.00
         det_prob[154]      0.92      0.09      0.95      0.80      1.00     18.58      1.00
         det_prob[155]      0.92      0.09      0.95      0.79      1.00     18.48      1.00
         det_prob[156]      0.92      0.09      0.95      0.80      1.00     18.45      1.00
         det_prob[157]      0.92      0.09      0.95      0.79      1.00     18.52      1.00
         det_prob[158]      0.92      0.09      0.95      0.79      1.00     18.29      1.00
         det_prob[159]      0.92      0.08      0.95      0.80      1.00     18.47      1.00
         det_prob[160]      0.92      0.08      0.95      0.80      1.00     18.36      1.00
         det_prob[161]      0.92      0.08      0.96      0.81      1.00     18.14      1.00
         det_prob[162]      0.92      0.08      0.96      0.81      1.00     18.36      1.00
         det_prob[163]      0.93      0.08      0.96      0.81      1.00     17.85      1.00
         det_prob[164]      0.93      0.08      0.96      0.81      1.00     18.64      1.00
         det_prob[165]      0.93      0.08      0.96      0.82      1.00     18.92      1.00
         det_prob[166]      0.93      0.08      0.96      0.82      1.00     18.89      1.00
         det_prob[167]      0.93      0.08      0.96      0.83      1.00     18.82      1.00
         det_prob[168]      0.93      0.08      0.96      0.82      1.00     18.61      1.00
         det_prob[169]      0.93      0.08      0.96      0.83      1.00     18.88      1.00
         det_prob[170]      0.93      0.08      0.96      0.84      1.00     19.02      1.00
         det_prob[171]      0.93      0.08      0.97      0.83      1.00     19.61      1.00
         det_prob[172]      0.94      0.08      0.97      0.82      1.00     19.67      1.00
         det_prob[173]      0.94      0.07      0.97      0.84      1.00     19.61      1.00
         det_prob[174]      0.94      0.07      0.97      0.84      1.00     19.55      1.00
         det_prob[175]      0.94      0.07      0.97      0.85      1.00     19.65      1.00
         det_prob[176]      0.94      0.07      0.97      0.85      1.00     19.81      1.00
         det_prob[177]      0.94      0.07      0.97      0.86      1.00     19.80      1.00
         det_prob[178]      0.95      0.07      0.97      0.86      1.00     20.70      1.00
         det_prob[179]      0.95      0.07      0.97      0.87      1.00     21.65      1.00
         det_prob[180]      0.95      0.06      0.97      0.87      1.00     21.46      1.00
         det_prob[181]      0.95      0.06      0.97      0.88      1.00     21.48      1.00
         det_prob[182]      0.95      0.06      0.97      0.88      1.00     21.10      1.00
         det_prob[183]      0.95      0.06      0.97      0.89      1.00     21.18      1.00
         det_prob[184]      0.95      0.06      0.98      0.88      1.00     21.94      1.00
         det_prob[185]      0.95      0.06      0.97      0.89      1.00     22.43      1.01
         det_prob[186]      0.95      0.06      0.98      0.89      1.00     22.62      1.01
         det_prob[187]      0.96      0.06      0.98      0.89      1.00     23.71      1.00
         det_prob[188]      0.96      0.06      0.98      0.89      1.00     23.49      1.00
         det_prob[189]      0.96      0.06      0.98      0.89      1.00     24.15      1.00
         det_prob[190]      0.96      0.06      0.98      0.90      1.00     23.93      1.01
         det_prob[191]      0.96      0.05      0.98      0.90      1.00     23.85      1.01
         det_prob[192]      0.96      0.05      0.98      0.90      1.00     23.92      1.00
         det_prob[193]      0.96      0.05      0.98      0.91      1.00     24.13      1.00
         det_prob[194]      0.96      0.05      0.98      0.90      1.00     23.16      1.00
         det_prob[195]      0.96      0.05      0.98      0.90      1.00     22.16      1.00
         det_prob[196]      0.96      0.05      0.98      0.90      1.00     21.76      1.00
         det_prob[197]      0.96      0.05      0.98      0.90      1.00     21.48      1.00
         det_prob[198]      0.96      0.05      0.98      0.90      1.00     21.68      1.00
         det_prob[199]      0.96      0.05      0.98      0.90      1.00     22.59      1.00
         det_prob[200]      0.96      0.05      0.98      0.91      1.00     22.21      1.00
         det_prob[201]      0.96      0.05      0.98      0.91      1.00     22.22      1.00
         det_prob[202]      0.96      0.05      0.98      0.91      1.00     22.01      1.00
         det_prob[203]      0.96      0.05      0.98      0.91      1.00     21.72      1.00
         det_prob[204]      0.96      0.05      0.98      0.91      1.00     21.57      1.00
         det_prob[205]      0.96      0.05      0.98      0.91      1.00     21.09      1.00
         det_prob[206]      0.96      0.05      0.98      0.91      1.00     21.06      1.00
         det_prob[207]      0.96      0.05      0.98      0.91      1.00     21.09      1.00
         det_prob[208]      0.96      0.05      0.98      0.90      1.00     20.57      1.00
         det_prob[209]      0.96      0.05      0.98      0.91      1.00     21.01      1.00
         det_prob[210]      0.96      0.05      0.98      0.90      1.00     20.97      1.00
         det_prob[211]      0.96      0.04      0.98      0.91      1.00     20.93      1.00
         det_prob[212]      0.96      0.05      0.98      0.91      1.00     21.22      1.00
         det_prob[213]      0.96      0.05      0.98      0.90      1.00     21.35      1.00
         det_prob[214]      0.96      0.05      0.98      0.90      1.00     21.81      1.00
         det_prob[215]      0.96      0.05      0.98      0.90      1.00     22.27      1.00
         det_prob[216]      0.96      0.05      0.98      0.90      1.00     22.54      1.00
         det_prob[217]      0.96      0.05      0.98      0.90      1.00     23.15      1.00
         det_prob[218]      0.96      0.05      0.98      0.90      1.00     23.23      1.00
         det_prob[219]      0.96      0.05      0.98      0.90      1.00     23.51      1.00
         det_prob[220]      0.96      0.05      0.98      0.90      1.00     24.70      1.00
         det_prob[221]      0.96      0.05      0.98      0.90      1.00     24.57      1.00
         det_prob[222]      0.96      0.06      0.98      0.90      1.00     25.08      1.00
         det_prob[223]      0.96      0.06      0.98      0.90      1.00     25.88      1.00
         det_prob[224]      0.96      0.06      0.98      0.89      1.00     26.44      1.00
         det_prob[225]      0.96      0.06      0.98      0.89      1.00     27.34      1.00
         det_prob[226]      0.96      0.06      0.98      0.89      1.00     27.43      1.00
         det_prob[227]      0.96      0.06      0.98      0.89      1.00     28.08      1.00
             det_prob0      0.25      0.06      0.24      0.16      0.33    128.82      1.01
            det_prob_d      0.90      0.03      0.90      0.85      0.95    648.08      1.00
                 gamma      0.49      0.05      0.49      0.41      0.57    225.14      1.00
                 rw[0]     -0.25      1.01     -0.29     -1.82      1.38     54.08      1.00
                 rw[1]     -0.36      1.39     -0.37     -2.52      2.02     23.55      1.00
                 rw[2]     -0.41      1.70     -0.53     -3.16      2.51     14.81      1.00
                 rw[3]     -0.40      1.89     -0.43     -3.53      2.59     11.63      1.01
                 rw[4]     -0.29      2.13     -0.46     -3.56      3.32      9.72      1.01
                 rw[5]     -0.11      2.34     -0.29     -3.61      3.78      8.85      1.01
                 rw[6]      0.13      2.47     -0.13     -3.97      3.84      7.84      1.02
                 rw[7]      0.33      2.62      0.01     -3.73      4.49      7.44      1.01
                 rw[8]      0.73      2.74      0.41     -3.24      5.37      7.18      1.01
                 rw[9]      1.13      2.86      0.74     -3.21      5.59      6.99      1.02
                rw[10]      1.58      2.95      1.11     -2.67      6.52      6.62      1.02
                rw[11]      1.91      3.00      1.58     -2.38      6.96      6.43      1.01
                rw[12]      2.21      3.12      1.75     -2.36      7.27      6.56      1.01
                rw[13]      2.37      3.15      1.83     -2.20      7.53      6.41      1.01
                rw[14]      2.35      3.16      1.90     -2.17      7.58      6.31      1.01
                rw[15]      2.11      3.13      1.52     -2.35      7.16      6.25      1.01
                rw[16]      1.74      3.10      1.19     -2.74      6.75      6.23      1.01
                rw[17]      1.18      3.08      0.64     -3.53      5.85      6.48      1.00
                rw[18]      0.45      3.04      0.05     -4.15      5.26      6.35      1.01
                rw[19]     -0.25      2.99     -0.49     -4.58      4.76      6.41      1.00
                rw[20]     -0.93      2.91     -1.30     -5.13      3.88      6.45      1.00
                rw[21]     -1.64      2.89     -1.93     -5.64      3.33      6.42      1.00
                rw[22]     -2.26      2.87     -2.56     -6.39      2.60      6.36      1.00
                rw[23]     -2.79      2.87     -3.10     -7.45      1.50      6.37      1.00
                rw[24]     -3.32      2.88     -3.60     -7.86      1.28      6.36      1.01
                rw[25]     -3.81      2.87     -4.08     -7.96      0.91      6.38      1.01
                rw[26]     -4.21      2.88     -4.47     -8.65      0.28      6.28      1.01
                rw[27]     -4.57      2.89     -4.90     -8.87      0.29      6.43      1.01
                rw[28]     -4.87      2.92     -5.06     -9.27     -0.17      6.36      1.01
                rw[29]     -5.17      2.93     -5.48     -9.43     -0.58      6.55      1.01
                rw[30]     -5.38      2.98     -5.72     -9.75     -0.53      6.57      1.01
                rw[31]     -5.60      2.97     -5.92     -9.86     -0.84      6.77      1.01
                rw[32]     -5.72      2.95     -6.08    -10.34     -1.25      6.81      1.01
                rw[33]     -5.80      2.99     -6.22    -10.06     -0.78      6.84      1.00
                rw[34]     -5.83      3.05     -6.23    -10.35     -1.07      6.87      1.01
                rw[35]     -5.82      3.04     -6.28    -10.10     -0.69      6.88      1.00
                rw[36]     -5.76      3.04     -6.20    -10.43     -1.13      6.93      1.00
                rw[37]     -5.68      3.02     -5.94    -10.59     -1.19      6.86      1.00
                rw[38]     -5.57      3.02     -5.88     -9.95     -0.57      7.02      1.00
                rw[39]     -5.40      3.05     -5.73     -9.92     -0.41      6.95      1.00
                rw[40]     -5.21      3.07     -5.65     -9.91     -0.28      6.84      1.00
                rw[41]     -5.01      3.03     -5.41     -8.95      0.59      6.74      1.00
                rw[42]     -4.89      2.98     -5.23     -9.29      0.04      6.89      1.00
                rw[43]     -4.76      3.01     -5.05     -9.52     -0.07      6.91      1.00
                rw[44]     -4.58      2.99     -4.90     -9.06      0.34      6.76      1.00
                rw[45]     -4.47      2.99     -4.72     -8.81      0.53      6.63      1.00
                rw[46]     -4.34      2.99     -4.55     -8.70      0.47      6.60      1.00
                rw[47]     -4.22      3.00     -4.39     -8.26      0.91      6.70      1.00
                rw[48]     -4.05      2.99     -4.33     -8.36      0.79      6.67      1.00
                rw[49]     -3.95      3.03     -4.29     -8.44      0.88      6.60      1.00
                rw[50]     -3.97      2.98     -4.30     -8.35      1.00      6.61      1.00
                rw[51]     -4.02      2.99     -4.25     -8.55      0.84      6.55      1.00
                rw[52]     -4.02      3.01     -4.38     -8.30      0.92      6.83      1.00
                rw[53]     -4.07      2.98     -4.50     -9.01      0.39      6.72      1.00
                rw[54]     -4.13      2.99     -4.55     -8.68      0.48      6.63      1.00
                rw[55]     -4.26      3.01     -4.58     -9.13      0.26      6.49      1.00
                rw[56]     -4.39      2.99     -4.73     -8.70      0.67      6.56      1.00
                rw[57]     -4.66      2.97     -5.02     -9.16     -0.12      6.36      1.00
                rw[58]     -4.90      2.98     -5.36     -9.20      0.01      6.41      1.00
                rw[59]     -5.17      3.01     -5.47     -9.55     -0.21      6.49      1.01
                rw[60]     -5.37      3.03     -5.78    -10.33     -0.68      6.57      1.01
                rw[61]     -5.65      3.00     -5.98     -9.87     -0.62      6.33      1.01
                rw[62]     -5.85      2.95     -6.13    -10.02     -0.92      6.38      1.01
                rw[63]     -6.08      2.98     -6.45    -10.40     -1.18      6.44      1.01
                rw[64]     -6.25      3.01     -6.58    -11.08     -1.52      6.63      1.01
                rw[65]     -6.39      2.99     -6.63    -10.99     -1.67      6.52      1.01
                rw[66]     -6.47      3.02     -6.70    -11.24     -1.68      6.60      1.01
                rw[67]     -6.49      3.04     -6.62    -11.33     -1.51      6.69      1.01
                rw[68]     -6.51      3.06     -6.75    -11.23     -1.72      6.50      1.01
                rw[69]     -6.48      3.02     -6.69    -11.00     -1.69      6.52      1.01
                rw[70]     -6.52      3.05     -6.74    -11.10     -1.63      6.52      1.02
                rw[71]     -6.57      3.03     -6.87    -11.16     -1.82      6.60      1.01
                rw[72]     -6.53      3.06     -6.69    -11.25     -1.65      6.47      1.01
                rw[73]     -6.47      3.06     -6.66    -11.10     -1.66      6.51      1.01
                rw[74]     -6.30      3.03     -6.52    -10.69     -1.30      6.70      1.01
                rw[75]     -6.12      3.03     -6.18    -11.11     -1.58      6.80      1.01
                rw[76]     -5.95      3.05     -6.06    -10.74     -1.02      6.78      1.01
                rw[77]     -5.70      3.03     -5.87    -10.50     -0.99      6.84      1.01
                rw[78]     -5.44      3.00     -5.69    -10.28     -0.90      6.98      1.01
                rw[79]     -5.20      2.97     -5.37     -9.73     -0.38      6.71      1.01
                rw[80]     -4.89      2.98     -5.24     -9.63     -0.25      6.68      1.01
                rw[81]     -4.56      2.99     -4.90     -9.06      0.27      6.73      1.01
                rw[82]     -4.24      2.98     -4.69     -8.64      0.56      6.63      1.01
                rw[83]     -3.90      2.96     -4.25     -8.33      0.97      6.53      1.01
                rw[84]     -3.69      2.94     -4.05     -8.02      1.31      6.53      1.01
                rw[85]     -3.58      2.94     -3.95     -7.60      1.48      6.75      1.01
                rw[86]     -3.48      2.95     -3.86     -7.61      1.52      6.76      1.01
                rw[87]     -3.45      2.93     -3.87     -7.76      1.39      6.66      1.01
                rw[88]     -3.39      2.89     -3.86     -7.72      1.32      6.72      1.01
                rw[89]     -3.42      2.85     -3.84     -7.84      0.92      7.01      1.01
                rw[90]     -3.49      2.85     -3.88     -7.48      1.42      6.93      1.01
                rw[91]     -3.55      2.84     -4.05     -7.76      1.04      6.87      1.01
                rw[92]     -3.61      2.83     -4.02     -7.85      1.03      6.67      1.00
                rw[93]     -3.68      2.82     -4.07     -8.04      0.84      6.70      1.00
                rw[94]     -3.76      2.87     -4.26     -8.42      0.69      6.62      1.01
                rw[95]     -3.83      2.87     -4.29     -8.18      0.80      6.66      1.00
                rw[96]     -3.77      2.87     -4.17     -7.99      0.80      6.46      1.00
                rw[97]     -3.67      2.86     -4.18     -8.06      0.71      6.42      1.01
                rw[98]     -3.62      2.85     -3.99     -7.91      0.82      6.34      1.00
                rw[99]     -3.55      2.88     -3.91     -7.72      1.09      6.24      1.00
               rw[100]     -3.53      2.85     -3.83     -7.82      0.86      6.34      1.00
               rw[101]     -3.43      2.87     -3.81     -7.81      1.07      6.26      1.00
               rw[102]     -3.29      2.90     -3.65     -7.52      1.35      6.35      1.00
               rw[103]     -3.23      2.84     -3.65     -7.48      1.24      6.52      1.00
               rw[104]     -3.21      2.88     -3.59     -7.46      1.34      6.40      1.00
               rw[105]     -3.25      2.83     -3.66     -7.52      1.27      6.61      1.00
               rw[106]     -3.41      2.85     -3.72     -7.77      1.32      6.52      1.01
               rw[107]     -3.60      2.83     -3.90     -8.04      0.69      6.57      1.01
               rw[108]     -3.69      2.86     -3.96     -8.01      0.88      6.50      1.01
               rw[109]     -3.85      2.91     -4.03     -7.96      1.17      6.53      1.01
               rw[110]     -3.97      2.93     -4.18     -8.00      1.11      6.66      1.01
               rw[111]     -4.06      2.88     -4.38     -8.54      0.48      6.71      1.01
               rw[112]     -4.07      2.88     -4.47     -8.18      0.77      6.60      1.00
               rw[113]     -4.10      2.94     -4.50     -8.61      0.59      6.67      1.01
               rw[114]     -4.13      2.94     -4.46     -8.47      0.63      6.42      1.01
               rw[115]     -4.19      2.93     -4.49     -8.41      0.77      6.52      1.01
               rw[116]     -4.19      2.94     -4.51     -8.58      0.43      6.51      1.01
               rw[117]     -4.23      2.94     -4.58     -8.28      0.78      6.58      1.01
               rw[118]     -4.30      2.96     -4.64     -8.84      0.31      6.53      1.01
               rw[119]     -4.41      2.92     -4.82     -8.62      0.42      6.68      1.01
               rw[120]     -4.49      2.93     -4.90     -8.57      0.33      6.62      1.01
               rw[121]     -4.54      2.93     -5.05     -8.90      0.09      6.37      1.01
               rw[122]     -4.71      2.92     -5.08     -8.86      0.37      6.46      1.00
               rw[123]     -4.83      2.96     -5.15     -9.14     -0.04      6.54      1.00
               rw[124]     -4.94      2.97     -5.48     -9.36     -0.16      6.50      1.01
               rw[125]     -5.11      2.96     -5.60     -9.55     -0.32      6.56      1.00
               rw[126]     -5.27      2.94     -5.62     -9.50     -0.34      6.44      1.01
               rw[127]     -5.42      2.97     -5.72     -9.88     -0.73      6.39      1.01
               rw[128]     -5.53      2.94     -5.87    -10.36     -1.20      6.44      1.00
               rw[129]     -5.62      2.97     -6.04     -9.83     -0.67      6.34      1.00
               rw[130]     -5.66      2.98     -6.03    -10.15     -0.73      6.31      1.00
               rw[131]     -5.69      2.98     -6.12    -10.12     -0.82      6.51      1.00
               rw[132]     -5.74      3.00     -6.07    -10.23     -0.94      6.39      1.00
               rw[133]     -5.81      3.01     -6.16    -10.31     -1.12      6.43      1.00
               rw[134]     -5.91      2.97     -6.32    -10.21     -1.04      6.54      1.00
               rw[135]     -5.97      3.01     -6.46     -9.85     -0.43      6.59      1.00
               rw[136]     -6.02      2.98     -6.34    -10.11     -0.80      6.56      1.00
               rw[137]     -5.93      3.01     -6.32    -10.14     -0.85      6.51      1.00
               rw[138]     -5.97      3.03     -6.35    -10.40     -1.08      6.42      1.00
               rw[139]     -5.99      3.00     -6.37    -10.09     -0.85      6.26      1.01
               rw[140]     -6.10      2.98     -6.36    -10.84     -1.56      6.45      1.00
               rw[141]     -6.18      2.95     -6.39    -10.59     -1.65      6.46      1.00
               rw[142]     -6.27      2.95     -6.64    -10.37     -1.24      6.32      1.00
               rw[143]     -6.40      2.96     -6.71    -11.05     -1.96      6.25      1.00
               rw[144]     -6.46      2.98     -6.81    -10.67     -1.49      6.26      1.00
               rw[145]     -6.57      3.00     -6.96    -11.04     -1.61      6.46      1.01
               rw[146]     -6.76      2.99     -7.08    -11.21     -1.91      6.49      1.00
               rw[147]     -6.91      2.98     -7.08    -11.42     -2.04      6.57      1.00
               rw[148]     -7.09      3.01     -7.39    -11.22     -1.98      6.50      1.00
               rw[149]     -7.30      3.02     -7.59    -11.65     -2.26      6.64      1.00
               rw[150]     -7.41      3.04     -7.75    -11.90     -2.32      6.63      1.00
               rw[151]     -7.52      2.98     -7.78    -12.04     -2.67      6.54      1.01
               rw[152]     -7.47      3.01     -7.80    -11.70     -2.36      6.55      1.00
               rw[153]     -7.50      3.07     -7.81    -12.38     -2.88      6.53      1.01
               rw[154]     -7.48      3.08     -7.75    -12.08     -2.71      6.56      1.01
               rw[155]     -7.42      3.03     -7.75    -11.61     -2.33      6.61      1.01
               rw[156]     -7.32      3.01     -7.68    -11.52     -2.10      6.39      1.01
               rw[157]     -7.18      3.01     -7.50    -11.74     -2.47      6.52      1.01
               rw[158]     -7.05      3.05     -7.39    -11.70     -2.25      6.46      1.00
               rw[159]     -6.92      3.04     -7.30    -11.47     -2.16      6.46      1.01
               rw[160]     -6.80      3.10     -7.11    -11.57     -1.84      6.63      1.01
               rw[161]     -6.76      3.08     -6.97    -11.19     -1.51      6.84      1.01
               rw[162]     -6.73      3.10     -7.06    -11.54     -1.90      6.76      1.01
               rw[163]     -6.70      3.02     -6.95    -11.45     -2.09      6.90      1.01
               rw[164]     -6.73      2.97     -7.16    -10.94     -1.57      6.86      1.01
               rw[165]     -6.72      2.99     -7.10    -10.77     -1.61      6.73      1.01
               rw[166]     -6.68      2.97     -6.99    -11.02     -1.93      6.66      1.01
               rw[167]     -6.68      2.95     -7.07    -11.09     -1.81      6.85      1.01
               rw[168]     -6.63      2.93     -7.05    -11.13     -1.91      6.68      1.01
               rw[169]     -6.58      2.95     -7.00    -11.10     -2.05      6.77      1.01
               rw[170]     -6.51      2.94     -6.91    -10.90     -1.82      6.73      1.01
               rw[171]     -6.43      2.96     -6.85    -10.47     -1.06      6.73      1.01
               rw[172]     -6.25      2.98     -6.64    -10.56     -1.13      6.56      1.01
               rw[173]     -6.11      2.95     -6.44    -10.43     -1.12      6.61      1.01
               rw[174]     -5.92      2.96     -6.20    -10.07     -0.89      6.70      1.01
               rw[175]     -5.72      2.99     -5.95    -10.26     -1.01      6.68      1.00
               rw[176]     -5.61      2.98     -5.92     -9.76     -0.56      6.59      1.00
               rw[177]     -5.49      2.98     -5.80    -10.14     -0.84      6.74      1.01
               rw[178]     -5.40      2.98     -5.70     -9.96     -0.62      6.61      1.00
               rw[179]     -5.25      2.99     -5.58     -9.55     -0.10      6.62      1.01
               rw[180]     -5.11      2.99     -5.47     -9.50     -0.24      6.82      1.01
               rw[181]     -5.11      2.96     -5.46     -9.21     -0.00      6.91      1.01
               rw[182]     -5.17      3.01     -5.51     -9.93     -0.46      6.73      1.01
               rw[183]     -5.39      3.00     -5.73    -10.22     -0.73      6.64      1.01
               rw[184]     -5.46      2.92     -5.64    -10.11     -1.00      6.72      1.01
               rw[185]     -5.49      2.94     -5.82     -9.95     -0.67      6.52      1.00
               rw[186]     -5.36      2.95     -5.65    -10.01     -0.84      6.52      1.01
               rw[187]     -5.16      2.92     -5.51     -9.43     -0.22      6.47      1.01
               rw[188]     -4.97      2.90     -5.19     -9.37     -0.26      6.47      1.00
               rw[189]     -4.81      2.92     -5.11     -9.43     -0.27      6.59      1.01
               rw[190]     -4.68      2.91     -5.00     -8.70      0.36      6.56      1.00
               rw[191]     -4.67      2.90     -5.12     -8.99     -0.06      6.48      1.01
               rw[192]     -4.64      2.91     -4.91     -9.17     -0.21      6.59      1.01
               rw[193]     -4.62      2.86     -5.00     -9.03     -0.14      6.64      1.00
               rw[194]     -4.67      2.88     -5.08     -9.21     -0.24      6.62      1.01
               rw[195]     -4.80      2.92     -5.34     -8.97      0.12      6.59      1.01
               rw[196]     -5.04      2.88     -5.45     -9.16     -0.24      6.54      1.01
               rw[197]     -5.31      2.88     -5.73     -9.41     -0.56      6.49      1.00
               rw[198]     -5.49      2.90     -5.82     -9.92     -0.92      6.41      1.00
               rw[199]     -5.59      2.93     -5.94    -10.19     -1.20      6.39      1.01
               rw[200]     -5.60      2.93     -5.98     -9.74     -0.65      6.47      1.01
               rw[201]     -5.58      2.91     -5.99     -9.75     -0.91      6.38      1.01
               rw[202]     -5.56      2.89     -5.94     -9.85     -0.94      6.51      1.01
               rw[203]     -5.51      2.92     -5.86     -9.72     -0.74      6.49      1.01
               rw[204]     -5.43      2.89     -5.84    -10.01     -0.97      6.55      1.01
               rw[205]     -5.30      2.87     -5.71     -9.96     -1.02      6.60      1.01
               rw[206]     -5.10      2.90     -5.51     -9.26     -0.38      6.57      1.01
               rw[207]     -4.95      2.91     -5.33     -9.37     -0.37      6.61      1.01
               rw[208]     -4.77      2.90     -5.13     -8.87      0.14      6.50      1.01
               rw[209]     -4.62      2.91     -5.04     -8.66      0.50      6.50      1.01
               rw[210]     -4.47      2.91     -4.86     -8.88      0.19      6.59      1.01
               rw[211]     -4.32      2.94     -4.63     -8.80      0.45      6.51      1.01
               rw[212]     -4.17      2.93     -4.36     -8.51      0.56      6.50      1.01
               rw[213]     -4.02      2.92     -4.34     -8.78      0.51      6.44      1.01
               rw[214]     -3.79      2.90     -4.31     -7.61      1.53      6.50      1.01
               rw[215]     -3.73      2.94     -4.06     -7.85      1.15      6.38      1.01
               rw[216]     -3.66      2.92     -4.09     -8.06      0.96      6.29      1.00
               rw[217]     -3.64      2.92     -3.93     -7.51      1.40      6.31      1.00
               rw[218]     -3.63      2.91     -4.01     -7.76      1.04      6.36      1.00
               rw[219]     -3.71      2.91     -3.98     -8.29      0.68      6.31      1.01
               rw[220]     -3.78      2.94     -4.17     -7.71      1.31      6.27      1.01
               rw[221]     -3.71      2.95     -4.09     -7.79      1.33      6.43      1.01
               rw[222]     -3.71      2.93     -4.04     -8.09      0.90      6.53      1.01
               rw[223]     -3.73      3.00     -3.91     -8.48      0.87      6.85      1.01
               rw[224]     -3.78      3.08     -4.05     -8.35      1.38      7.18      1.01
               rw[225]     -3.82      3.14     -4.16     -8.44      1.42      7.60      1.01
               rw[226]     -3.84      3.30     -4.03     -8.75      1.68      8.35      1.01
               rw[227]     -3.87      3.44     -4.07     -9.17      1.73      9.11      1.01
                 sigma      0.23      0.02      0.22      0.19      0.26    416.32      1.00

Number of divergences: 0
