
                            mean       std    median      5.0%     95.0%     n_eff     r_hat
                    D0      2.08      1.72      1.63      0.26      4.02    592.28      1.00
                    E0    271.57    185.56    238.51     10.82    529.68    151.04      1.00
                    H0      5.46      4.75      4.19      0.03     11.74    194.69      1.01
                    I0    181.00     99.58    157.30     52.18    303.63    170.98      1.01
                 beta0      1.60      0.64      1.62      0.64      2.48      6.03      1.01
  confirmed_dispersion      0.12      0.01      0.11      0.10      0.14    688.69      1.00
      death_dispersion      0.24      0.02      0.24      0.21      0.27    516.52      1.00
            death_prob      0.02      0.00      0.02      0.02      0.02     48.87      1.00
            death_rate      0.05      0.01      0.04      0.03      0.06     10.49      1.12
           det_prob[0]      0.20      0.05      0.20      0.12      0.28    104.86      1.01
           det_prob[1]      0.18      0.05      0.17      0.09      0.25     98.78      1.02
           det_prob[2]      0.16      0.05      0.16      0.08      0.23     84.72      1.01
           det_prob[3]      0.15      0.05      0.14      0.07      0.21     69.42      1.01
           det_prob[4]      0.14      0.05      0.13      0.07      0.20     45.06      1.02
           det_prob[5]      0.14      0.05      0.13      0.07      0.21     28.09      1.02
           det_prob[6]      0.13      0.04      0.12      0.06      0.19     25.72      1.02
           det_prob[7]      0.13      0.04      0.12      0.06      0.19     21.87      1.03
           det_prob[8]      0.13      0.04      0.12      0.06      0.18     18.51      1.03
           det_prob[9]      0.12      0.04      0.12      0.06      0.18     16.18      1.04
          det_prob[10]      0.12      0.04      0.11      0.06      0.17     16.51      1.04
          det_prob[11]      0.12      0.04      0.12      0.06      0.18     15.94      1.05
          det_prob[12]      0.12      0.04      0.11      0.07      0.18     15.64      1.05
          det_prob[13]      0.12      0.04      0.11      0.07      0.17     18.00      1.05
          det_prob[14]      0.12      0.03      0.11      0.07      0.18     18.79      1.07
          det_prob[15]      0.12      0.03      0.11      0.07      0.18     23.97      1.06
          det_prob[16]      0.12      0.03      0.11      0.07      0.17     31.19      1.07
          det_prob[17]      0.12      0.03      0.12      0.07      0.17     25.34      1.07
          det_prob[18]      0.13      0.04      0.12      0.07      0.18     22.88      1.09
          det_prob[19]      0.13      0.04      0.13      0.08      0.19     21.01      1.09
          det_prob[20]      0.14      0.04      0.14      0.07      0.20     18.38      1.11
          det_prob[21]      0.15      0.04      0.14      0.09      0.21     19.99      1.10
          det_prob[22]      0.15      0.04      0.14      0.09      0.22     19.42      1.11
          det_prob[23]      0.15      0.04      0.14      0.08      0.21     21.65      1.10
          det_prob[24]      0.16      0.05      0.15      0.08      0.22     22.19      1.10
          det_prob[25]      0.17      0.05      0.16      0.09      0.24     20.56      1.11
          det_prob[26]      0.17      0.05      0.17      0.10      0.25     25.67      1.10
          det_prob[27]      0.18      0.05      0.17      0.10      0.26     20.79      1.11
          det_prob[28]      0.18      0.05      0.17      0.11      0.26     21.43      1.10
          det_prob[29]      0.18      0.05      0.17      0.10      0.25     21.30      1.09
          det_prob[30]      0.18      0.05      0.17      0.11      0.26     21.37      1.09
          det_prob[31]      0.19      0.05      0.18      0.11      0.27     21.10      1.08
          det_prob[32]      0.18      0.05      0.18      0.11      0.27     23.04      1.08
          det_prob[33]      0.18      0.05      0.18      0.11      0.26     23.81      1.08
          det_prob[34]      0.18      0.05      0.18      0.11      0.26     30.14      1.07
          det_prob[35]      0.18      0.05      0.17      0.10      0.25     36.11      1.06
          det_prob[36]      0.18      0.05      0.18      0.10      0.25     39.62      1.05
          det_prob[37]      0.18      0.05      0.17      0.10      0.26     40.72      1.04
          det_prob[38]      0.19      0.05      0.18      0.10      0.27     40.94      1.03
          det_prob[39]      0.20      0.05      0.19      0.11      0.28     37.58      1.03
          det_prob[40]      0.21      0.06      0.20      0.12      0.30     41.94      1.02
          det_prob[41]      0.22      0.06      0.21      0.12      0.30     39.76      1.01
          det_prob[42]      0.23      0.06      0.22      0.13      0.31     42.31      1.00
          det_prob[43]      0.24      0.06      0.24      0.14      0.33     46.81      1.00
          det_prob[44]      0.26      0.06      0.25      0.15      0.35     47.50      1.00
          det_prob[45]      0.27      0.06      0.26      0.17      0.37     51.88      1.00
          det_prob[46]      0.30      0.07      0.29      0.20      0.40     50.23      1.00
          det_prob[47]      0.31      0.07      0.30      0.21      0.42     56.55      1.00
          det_prob[48]      0.32      0.07      0.32      0.21      0.43     57.30      1.00
          det_prob[49]      0.33      0.07      0.33      0.22      0.43     51.08      1.00
          det_prob[50]      0.33      0.08      0.32      0.21      0.44     52.77      1.00
          det_prob[51]      0.33      0.08      0.33      0.20      0.44     54.29      1.00
          det_prob[52]      0.34      0.08      0.33      0.21      0.47     55.93      1.00
          det_prob[53]      0.35      0.08      0.34      0.22      0.49     54.66      1.01
          det_prob[54]      0.36      0.08      0.36      0.23      0.49     65.58      1.02
          det_prob[55]      0.38      0.08      0.37      0.26      0.52     64.47      1.02
          det_prob[56]      0.39      0.08      0.38      0.26      0.51     69.70      1.03
          det_prob[57]      0.39      0.08      0.39      0.27      0.53     70.62      1.04
          det_prob[58]      0.40      0.09      0.39      0.24      0.52     66.28      1.04
          det_prob[59]      0.41      0.09      0.40      0.26      0.53     66.23      1.04
          det_prob[60]      0.42      0.09      0.42      0.27      0.54     68.52      1.04
          det_prob[61]      0.44      0.09      0.44      0.31      0.58     68.08      1.04
          det_prob[62]      0.45      0.09      0.45      0.31      0.60     74.45      1.03
          det_prob[63]      0.46      0.09      0.46      0.31      0.60     75.18      1.03
          det_prob[64]      0.47      0.09      0.47      0.33      0.63     74.23      1.03
          det_prob[65]      0.48      0.09      0.48      0.35      0.65     76.59      1.02
          det_prob[66]      0.48      0.10      0.48      0.34      0.66     73.96      1.01
          det_prob[67]      0.49      0.10      0.49      0.33      0.65     69.57      1.01
          det_prob[68]      0.50      0.10      0.50      0.34      0.66     70.48      1.01
          det_prob[69]      0.51      0.10      0.51      0.35      0.67     68.67      1.01
          det_prob[70]      0.53      0.10      0.53      0.36      0.69     67.97      1.01
          det_prob[71]      0.54      0.10      0.53      0.37      0.69     66.27      1.01
          det_prob[72]      0.54      0.10      0.54      0.39      0.71     67.17      1.01
          det_prob[73]      0.55      0.10      0.55      0.38      0.71     72.64      1.01
          det_prob[74]      0.56      0.10      0.56      0.41      0.72     74.47      1.01
          det_prob[75]      0.58      0.10      0.58      0.42      0.74     78.67      1.01
          det_prob[76]      0.59      0.10      0.59      0.43      0.75     74.85      1.00
          det_prob[77]      0.60      0.10      0.61      0.44      0.77     74.90      1.00
          det_prob[78]      0.62      0.10      0.62      0.45      0.78     73.10      1.00
          det_prob[79]      0.63      0.10      0.63      0.47      0.81     70.71      1.00
          det_prob[80]      0.64      0.10      0.64      0.46      0.80     70.80      1.00
          det_prob[81]      0.65      0.10      0.66      0.50      0.82     66.60      1.00
          det_prob[82]      0.67      0.10      0.68      0.52      0.84     65.85      1.00
          det_prob[83]      0.68      0.10      0.68      0.51      0.84     63.19      1.00
          det_prob[84]      0.69      0.10      0.70      0.53      0.85     59.23      1.00
          det_prob[85]      0.70      0.10      0.71      0.54      0.85     60.47      1.01
          det_prob[86]      0.72      0.10      0.72      0.57      0.88     58.24      1.01
          det_prob[87]      0.73      0.10      0.73      0.57      0.88     57.75      1.01
          det_prob[88]      0.74      0.10      0.74      0.58      0.89     58.39      1.02
          det_prob[89]      0.75      0.10      0.75      0.60      0.90     58.28      1.03
          det_prob[90]      0.76      0.10      0.76      0.62      0.92     56.95      1.03
          det_prob[91]      0.77      0.10      0.78      0.63      0.92     56.08      1.03
          det_prob[92]      0.78      0.09      0.79      0.64      0.94     53.58      1.04
          det_prob[93]      0.79      0.09      0.80      0.65      0.94     52.30      1.04
          det_prob[94]      0.79      0.09      0.81      0.66      0.94     50.24      1.05
          det_prob[95]      0.80      0.09      0.82      0.67      0.95     48.42      1.05
          det_prob[96]      0.81      0.09      0.83      0.68      0.95     46.70      1.05
          det_prob[97]      0.82      0.09      0.84      0.68      0.96     43.02      1.06
          det_prob[98]      0.83      0.09      0.85      0.69      0.96     42.09      1.07
          det_prob[99]      0.84      0.09      0.86      0.70      0.97     39.57      1.07
         det_prob[100]      0.84      0.09      0.86      0.72      0.97     37.25      1.07
         det_prob[101]      0.85      0.09      0.87      0.73      0.98     36.29      1.06
         det_prob[102]      0.85      0.08      0.88      0.74      0.98     36.37      1.06
         det_prob[103]      0.86      0.08      0.88      0.74      0.97     34.71      1.05
         det_prob[104]      0.87      0.08      0.88      0.75      0.98     34.38      1.05
         det_prob[105]      0.87      0.08      0.89      0.77      0.99     34.03      1.05
         det_prob[106]      0.88      0.08      0.89      0.77      0.98     33.47      1.04
         det_prob[107]      0.88      0.07      0.90      0.78      0.99     33.20      1.03
         det_prob[108]      0.89      0.07      0.90      0.79      0.99     32.74      1.03
         det_prob[109]      0.89      0.07      0.91      0.80      0.99     32.17      1.02
         det_prob[110]      0.89      0.07      0.91      0.80      0.99     31.27      1.02
         det_prob[111]      0.90      0.07      0.91      0.80      0.99     30.71      1.02
         det_prob[112]      0.90      0.07      0.92      0.81      0.99     29.63      1.02
         det_prob[113]      0.90      0.06      0.92      0.81      0.98     28.32      1.02
         det_prob[114]      0.91      0.06      0.92      0.82      0.99     27.59      1.02
         det_prob[115]      0.91      0.06      0.92      0.83      0.99     27.85      1.01
         det_prob[116]      0.91      0.06      0.93      0.83      0.99     27.02      1.01
         det_prob[117]      0.92      0.06      0.93      0.84      0.99     26.51      1.01
         det_prob[118]      0.92      0.06      0.93      0.84      0.99     25.94      1.01
         det_prob[119]      0.92      0.06      0.93      0.84      0.99     26.54      1.00
         det_prob[120]      0.92      0.06      0.94      0.85      1.00     26.07      1.00
         det_prob[121]      0.92      0.06      0.94      0.85      1.00     26.47      1.00
         det_prob[122]      0.92      0.06      0.94      0.85      1.00     25.52      1.00
         det_prob[123]      0.93      0.05      0.94      0.85      0.99     24.37      1.00
         det_prob[124]      0.93      0.05      0.94      0.86      1.00     23.31      1.00
         det_prob[125]      0.93      0.05      0.94      0.86      1.00     22.36      1.00
         det_prob[126]      0.93      0.05      0.94      0.86      1.00     22.63      1.00
         det_prob[127]      0.93      0.05      0.95      0.86      0.99     21.70      1.00
         det_prob[128]      0.93      0.05      0.95      0.87      1.00     21.40      1.00
         det_prob[129]      0.93      0.05      0.95      0.86      1.00     21.83      1.00
         det_prob[130]      0.94      0.05      0.95      0.87      1.00     21.98      1.00
         det_prob[131]      0.94      0.05      0.95      0.88      1.00     21.15      1.01
         det_prob[132]      0.94      0.05      0.95      0.88      1.00     20.48      1.01
         det_prob[133]      0.94      0.05      0.95      0.88      1.00     20.25      1.01
         det_prob[134]      0.94      0.05      0.95      0.88      1.00     20.63      1.01
         det_prob[135]      0.94      0.05      0.95      0.88      1.00     20.35      1.02
         det_prob[136]      0.94      0.05      0.95      0.88      1.00     20.85      1.03
         det_prob[137]      0.94      0.05      0.96      0.88      1.00     19.69      1.03
         det_prob[138]      0.94      0.05      0.96      0.88      1.00     19.50      1.03
         det_prob[139]      0.95      0.05      0.96      0.88      1.00     19.14      1.04
         det_prob[140]      0.95      0.05      0.96      0.88      1.00     20.07      1.04
         det_prob[141]      0.95      0.05      0.96      0.88      1.00     19.62      1.04
         det_prob[142]      0.95      0.05      0.96      0.88      1.00     18.94      1.05
         det_prob[143]      0.95      0.05      0.96      0.89      1.00     18.57      1.06
         det_prob[144]      0.95      0.04      0.96      0.89      1.00     18.41      1.06
         det_prob[145]      0.95      0.04      0.96      0.89      1.00     18.96      1.06
         det_prob[146]      0.95      0.04      0.96      0.89      1.00     18.99      1.06
         det_prob[147]      0.95      0.04      0.97      0.89      1.00     19.35      1.06
         det_prob[148]      0.95      0.05      0.97      0.89      1.00     20.33      1.06
         det_prob[149]      0.95      0.05      0.97      0.89      1.00     19.64      1.06
         det_prob[150]      0.95      0.04      0.97      0.89      1.00     19.69      1.07
         det_prob[151]      0.96      0.04      0.97      0.89      1.00     20.20      1.07
         det_prob[152]      0.96      0.04      0.97      0.90      1.00     20.35      1.06
         det_prob[153]      0.96      0.04      0.97      0.90      1.00     20.86      1.06
         det_prob[154]      0.96      0.04      0.97      0.90      1.00     21.04      1.06
         det_prob[155]      0.96      0.04      0.97      0.90      1.00     20.20      1.07
         det_prob[156]      0.96      0.04      0.97      0.90      1.00     19.99      1.07
         det_prob[157]      0.96      0.04      0.97      0.90      1.00     19.81      1.06
         det_prob[158]      0.96      0.04      0.98      0.91      1.00     19.50      1.07
         det_prob[159]      0.96      0.04      0.98      0.91      1.00     19.09      1.07
         det_prob[160]      0.96      0.04      0.98      0.91      1.00     18.82      1.07
         det_prob[161]      0.96      0.04      0.98      0.91      1.00     18.27      1.07
         det_prob[162]      0.96      0.04      0.98      0.91      1.00     18.14      1.07
         det_prob[163]      0.96      0.04      0.98      0.91      1.00     18.69      1.06
         det_prob[164]      0.96      0.04      0.98      0.91      1.00     19.11      1.06
         det_prob[165]      0.96      0.04      0.98      0.91      1.00     18.46      1.06
         det_prob[166]      0.97      0.04      0.98      0.92      1.00     18.03      1.07
         det_prob[167]      0.97      0.04      0.98      0.91      1.00     18.55      1.07
         det_prob[168]      0.97      0.04      0.98      0.92      1.00     18.32      1.07
         det_prob[169]      0.97      0.04      0.98      0.92      1.00     17.77      1.07
         det_prob[170]      0.97      0.04      0.98      0.92      1.00     17.51      1.07
         det_prob[171]      0.97      0.04      0.98      0.92      1.00     18.04      1.06
         det_prob[172]      0.97      0.04      0.98      0.92      1.00     18.16      1.06
         det_prob[173]      0.97      0.03      0.98      0.92      1.00     17.65      1.06
         det_prob[174]      0.97      0.03      0.98      0.92      1.00     18.21      1.06
         det_prob[175]      0.97      0.03      0.98      0.92      1.00     18.73      1.06
         det_prob[176]      0.97      0.03      0.98      0.92      1.00     18.75      1.06
         det_prob[177]      0.97      0.03      0.98      0.93      1.00     19.22      1.05
         det_prob[178]      0.97      0.03      0.99      0.93      1.00     19.63      1.05
         det_prob[179]      0.97      0.03      0.98      0.93      1.00     20.10      1.04
         det_prob[180]      0.97      0.03      0.98      0.93      1.00     19.65      1.04
         det_prob[181]      0.97      0.03      0.99      0.93      1.00     20.19      1.04
         det_prob[182]      0.98      0.03      0.98      0.94      1.00     20.23      1.04
         det_prob[183]      0.98      0.03      0.99      0.94      1.00     20.96      1.03
         det_prob[184]      0.98      0.03      0.99      0.94      1.00     21.12      1.03
         det_prob[185]      0.98      0.03      0.99      0.94      1.00     21.12      1.03
         det_prob[186]      0.98      0.03      0.99      0.94      1.00     21.83      1.03
         det_prob[187]      0.98      0.03      0.99      0.94      1.00     21.86      1.03
         det_prob[188]      0.98      0.03      0.99      0.94      1.00     21.77      1.03
         det_prob[189]      0.98      0.03      0.99      0.94      1.00     22.82      1.03
         det_prob[190]      0.98      0.03      0.99      0.94      1.00     22.55      1.03
         det_prob[191]      0.98      0.03      0.99      0.94      1.00     22.34      1.02
         det_prob[192]      0.98      0.03      0.99      0.95      1.00     22.13      1.03
         det_prob[193]      0.98      0.03      0.99      0.94      1.00     20.77      1.03
         det_prob[194]      0.98      0.03      0.99      0.95      1.00     19.88      1.03
         det_prob[195]      0.98      0.03      0.99      0.94      1.00     19.14      1.03
         det_prob[196]      0.98      0.03      0.99      0.94      1.00     18.99      1.04
         det_prob[197]      0.98      0.03      0.99      0.94      1.00     18.11      1.04
         det_prob[198]      0.98      0.03      0.99      0.94      1.00     17.66      1.04
         det_prob[199]      0.98      0.03      0.99      0.94      1.00     17.02      1.04
         det_prob[200]      0.97      0.03      0.99      0.94      1.00     16.79      1.04
         det_prob[201]      0.97      0.04      0.99      0.94      1.00     16.74      1.05
         det_prob[202]      0.98      0.04      0.99      0.94      1.00     15.46      1.05
         det_prob[203]      0.98      0.03      0.99      0.94      1.00     14.43      1.06
         det_prob[204]      0.98      0.04      0.99      0.94      1.00     13.83      1.06
         det_prob[205]      0.97      0.04      0.99      0.94      1.00     13.94      1.06
         det_prob[206]      0.97      0.04      0.99      0.94      1.00     13.85      1.06
         det_prob[207]      0.97      0.04      0.99      0.94      1.00     13.14      1.07
         det_prob[208]      0.97      0.04      0.99      0.93      1.00     12.77      1.07
         det_prob[209]      0.97      0.04      0.99      0.93      1.00     13.50      1.07
         det_prob[210]      0.97      0.04      0.99      0.93      1.00     13.60      1.06
         det_prob[211]      0.97      0.04      0.99      0.93      1.00     13.11      1.07
         det_prob[212]      0.97      0.04      0.99      0.93      1.00     14.28      1.06
         det_prob[213]      0.97      0.04      0.99      0.93      1.00     14.53      1.07
         det_prob[214]      0.97      0.04      0.99      0.93      1.00     14.94      1.06
         det_prob[215]      0.97      0.04      0.99      0.93      1.00     15.02      1.06
         det_prob[216]      0.97      0.04      0.99      0.93      1.00     15.47      1.06
         det_prob[217]      0.97      0.04      0.99      0.93      1.00     15.74      1.06
         det_prob[218]      0.97      0.05      0.99      0.92      1.00     15.72      1.06
         det_prob[219]      0.97      0.05      0.99      0.92      1.00     15.86      1.06
         det_prob[220]      0.97      0.05      0.99      0.92      1.00     17.40      1.05
         det_prob[221]      0.97      0.05      0.99      0.92      1.00     17.39      1.05
         det_prob[222]      0.97      0.05      0.99      0.92      1.00     18.30      1.05
         det_prob[223]      0.97      0.05      0.99      0.92      1.00     18.41      1.05
         det_prob[224]      0.97      0.05      0.99      0.92      1.00     18.87      1.05
         det_prob[225]      0.97      0.05      0.99      0.92      1.00     20.71      1.05
         det_prob[226]      0.97      0.05      0.99      0.92      1.00     21.05      1.05
         det_prob[227]      0.97      0.06      0.99      0.91      1.00     20.00      1.05
             det_prob0      0.23      0.05      0.22      0.15      0.31    135.18      1.01
            det_prob_d      0.90      0.03      0.90      0.85      0.95    364.79      1.00
                 gamma      0.48      0.05      0.48      0.39      0.55    245.52      1.00
                 rw[0]     -0.35      1.01     -0.39     -1.89      1.32     31.21      1.00
                 rw[1]     -0.50      1.37     -0.55     -2.76      1.69     15.67      1.00
                 rw[2]     -0.56      1.67     -0.65     -3.10      2.36     10.92      1.00
                 rw[3]     -0.52      1.86     -0.69     -3.61      2.31      9.15      1.00
                 rw[4]     -0.42      2.07     -0.68     -3.72      2.94      8.12      1.01
                 rw[5]     -0.31      2.21     -0.45     -3.83      3.16      7.58      1.00
                 rw[6]     -0.21      2.31     -0.53     -3.75      3.48      6.96      1.01
                 rw[7]     -0.21      2.43     -0.56     -3.74      3.74      7.00      1.00
                 rw[8]     -0.19      2.48     -0.54     -3.87      3.86      6.90      1.01
                 rw[9]     -0.22      2.59     -0.57     -4.14      3.95      6.87      1.01
                rw[10]     -0.22      2.63     -0.61     -4.07      4.16      6.60      1.01
                rw[11]     -0.33      2.64     -0.74     -4.17      4.02      6.53      1.01
                rw[12]     -0.55      2.68     -0.96     -4.64      3.63      6.54      1.00
                rw[13]     -0.73      2.68     -1.25     -4.28      4.06      6.61      1.01
                rw[14]     -0.93      2.68     -1.42     -4.67      3.54      6.45      1.00
                rw[15]     -1.14      2.67     -1.58     -5.17      3.05      6.50      1.00
                rw[16]     -1.30      2.60     -1.78     -5.20      2.76      6.62      1.00
                rw[17]     -1.48      2.52     -1.93     -5.28      2.57      6.66      1.00
                rw[18]     -1.78      2.49     -2.12     -5.46      2.11      6.86      1.00
                rw[19]     -2.08      2.44     -2.35     -5.69      1.85      6.76      1.00
                rw[20]     -2.35      2.41     -2.53     -5.83      1.74      6.70      1.00
                rw[21]     -2.68      2.36     -2.88     -6.62      0.99      6.80      1.00
                rw[22]     -3.00      2.40     -3.17     -6.94      0.79      6.67      1.00
                rw[23]     -3.25      2.38     -3.42     -6.63      0.91      6.43      1.00
                rw[24]     -3.45      2.40     -3.56     -7.20      0.22      6.58      1.00
                rw[25]     -3.72      2.48     -3.90     -7.52      0.26      6.47      1.00
                rw[26]     -4.03      2.48     -4.29     -7.82      0.07      6.63      1.00
                rw[27]     -4.27      2.47     -4.53     -7.62      0.23      6.43      1.00
                rw[28]     -4.56      2.51     -4.79     -8.34     -0.37      6.48      1.00
                rw[29]     -4.86      2.55     -5.11     -8.78     -0.76      6.61      1.00
                rw[30]     -5.12      2.59     -5.43     -8.91     -0.83      6.79      1.00
                rw[31]     -5.36      2.64     -5.71     -9.55     -1.30      6.81      1.00
                rw[32]     -5.60      2.62     -6.00     -9.41     -1.24      6.86      1.00
                rw[33]     -5.81      2.64     -6.15     -9.81     -1.62      7.03      1.00
                rw[34]     -6.04      2.68     -6.29     -9.88     -1.54      7.17      1.00
                rw[35]     -6.13      2.71     -6.52    -10.34     -1.87      7.11      1.00
                rw[36]     -6.23      2.71     -6.60     -9.99     -1.59      7.06      1.00
                rw[37]     -6.33      2.68     -6.62    -10.46     -2.20      7.21      1.00
                rw[38]     -6.39      2.72     -6.66    -10.51     -2.02      7.35      1.00
                rw[39]     -6.48      2.73     -6.72    -10.48     -1.83      7.17      1.00
                rw[40]     -6.56      2.72     -6.86    -10.95     -2.24      7.19      1.00
                rw[41]     -6.59      2.71     -6.90    -10.67     -2.03      7.27      1.00
                rw[42]     -6.65      2.66     -6.84    -10.68     -2.23      7.28      1.00
                rw[43]     -6.64      2.66     -6.88    -10.33     -1.95      7.31      1.00
                rw[44]     -6.60      2.64     -6.79    -10.13     -1.65      7.22      1.00
                rw[45]     -6.55      2.63     -6.75    -10.60     -2.38      7.13      1.00
                rw[46]     -6.54      2.67     -6.82    -10.58     -2.20      6.96      1.00
                rw[47]     -6.56      2.61     -6.77    -10.25     -2.20      7.04      1.00
                rw[48]     -6.71      2.65     -6.89    -10.50     -2.37      6.98      1.00
                rw[49]     -6.69      2.68     -6.95    -10.59     -2.46      7.07      1.00
                rw[50]     -6.74      2.64     -6.99    -10.62     -2.45      7.07      1.00
                rw[51]     -6.76      2.66     -7.10    -10.40     -1.96      7.31      1.00
                rw[52]     -6.70      2.66     -6.98    -10.39     -2.12      7.19      1.00
                rw[53]     -6.55      2.62     -6.96    -10.52     -2.45      7.25      1.00
                rw[54]     -6.49      2.60     -6.81    -10.84     -2.58      7.06      1.00
                rw[55]     -6.40      2.62     -6.80    -10.27     -1.97      6.97      1.00
                rw[56]     -6.32      2.65     -6.62    -10.20     -1.86      7.02      1.00
                rw[57]     -6.27      2.62     -6.57    -10.18     -2.09      6.74      1.00
                rw[58]     -6.18      2.61     -6.48    -10.24     -2.09      6.76      1.00
                rw[59]     -6.11      2.67     -6.41    -10.00     -1.81      6.72      1.00
                rw[60]     -6.04      2.66     -6.41    -10.12     -1.92      6.82      1.00
                rw[61]     -6.03      2.64     -6.34     -9.84     -1.66      6.67      1.00
                rw[62]     -6.12      2.60     -6.33     -9.96     -2.03      6.63      1.00
                rw[63]     -6.16      2.64     -6.33    -10.25     -2.03      6.72      1.00
                rw[64]     -6.22      2.65     -6.41    -10.05     -1.69      6.90      1.00
                rw[65]     -6.30      2.64     -6.47    -10.37     -2.01      6.87      1.00
                rw[66]     -6.32      2.63     -6.44    -10.34     -2.02      6.87      1.00
                rw[67]     -6.31      2.61     -6.52    -10.51     -2.31      6.71      1.00
                rw[68]     -6.30      2.63     -6.47    -10.15     -1.82      6.79      1.00
                rw[69]     -6.26      2.61     -6.46    -10.35     -2.21      6.70      1.00
                rw[70]     -6.21      2.64     -6.48    -10.27     -1.94      6.60      1.01
                rw[71]     -6.19      2.58     -6.41    -10.11     -2.08      6.72      1.00
                rw[72]     -6.12      2.57     -6.30    -10.23     -2.20      6.59      1.00
                rw[73]     -5.99      2.63     -6.00     -9.90     -1.63      6.48      1.00
                rw[74]     -5.84      2.61     -5.91     -9.57     -1.42      6.87      1.00
                rw[75]     -5.77      2.58     -5.77     -9.85     -1.57      7.09      1.00
                rw[76]     -5.69      2.61     -5.85     -9.65     -1.24      7.07      1.00
                rw[77]     -5.58      2.62     -5.80     -9.59     -1.18      7.25      1.00
                rw[78]     -5.53      2.55     -5.67     -9.46     -1.31      7.41      1.00
                rw[79]     -5.51      2.58     -5.65     -9.59     -1.58      7.26      1.00
                rw[80]     -5.44      2.59     -5.66     -9.18     -1.05      7.08      1.01
                rw[81]     -5.44      2.52     -5.64     -9.08     -1.12      7.02      1.01
                rw[82]     -5.44      2.54     -5.67     -9.53     -1.41      7.13      1.01
                rw[83]     -5.42      2.56     -5.66     -9.15     -1.23      7.20      1.01
                rw[84]     -5.46      2.55     -5.77     -9.35     -1.39      6.98      1.01
                rw[85]     -5.51      2.53     -5.77     -9.30     -1.27      7.04      1.01
                rw[86]     -5.62      2.53     -5.90     -9.14     -1.25      7.22      1.02
                rw[87]     -5.67      2.51     -5.95     -9.50     -1.74      7.29      1.01
                rw[88]     -5.68      2.51     -6.04     -9.50     -1.77      7.22      1.01
                rw[89]     -5.73      2.46     -6.06     -9.60     -2.01      7.36      1.01
                rw[90]     -5.75      2.43     -6.11     -9.23     -1.69      7.48      1.01
                rw[91]     -5.71      2.43     -6.03     -9.25     -1.77      7.44      1.01
                rw[92]     -5.72      2.42     -6.03     -8.93     -1.46      7.30      1.00
                rw[93]     -5.70      2.42     -5.92     -9.40     -1.79      7.43      1.00
                rw[94]     -5.67      2.48     -6.01     -9.61     -1.87      7.45      1.00
                rw[95]     -5.62      2.49     -6.00     -9.33     -1.52      7.38      1.00
                rw[96]     -5.55      2.46     -5.90     -9.34     -1.63      7.14      1.00
                rw[97]     -5.49      2.49     -5.84     -9.17     -1.57      7.01      1.00
                rw[98]     -5.42      2.47     -5.72     -9.16     -1.54      6.66      1.00
                rw[99]     -5.38      2.49     -5.72     -8.98     -1.23      6.70      1.00
               rw[100]     -5.23      2.49     -5.52     -8.96     -1.27      6.57      1.00
               rw[101]     -5.12      2.52     -5.38     -8.89     -1.25      6.50      1.00
               rw[102]     -4.97      2.50     -5.25     -8.63     -0.88      6.71      1.00
               rw[103]     -4.79      2.44     -5.00     -8.48     -0.79      6.72      1.00
               rw[104]     -4.67      2.40     -4.88     -8.28     -0.72      6.75      1.00
               rw[105]     -4.50      2.41     -4.67     -7.93     -0.49      6.77      1.00
               rw[106]     -4.44      2.40     -4.71     -7.74     -0.34      6.91      1.00
               rw[107]     -4.38      2.40     -4.62     -8.17     -0.65      6.87      1.00
               rw[108]     -4.29      2.41     -4.51     -7.98     -0.47      7.06      1.00
               rw[109]     -4.31      2.48     -4.53     -8.17     -0.20      7.05      1.00
               rw[110]     -4.36      2.50     -4.63     -7.93      0.03      7.06      1.00
               rw[111]     -4.46      2.50     -4.67     -8.05     -0.15      7.10      1.00
               rw[112]     -4.47      2.51     -4.84     -7.87      0.07      7.00      1.00
               rw[113]     -4.47      2.52     -4.83     -7.99     -0.15      6.79      1.00
               rw[114]     -4.42      2.53     -4.76     -8.18     -0.34      6.74      1.00
               rw[115]     -4.42      2.50     -4.71     -8.11     -0.34      6.78      1.00
               rw[116]     -4.43      2.50     -4.74     -8.04     -0.32      6.85      1.00
               rw[117]     -4.47      2.50     -4.75     -8.52     -0.70      6.85      1.00
               rw[118]     -4.53      2.46     -4.88     -8.32     -0.60      6.78      1.00
               rw[119]     -4.59      2.47     -4.89     -8.28     -0.62      6.86      1.00
               rw[120]     -4.55      2.44     -4.86     -8.16     -0.48      6.97      1.00
               rw[121]     -4.50      2.50     -4.81     -8.06     -0.30      6.70      1.00
               rw[122]     -4.53      2.44     -4.94     -7.88     -0.29      6.68      1.00
               rw[123]     -4.67      2.45     -5.02     -8.26     -0.60      6.64      1.00
               rw[124]     -4.79      2.48     -5.12     -8.43     -0.71      6.63      1.00
               rw[125]     -4.96      2.46     -5.25     -8.39     -0.63      6.80      1.00
               rw[126]     -5.15      2.48     -5.54     -8.96     -1.32      6.74      1.01
               rw[127]     -5.24      2.47     -5.63     -8.81     -1.22      6.48      1.00
               rw[128]     -5.26      2.48     -5.51     -8.80     -1.21      6.64      1.00
               rw[129]     -5.25      2.48     -5.68     -9.14     -1.38      6.45      1.00
               rw[130]     -5.20      2.50     -5.58     -8.77     -1.09      6.67      1.00
               rw[131]     -5.26      2.50     -5.50     -9.06     -1.29      6.71      1.00
               rw[132]     -5.30      2.51     -5.64     -8.92     -1.04      6.62      1.00
               rw[133]     -5.31      2.51     -5.59     -8.99     -1.25      6.75      1.00
               rw[134]     -5.30      2.51     -5.56     -8.87     -1.12      7.03      1.00
               rw[135]     -5.33      2.55     -5.61     -9.04     -1.08      7.09      1.00
               rw[136]     -5.31      2.54     -5.67     -8.99     -1.18      6.78      1.00
               rw[137]     -5.34      2.54     -5.64     -9.37     -1.52      6.88      1.00
               rw[138]     -5.51      2.59     -5.92     -9.24     -1.13      6.68      1.00
               rw[139]     -5.68      2.57     -6.14     -9.57     -1.60      6.61      1.00
               rw[140]     -5.84      2.52     -6.12     -9.67     -1.99      6.60      1.00
               rw[141]     -5.99      2.54     -6.29     -9.60     -1.69      6.46      1.00
               rw[142]     -6.09      2.52     -6.42     -9.71     -1.95      6.48      1.00
               rw[143]     -6.16      2.52     -6.47     -9.67     -1.81      6.58      1.00
               rw[144]     -6.15      2.56     -6.41     -9.59     -1.65      6.59      1.00
               rw[145]     -6.24      2.59     -6.46    -10.29     -2.12      6.65      1.00
               rw[146]     -6.40      2.57     -6.73    -10.45     -2.37      6.82      1.00
               rw[147]     -6.51      2.56     -6.79    -10.63     -2.52      6.90      1.00
               rw[148]     -6.48      2.59     -6.77    -10.23     -2.43      6.75      1.00
               rw[149]     -6.42      2.55     -6.81    -10.32     -2.33      6.69      1.00
               rw[150]     -6.24      2.56     -6.54    -10.04     -2.23      6.70      1.00
               rw[151]     -6.08      2.51     -6.34    -10.13     -2.19      6.91      1.00
               rw[152]     -5.91      2.55     -6.25     -9.93     -1.92      6.87      1.00
               rw[153]     -5.72      2.55     -6.05     -9.63     -1.75      6.82      1.00
               rw[154]     -5.59      2.54     -5.88     -9.46     -1.55      6.72      1.00
               rw[155]     -5.47      2.52     -5.85     -9.12     -1.15      6.79      1.00
               rw[156]     -5.36      2.53     -5.74     -8.77     -0.87      6.66      1.00
               rw[157]     -5.33      2.53     -5.61     -9.23     -1.36      6.62      1.00
               rw[158]     -5.39      2.54     -5.64     -8.92     -1.04      6.68      1.00
               rw[159]     -5.51      2.55     -5.84     -9.13     -1.26      6.76      1.00
               rw[160]     -5.65      2.56     -5.89     -9.79     -1.73      6.91      1.00
               rw[161]     -5.86      2.58     -6.18    -10.04     -1.91      6.88      1.00
               rw[162]     -6.13      2.62     -6.45    -10.05     -1.71      6.93      1.00
               rw[163]     -6.35      2.58     -6.56    -10.19     -2.16      6.92      1.00
               rw[164]     -6.49      2.57     -6.79    -10.53     -2.48      6.95      1.00
               rw[165]     -6.62      2.54     -6.95    -10.15     -2.29      6.87      1.00
               rw[166]     -6.73      2.52     -7.10    -10.49     -2.70      7.01      1.00
               rw[167]     -6.83      2.52     -7.12    -10.39     -2.36      6.88      1.00
               rw[168]     -6.91      2.50     -7.27    -10.46     -2.53      6.97      1.01
               rw[169]     -6.88      2.50     -7.26    -10.40     -2.74      6.71      1.00
               rw[170]     -6.86      2.52     -7.19    -10.53     -2.60      6.98      1.00
               rw[171]     -6.85      2.54     -7.15    -10.22     -2.30      6.91      1.00
               rw[172]     -6.81      2.58     -7.10    -10.92     -2.72      6.89      1.00
               rw[173]     -6.68      2.58     -6.99    -10.29     -2.04      6.98      1.00
               rw[174]     -6.70      2.60     -6.98    -10.38     -2.23      6.93      1.00
               rw[175]     -6.70      2.63     -7.02    -10.42     -2.34      6.83      1.00
               rw[176]     -6.59      2.61     -6.91    -10.42     -2.51      6.75      1.00
               rw[177]     -6.67      2.61     -7.02    -10.30     -2.35      6.84      1.00
               rw[178]     -6.68      2.62     -6.99    -11.03     -2.66      7.03      1.00
               rw[179]     -6.63      2.63     -6.98    -10.50     -2.25      6.95      1.00
               rw[180]     -6.64      2.61     -6.85    -10.41     -2.24      6.95      1.00
               rw[181]     -6.67      2.60     -6.82    -10.82     -2.64      6.99      1.00
               rw[182]     -6.67      2.60     -6.90    -10.52     -2.45      7.03      1.00
               rw[183]     -6.62      2.58     -6.88    -10.71     -2.65      6.88      1.00
               rw[184]     -6.66      2.55     -7.00    -10.69     -2.72      6.88      1.00
               rw[185]     -6.62      2.57     -6.98    -10.40     -2.35      6.66      1.00
               rw[186]     -6.48      2.54     -6.72    -10.10     -2.13      6.59      1.00
               rw[187]     -6.35      2.50     -6.53    -10.35     -2.45      6.69      1.00
               rw[188]     -6.19      2.53     -6.38     -9.96     -2.02      6.72      1.00
               rw[189]     -6.01      2.52     -6.28     -9.73     -1.80      6.67      1.00
               rw[190]     -5.93      2.50     -6.22     -9.55     -1.67      6.83      1.00
               rw[191]     -5.91      2.49     -6.29     -9.40     -1.66      6.88      1.00
               rw[192]     -5.83      2.49     -6.02     -9.30     -1.60      6.93      1.00
               rw[193]     -5.77      2.50     -6.12     -9.29     -1.43      6.87      1.00
               rw[194]     -5.72      2.51     -6.02     -9.23     -1.55      7.01      1.00
               rw[195]     -5.67      2.46     -6.04     -9.46     -1.92      6.92      1.00
               rw[196]     -5.69      2.46     -6.10     -9.14     -1.81      6.52      1.00
               rw[197]     -5.73      2.55     -5.97     -9.53     -1.75      6.71      1.00
               rw[198]     -5.76      2.50     -6.15     -9.34     -1.55      6.75      1.00
               rw[199]     -5.83      2.53     -6.20     -9.86     -2.13      6.44      1.00
               rw[200]     -5.81      2.54     -6.21     -9.46     -1.74      6.50      1.00
               rw[201]     -5.77      2.54     -6.10     -9.59     -1.74      6.47      1.00
               rw[202]     -5.81      2.54     -6.09     -9.75     -1.87      6.60      1.00
               rw[203]     -5.84      2.49     -6.12     -9.52     -1.77      6.72      1.00
               rw[204]     -5.86      2.46     -6.16     -9.34     -1.64      6.94      1.00
               rw[205]     -5.86      2.44     -6.19     -9.51     -2.02      6.80      1.00
               rw[206]     -5.84      2.46     -6.11     -9.72     -2.05      7.19      1.00
               rw[207]     -5.78      2.48     -6.06     -9.93     -2.00      7.12      1.00
               rw[208]     -5.74      2.50     -6.02     -9.28     -1.53      6.76      1.00
               rw[209]     -5.68      2.49     -5.99     -9.39     -1.60      6.95      1.00
               rw[210]     -5.67      2.54     -5.93     -9.49     -1.57      7.00      1.00
               rw[211]     -5.64      2.52     -5.91     -9.58     -1.61      6.96      1.00
               rw[212]     -5.64      2.54     -5.81     -9.19     -1.13      6.90      1.01
               rw[213]     -5.64      2.53     -5.88     -9.52     -1.48      6.81      1.00
               rw[214]     -5.57      2.57     -5.85     -9.59     -1.57      6.89      1.00
               rw[215]     -5.53      2.53     -5.81     -9.27     -1.51      6.87      1.00
               rw[216]     -5.52      2.54     -5.71     -9.15     -1.15      6.66      1.00
               rw[217]     -5.59      2.53     -5.88     -9.30     -1.38      6.43      1.00
               rw[218]     -5.65      2.56     -5.88     -9.07     -1.24      6.64      1.00
               rw[219]     -5.77      2.54     -5.95     -9.27     -1.28      6.87      1.00
               rw[220]     -5.91      2.57     -6.09     -9.84     -1.94      6.83      1.00
               rw[221]     -6.01      2.58     -6.16    -10.31     -2.26      6.89      1.00
               rw[222]     -6.09      2.61     -6.26    -10.19     -1.96      7.31      1.01
               rw[223]     -6.20      2.65     -6.41    -10.12     -1.63      7.63      1.01
               rw[224]     -6.34      2.69     -6.51    -10.32     -1.74      8.09      1.00
               rw[225]     -6.44      2.80     -6.61    -10.62     -1.72      8.84      1.00
               rw[226]     -6.44      2.95     -6.60    -10.91     -1.46      9.79      1.00
               rw[227]     -6.44      3.13     -6.51    -11.52     -1.46     10.75      1.00
                 sigma      0.22      0.02      0.21      0.18      0.25    347.35      1.00

Number of divergences: 0
