
                            mean       std    median      5.0%     95.0%     n_eff     r_hat
                    D0      0.88      1.40      0.50      0.00      2.16   1309.46      1.00
                    E0     48.82     61.80     27.60      0.09    114.91    301.45      1.00
                    H0      1.32      1.42      0.88      0.00      3.09   1213.84      1.00
                    I0     24.63     38.75     12.30      0.01     60.93    201.61      1.00
                 beta0      1.53      0.80      1.31      0.44      2.73     37.37      1.00
  confirmed_dispersion      1.09      0.09      1.09      0.94      1.22   1504.20      1.00
      death_dispersion      0.39      0.05      0.38      0.31      0.46   1418.28      1.00
            death_prob      0.01      0.00      0.01      0.01      0.01    188.60      1.00
            death_rate      0.06      0.01      0.06      0.05      0.08    128.54      1.01
           det_prob[0]      0.20      0.06      0.20      0.11      0.29    533.61      1.00
           det_prob[1]      0.18      0.06      0.17      0.09      0.27    589.75      1.00
           det_prob[2]      0.17      0.06      0.16      0.07      0.25    528.02      1.00
           det_prob[3]      0.15      0.06      0.14      0.06      0.24    445.71      1.00
           det_prob[4]      0.14      0.06      0.13      0.05      0.22    459.86      1.00
           det_prob[5]      0.13      0.05      0.12      0.05      0.21    533.79      1.00
           det_prob[6]      0.12      0.05      0.11      0.04      0.20    452.60      1.00
           det_prob[7]      0.11      0.05      0.11      0.04      0.19    376.38      1.00
           det_prob[8]      0.11      0.05      0.10      0.04      0.18    370.64      1.00
           det_prob[9]      0.10      0.05      0.09      0.04      0.17    368.68      1.00
          det_prob[10]      0.10      0.05      0.09      0.03      0.16    347.40      1.00
          det_prob[11]      0.09      0.04      0.08      0.03      0.15    339.82      1.00
          det_prob[12]      0.09      0.04      0.08      0.03      0.15    344.83      1.00
          det_prob[13]      0.09      0.04      0.08      0.03      0.14    332.94      1.00
          det_prob[14]      0.08      0.04      0.08      0.03      0.14    351.87      1.00
          det_prob[15]      0.08      0.04      0.07      0.02      0.14    353.88      1.00
          det_prob[16]      0.08      0.04      0.07      0.03      0.13    374.54      1.00
          det_prob[17]      0.08      0.04      0.07      0.03      0.13    341.81      1.00
          det_prob[18]      0.08      0.04      0.07      0.03      0.13    341.87      1.00
          det_prob[19]      0.07      0.04      0.07      0.02      0.12    329.78      1.00
          det_prob[20]      0.07      0.04      0.07      0.03      0.13    326.57      1.00
          det_prob[21]      0.07      0.04      0.06      0.02      0.12    330.32      1.00
          det_prob[22]      0.07      0.04      0.06      0.02      0.12    349.62      1.00
          det_prob[23]      0.07      0.04      0.06      0.02      0.12    341.84      1.00
          det_prob[24]      0.07      0.04      0.06      0.02      0.12    317.15      1.00
          det_prob[25]      0.07      0.03      0.06      0.02      0.12    292.16      1.00
          det_prob[26]      0.07      0.03      0.06      0.02      0.12    293.44      1.00
          det_prob[27]      0.07      0.04      0.06      0.02      0.12    310.57      1.00
          det_prob[28]      0.07      0.03      0.06      0.02      0.11    329.19      1.00
          det_prob[29]      0.07      0.03      0.06      0.02      0.11    320.31      1.00
          det_prob[30]      0.07      0.03      0.06      0.02      0.11    315.23      1.00
          det_prob[31]      0.07      0.03      0.06      0.02      0.12    299.14      1.00
          det_prob[32]      0.07      0.04      0.06      0.02      0.12    302.76      1.00
          det_prob[33]      0.07      0.04      0.06      0.02      0.12    287.07      1.00
          det_prob[34]      0.07      0.04      0.06      0.02      0.12    305.07      1.00
          det_prob[35]      0.07      0.04      0.06      0.02      0.12    299.02      1.00
          det_prob[36]      0.07      0.04      0.06      0.02      0.12    327.33      1.00
          det_prob[37]      0.07      0.04      0.07      0.02      0.12    342.81      1.00
          det_prob[38]      0.08      0.04      0.07      0.02      0.13    333.44      1.00
          det_prob[39]      0.08      0.04      0.07      0.02      0.13    317.43      1.00
          det_prob[40]      0.08      0.04      0.07      0.03      0.14    300.04      1.00
          det_prob[41]      0.08      0.04      0.07      0.03      0.14    307.08      1.00
          det_prob[42]      0.09      0.04      0.08      0.02      0.14    313.07      1.00
          det_prob[43]      0.09      0.04      0.08      0.03      0.15    294.96      1.00
          det_prob[44]      0.09      0.05      0.08      0.03      0.15    303.55      1.00
          det_prob[45]      0.09      0.05      0.08      0.03      0.16    281.87      1.00
          det_prob[46]      0.10      0.05      0.09      0.04      0.16    278.01      1.00
          det_prob[47]      0.10      0.05      0.09      0.04      0.17    275.19      1.00
          det_prob[48]      0.11      0.05      0.10      0.04      0.17    239.63      1.00
          det_prob[49]      0.11      0.05      0.10      0.04      0.19    243.01      1.00
          det_prob[50]      0.12      0.06      0.10      0.04      0.20    249.21      1.00
          det_prob[51]      0.12      0.06      0.11      0.04      0.21    254.57      1.00
          det_prob[52]      0.13      0.06      0.11      0.05      0.22    257.13      1.00
          det_prob[53]      0.13      0.06      0.11      0.04      0.22    246.78      1.01
          det_prob[54]      0.14      0.07      0.12      0.04      0.23    231.75      1.01
          det_prob[55]      0.14      0.07      0.13      0.05      0.24    214.52      1.01
          det_prob[56]      0.15      0.07      0.13      0.06      0.26    203.40      1.01
          det_prob[57]      0.16      0.08      0.14      0.05      0.27    198.51      1.01
          det_prob[58]      0.16      0.08      0.14      0.05      0.28    191.88      1.01
          det_prob[59]      0.17      0.09      0.15      0.06      0.30    186.71      1.00
          det_prob[60]      0.18      0.09      0.16      0.05      0.30    186.14      1.00
          det_prob[61]      0.19      0.09      0.17      0.06      0.33    163.94      1.01
          det_prob[62]      0.20      0.10      0.18      0.06      0.33    152.10      1.01
          det_prob[63]      0.21      0.10      0.19      0.06      0.36    139.70      1.00
          det_prob[64]      0.22      0.11      0.20      0.06      0.36    123.85      1.00
          det_prob[65]      0.23      0.11      0.21      0.07      0.39    120.04      1.00
          det_prob[66]      0.25      0.11      0.22      0.09      0.44    113.48      1.00
          det_prob[67]      0.26      0.12      0.23      0.09      0.44    121.25      1.00
          det_prob[68]      0.27      0.12      0.24      0.09      0.47    123.19      1.00
          det_prob[69]      0.28      0.13      0.26      0.11      0.50    121.08      1.00
          det_prob[70]      0.30      0.13      0.27      0.10      0.50    105.82      1.00
          det_prob[71]      0.31      0.14      0.29      0.11      0.53    105.03      1.00
          det_prob[72]      0.32      0.14      0.30      0.11      0.55     99.67      1.00
          det_prob[73]      0.34      0.15      0.32      0.10      0.56    100.52      1.00
          det_prob[74]      0.35      0.15      0.32      0.13      0.60    107.46      1.00
          det_prob[75]      0.36      0.16      0.33      0.13      0.61    105.13      1.00
          det_prob[76]      0.37      0.16      0.34      0.14      0.65    104.92      1.00
          det_prob[77]      0.38      0.17      0.36      0.12      0.64    103.14      1.00
          det_prob[78]      0.39      0.17      0.37      0.14      0.65    100.89      1.00
          det_prob[79]      0.40      0.17      0.38      0.15      0.68     98.50      1.00
          det_prob[80]      0.41      0.17      0.39      0.15      0.70    107.45      1.00
          det_prob[81]      0.42      0.18      0.40      0.13      0.69    103.47      1.00
          det_prob[82]      0.43      0.18      0.42      0.14      0.70    102.55      1.00
          det_prob[83]      0.44      0.18      0.42      0.14      0.71     97.76      1.00
          det_prob[84]      0.45      0.18      0.43      0.14      0.72     97.53      1.00
          det_prob[85]      0.46      0.18      0.44      0.14      0.73     93.52      1.00
          det_prob[86]      0.47      0.19      0.46      0.17      0.79     95.92      1.00
          det_prob[87]      0.48      0.19      0.47      0.18      0.79     90.19      1.00
          det_prob[88]      0.49      0.19      0.48      0.18      0.79     88.21      1.01
          det_prob[89]      0.50      0.19      0.50      0.18      0.79     90.35      1.00
          det_prob[90]      0.51      0.19      0.51      0.18      0.82     86.38      1.00
          det_prob[91]      0.51      0.19      0.51      0.21      0.84     90.09      1.00
          det_prob[92]      0.52      0.19      0.52      0.24      0.86     89.70      1.00
          det_prob[93]      0.53      0.19      0.54      0.25      0.87     93.08      1.01
          det_prob[94]      0.54      0.20      0.55      0.22      0.85     90.41      1.01
          det_prob[95]      0.54      0.20      0.55      0.25      0.88     89.44      1.01
          det_prob[96]      0.55      0.20      0.55      0.24      0.87     90.80      1.01
          det_prob[97]      0.56      0.20      0.56      0.24      0.87     87.32      1.01
          det_prob[98]      0.56      0.20      0.56      0.26      0.90     85.68      1.01
          det_prob[99]      0.57      0.20      0.57      0.24      0.88     85.64      1.01
         det_prob[100]      0.57      0.20      0.57      0.28      0.92     83.79      1.01
         det_prob[101]      0.58      0.20      0.57      0.26      0.91     83.74      1.01
         det_prob[102]      0.58      0.20      0.58      0.25      0.90     84.18      1.01
         det_prob[103]      0.58      0.21      0.58      0.28      0.94     83.90      1.01
         det_prob[104]      0.58      0.21      0.59      0.26      0.92     82.79      1.01
         det_prob[105]      0.59      0.21      0.60      0.28      0.95     81.20      1.01
         det_prob[106]      0.59      0.21      0.60      0.27      0.95     82.42      1.01
         det_prob[107]      0.59      0.21      0.60      0.26      0.93     81.37      1.01
         det_prob[108]      0.60      0.21      0.61      0.25      0.94     79.69      1.01
         det_prob[109]      0.60      0.22      0.62      0.26      0.94     79.04      1.00
         det_prob[110]      0.61      0.21      0.63      0.27      0.95     76.40      1.01
         det_prob[111]      0.61      0.21      0.62      0.26      0.94     76.00      1.01
         det_prob[112]      0.62      0.21      0.63      0.25      0.93     75.38      1.01
         det_prob[113]      0.62      0.21      0.64      0.27      0.95     74.66      1.01
         det_prob[114]      0.63      0.21      0.65      0.30      0.98     77.52      1.01
         det_prob[115]      0.63      0.22      0.66      0.29      0.96     76.76      1.01
         det_prob[116]      0.63      0.22      0.66      0.29      0.97     77.86      1.01
         det_prob[117]      0.64      0.22      0.66      0.29      0.96     76.02      1.01
         det_prob[118]      0.64      0.22      0.68      0.30      0.97     77.99      1.01
         det_prob[119]      0.65      0.22      0.68      0.30      0.97     76.16      1.01
         det_prob[120]      0.65      0.22      0.69      0.32      0.98     74.86      1.01
         det_prob[121]      0.65      0.22      0.70      0.32      0.99     75.63      1.01
         det_prob[122]      0.66      0.22      0.70      0.33      0.99     75.98      1.01
         det_prob[123]      0.66      0.22      0.71      0.32      0.98     76.06      1.01
         det_prob[124]      0.67      0.22      0.71      0.33      0.99     75.84      1.01
         det_prob[125]      0.67      0.22      0.72      0.35      0.99     77.63      1.01
         det_prob[126]      0.68      0.21      0.73      0.35      0.99     77.29      1.01
         det_prob[127]      0.68      0.21      0.73      0.36      0.99     77.87      1.01
         det_prob[128]      0.68      0.21      0.73      0.35      1.00     78.64      1.01
         det_prob[129]      0.69      0.21      0.74      0.37      0.99     78.44      1.00
         det_prob[130]      0.70      0.20      0.75      0.38      0.99     80.32      1.00
         det_prob[131]      0.71      0.20      0.76      0.41      0.99     78.22      1.01
         det_prob[132]      0.72      0.20      0.76      0.42      1.00     78.41      1.01
         det_prob[133]      0.72      0.19      0.76      0.44      1.00     79.27      1.00
         det_prob[134]      0.73      0.19      0.77      0.45      1.00     81.06      1.00
         det_prob[135]      0.74      0.19      0.77      0.45      1.00     81.05      1.00
         det_prob[136]      0.74      0.18      0.78      0.46      0.99     81.89      1.00
         det_prob[137]      0.75      0.18      0.79      0.48      1.00     81.65      1.00
         det_prob[138]      0.76      0.17      0.80      0.50      1.00     80.68      1.00
         det_prob[139]      0.77      0.17      0.81      0.52      1.00     82.13      1.00
         det_prob[140]      0.77      0.16      0.81      0.53      1.00     80.77      1.00
         det_prob[141]      0.78      0.16      0.82      0.55      1.00     84.54      1.00
         det_prob[142]      0.79      0.16      0.82      0.54      1.00     84.57      1.00
         det_prob[143]      0.79      0.15      0.82      0.58      0.99     83.41      1.00
         det_prob[144]      0.80      0.15      0.83      0.59      1.00     86.95      1.00
         det_prob[145]      0.80      0.14      0.84      0.60      1.00     92.93      1.00
         det_prob[146]      0.81      0.14      0.84      0.61      1.00     92.50      1.00
         det_prob[147]      0.81      0.14      0.85      0.62      0.99     87.95      1.00
         det_prob[148]      0.82      0.14      0.85      0.63      1.00     87.32      1.00
         det_prob[149]      0.82      0.14      0.85      0.63      1.00     86.32      1.00
         det_prob[150]      0.82      0.14      0.86      0.64      1.00     88.04      1.00
         det_prob[151]      0.82      0.14      0.86      0.64      0.99     91.34      1.00
         det_prob[152]      0.83      0.14      0.86      0.65      1.00     95.53      1.00
         det_prob[153]      0.83      0.13      0.86      0.66      1.00     93.96      1.00
         det_prob[154]      0.83      0.13      0.86      0.65      1.00     95.07      1.00
         det_prob[155]      0.83      0.13      0.87      0.65      1.00     94.94      1.00
         det_prob[156]      0.84      0.13      0.87      0.67      1.00     95.30      1.00
         det_prob[157]      0.84      0.13      0.87      0.65      1.00     97.48      1.00
         det_prob[158]      0.84      0.13      0.87      0.67      1.00     97.64      1.00
         det_prob[159]      0.84      0.13      0.88      0.65      1.00     95.70      1.00
         det_prob[160]      0.84      0.12      0.88      0.67      1.00     96.41      1.00
         det_prob[161]      0.85      0.12      0.88      0.67      1.00     98.75      1.00
         det_prob[162]      0.85      0.12      0.88      0.67      1.00     98.90      1.00
         det_prob[163]      0.85      0.12      0.88      0.68      1.00     98.33      1.00
         det_prob[164]      0.85      0.12      0.88      0.68      1.00     96.92      1.00
         det_prob[165]      0.85      0.12      0.89      0.68      1.00     97.92      1.00
         det_prob[166]      0.86      0.12      0.89      0.69      1.00     96.80      1.00
         det_prob[167]      0.86      0.11      0.89      0.70      1.00     95.14      1.00
         det_prob[168]      0.86      0.11      0.89      0.69      1.00     94.81      1.00
         det_prob[169]      0.86      0.11      0.89      0.70      1.00     93.52      1.00
         det_prob[170]      0.86      0.11      0.89      0.70      1.00     93.60      1.00
         det_prob[171]      0.86      0.11      0.89      0.70      1.00     96.48      1.00
         det_prob[172]      0.86      0.11      0.89      0.70      1.00     94.92      1.00
         det_prob[173]      0.86      0.11      0.89      0.70      1.00     96.96      1.00
         det_prob[174]      0.87      0.11      0.90      0.70      1.00    103.13      1.00
         det_prob[175]      0.86      0.11      0.90      0.68      1.00    102.20      1.00
         det_prob[176]      0.86      0.12      0.90      0.69      1.00    103.72      1.00
         det_prob[177]      0.86      0.12      0.90      0.68      1.00    108.89      1.00
         det_prob[178]      0.86      0.12      0.90      0.68      1.00    115.48      1.00
         det_prob[179]      0.86      0.12      0.90      0.69      1.00    115.74      1.00
         det_prob[180]      0.86      0.12      0.90      0.69      1.00    111.71      1.00
         det_prob[181]      0.86      0.12      0.90      0.69      1.00    115.99      1.00
         det_prob[182]      0.86      0.12      0.90      0.69      1.00    119.56      1.00
         det_prob[183]      0.86      0.13      0.90      0.69      1.00    116.90      1.00
         det_prob[184]      0.86      0.13      0.90      0.68      1.00    113.29      1.00
         det_prob[185]      0.86      0.13      0.90      0.69      1.00    112.15      1.00
         det_prob[186]      0.86      0.13      0.90      0.69      1.00    118.36      1.00
         det_prob[187]      0.86      0.13      0.90      0.69      1.00    122.54      1.00
         det_prob[188]      0.86      0.13      0.90      0.69      1.00    122.57      1.00
         det_prob[189]      0.86      0.13      0.90      0.69      1.00    122.61      1.00
         det_prob[190]      0.87      0.13      0.90      0.68      1.00    121.72      1.00
         det_prob[191]      0.87      0.13      0.90      0.69      1.00    121.08      1.00
         det_prob[192]      0.87      0.13      0.90      0.69      1.00    119.53      1.01
         det_prob[193]      0.87      0.13      0.90      0.69      1.00    124.15      1.00
         det_prob[194]      0.87      0.13      0.91      0.69      1.00    127.87      1.00
         det_prob[195]      0.87      0.13      0.91      0.69      1.00    131.32      1.00
         det_prob[196]      0.87      0.13      0.91      0.69      1.00    130.12      1.00
         det_prob[197]      0.87      0.13      0.91      0.69      1.00    126.32      1.01
         det_prob[198]      0.87      0.13      0.91      0.69      1.00    125.13      1.00
         det_prob[199]      0.87      0.13      0.91      0.69      1.00    126.78      1.00
         det_prob[200]      0.87      0.13      0.91      0.69      1.00    127.14      1.00
         det_prob[201]      0.87      0.13      0.91      0.69      1.00    124.26      1.00
         det_prob[202]      0.87      0.14      0.91      0.69      1.00    122.27      1.00
         det_prob[203]      0.87      0.14      0.91      0.70      1.00    122.68      1.00
         det_prob[204]      0.87      0.13      0.91      0.70      1.00    123.97      1.00
         det_prob[205]      0.87      0.13      0.92      0.69      1.00    125.87      1.00
         det_prob[206]      0.87      0.13      0.92      0.68      1.00    126.27      1.00
         det_prob[207]      0.87      0.13      0.92      0.70      1.00    128.62      1.00
         det_prob[208]      0.87      0.13      0.92      0.69      1.00    129.06      1.00
         det_prob[209]      0.88      0.13      0.92      0.68      1.00    127.86      1.00
         det_prob[210]      0.88      0.13      0.92      0.68      1.00    127.27      1.00
         det_prob[211]      0.88      0.13      0.93      0.68      1.00    135.85      1.00
         det_prob[212]      0.88      0.13      0.92      0.68      1.00    138.75      1.00
         det_prob[213]      0.88      0.13      0.93      0.67      1.00    142.34      1.00
         det_prob[214]      0.88      0.13      0.93      0.68      1.00    140.23      1.00
         det_prob[215]      0.88      0.13      0.93      0.68      1.00    138.09      1.00
         det_prob[216]      0.88      0.13      0.93      0.68      1.00    143.42      1.00
         det_prob[217]      0.88      0.13      0.93      0.69      1.00    149.79      1.00
         det_prob[218]      0.88      0.13      0.93      0.69      1.00    144.46      1.00
         det_prob[219]      0.88      0.13      0.93      0.69      1.00    151.43      1.00
         det_prob[220]      0.88      0.13      0.93      0.70      1.00    151.55      1.00
         det_prob[221]      0.88      0.13      0.93      0.70      1.00    156.76      1.00
         det_prob[222]      0.88      0.13      0.93      0.68      1.00    160.12      1.00
         det_prob[223]      0.88      0.13      0.93      0.70      1.00    172.00      1.00
         det_prob[224]      0.88      0.13      0.93      0.68      1.00    166.07      1.00
         det_prob[225]      0.88      0.13      0.93      0.68      1.00    171.97      1.00
         det_prob[226]      0.88      0.14      0.93      0.68      1.00    176.40      1.00
         det_prob[227]      0.88      0.14      0.93      0.67      1.00    179.59      1.00
             det_prob0      0.22      0.05      0.22      0.14      0.31    660.97      1.00
            det_prob_d      0.90      0.03      0.90      0.85      0.95   1574.60      1.00
                 gamma      0.49      0.05      0.49      0.42      0.58   1084.24      1.00
                 rw[0]      0.03      0.98      0.03     -1.57      1.69    367.90      1.00
                 rw[1]      0.17      1.38      0.16     -1.78      2.66    143.50      1.00
                 rw[2]      0.42      1.70      0.40     -2.46      3.04     93.92      1.00
                 rw[3]      0.68      1.93      0.68     -2.18      3.95     79.89      1.00
                 rw[4]      1.03      2.11      1.14     -2.38      4.38     71.70      1.00
                 rw[5]      1.35      2.22      1.35     -2.28      4.87     64.22      1.00
                 rw[6]      1.64      2.41      1.71     -2.44      5.33     61.07      1.00
                 rw[7]      1.96      2.52      2.08     -2.03      6.15     55.32      1.00
                 rw[8]      2.13      2.60      2.23     -2.01      6.26     49.84      1.00
                 rw[9]      2.21      2.68      2.35     -2.35      6.25     44.70      1.00
                rw[10]      2.24      2.68      2.38     -2.31      6.50     44.01      1.00
                rw[11]      2.12      2.73      2.27     -2.37      6.61     42.01      1.00
                rw[12]      1.94      2.78      2.07     -3.02      6.31     40.33      1.00
                rw[13]      1.65      2.80      1.75     -2.96      6.19     37.95      1.00
                rw[14]      1.39      2.79      1.47     -2.72      6.52     37.26      1.00
                rw[15]      1.11      2.83      1.04     -3.89      5.50     38.60      1.00
                rw[16]      0.84      2.80      0.83     -3.78      5.29     40.29      1.00
                rw[17]      0.64      2.82      0.71     -3.79      5.60     40.29      1.00
                rw[18]      0.40      2.78      0.41     -3.83      5.43     41.80      1.00
                rw[19]      0.26      2.78      0.32     -4.19      4.80     39.46      1.00
                rw[20]      0.13      2.70      0.16     -4.21      4.41     38.77      1.00
                rw[21]     -0.03      2.70      0.05     -4.43      4.37     38.85      1.00
                rw[22]     -0.17      2.77     -0.11     -4.25      4.82     38.40      1.00
                rw[23]     -0.32      2.74     -0.20     -4.98      4.19     39.14      1.00
                rw[24]     -0.52      2.75     -0.40     -4.73      4.32     38.71      1.00
                rw[25]     -0.81      2.74     -0.72     -5.17      3.61     40.40      1.00
                rw[26]     -1.14      2.74     -1.06     -5.29      3.49     41.18      1.00
                rw[27]     -1.41      2.73     -1.26     -5.49      3.50     40.05      1.00
                rw[28]     -1.76      2.71     -1.59     -6.25      2.86     39.20      1.00
                rw[29]     -2.05      2.72     -2.03     -6.20      2.97     38.70      1.00
                rw[30]     -2.39      2.81     -2.23     -6.79      2.33     38.83      1.00
                rw[31]     -2.79      2.81     -2.65     -7.42      1.61     37.76      1.00
                rw[32]     -3.11      2.72     -3.00     -7.98      0.91     38.75      1.00
                rw[33]     -3.48      2.74     -3.40     -8.42      0.60     39.05      1.00
                rw[34]     -3.85      2.73     -3.77     -7.99      1.01     40.86      1.00
                rw[35]     -4.21      2.76     -4.08     -8.50      0.42     40.33      1.00
                rw[36]     -4.61      2.82     -4.54     -9.25     -0.08     40.54      1.00
                rw[37]     -4.96      2.80     -4.83     -9.27     -0.09     41.97      1.00
                rw[38]     -5.31      2.81     -5.24     -9.93     -0.61     42.87      1.00
                rw[39]     -5.62      2.85     -5.42    -10.62     -1.25     43.22      1.00
                rw[40]     -5.96      2.81     -5.86    -10.80     -1.66     41.72      1.00
                rw[41]     -6.22      2.85     -6.09    -10.92     -1.60     39.64      1.00
                rw[42]     -6.46      2.90     -6.32    -10.66     -1.38     40.56      1.00
                rw[43]     -6.66      2.86     -6.54    -11.27     -2.15     42.26      1.00
                rw[44]     -6.82      2.84     -6.66    -11.38     -2.31     40.58      1.00
                rw[45]     -6.95      2.89     -6.82    -11.83     -2.32     41.23      1.00
                rw[46]     -7.09      2.96     -6.98    -11.62     -2.18     41.79      1.00
                rw[47]     -7.20      2.96     -7.09    -11.80     -2.10     42.56      1.00
                rw[48]     -7.28      2.94     -7.18    -11.88     -2.14     45.32      1.00
                rw[49]     -7.34      2.98     -7.32    -11.64     -1.88     45.03      1.00
                rw[50]     -7.36      2.99     -7.28    -12.08     -2.20     45.39      1.00
                rw[51]     -7.37      3.02     -7.23    -12.65     -2.81     44.88      1.00
                rw[52]     -7.36      3.05     -7.14    -12.30     -2.47     43.51      1.00
                rw[53]     -7.34      3.11     -7.17    -12.68     -2.55     43.84      1.00
                rw[54]     -7.39      3.13     -7.36    -12.49     -2.52     45.28      1.00
                rw[55]     -7.39      3.10     -7.33    -12.32     -2.26     45.51      1.00
                rw[56]     -7.36      3.07     -7.25    -12.00     -2.12     46.36      1.00
                rw[57]     -7.35      3.06     -7.35    -12.71     -2.80     45.89      1.00
                rw[58]     -7.34      3.09     -7.27    -12.85     -2.95     45.39      1.00
                rw[59]     -7.29      3.08     -7.05    -12.32     -2.34     45.99      1.00
                rw[60]     -7.25      3.07     -7.12    -12.24     -2.23     44.45      1.00
                rw[61]     -7.26      3.07     -7.09    -12.11     -2.08     43.96      1.00
                rw[62]     -7.22      3.09     -7.12    -12.57     -2.18     44.11      1.00
                rw[63]     -7.26      3.10     -7.07    -12.20     -1.86     44.68      1.00
                rw[64]     -7.24      3.12     -7.08    -12.73     -2.50     44.05      1.00
                rw[65]     -7.23      3.10     -6.92    -12.42     -2.10     45.87      1.00
                rw[66]     -7.23      3.07     -7.16    -12.50     -2.50     48.83      1.00
                rw[67]     -7.20      3.14     -6.95    -12.63     -2.34     48.05      1.00
                rw[68]     -7.18      3.13     -6.98    -12.36     -2.09     47.66      1.00
                rw[69]     -7.19      3.14     -6.99    -12.15     -2.13     47.54      1.00
                rw[70]     -7.20      3.11     -7.10    -12.15     -2.03     48.19      1.00
                rw[71]     -7.24      3.10     -7.02    -12.04     -1.87     46.67      1.00
                rw[72]     -7.25      3.14     -7.10    -12.41     -2.19     46.90      1.00
                rw[73]     -7.28      3.13     -7.14    -12.28     -2.18     46.74      1.00
                rw[74]     -7.24      3.13     -7.10    -12.30     -1.97     46.75      1.00
                rw[75]     -7.28      3.13     -7.22    -12.58     -2.14     47.80      1.00
                rw[76]     -7.32      3.07     -7.11    -12.06     -2.10     47.13      1.00
                rw[77]     -7.35      3.07     -7.19    -12.11     -2.02     47.54      1.00
                rw[78]     -7.35      3.08     -7.11    -12.76     -2.71     46.54      1.00
                rw[79]     -7.27      3.03     -7.08    -12.04     -2.18     47.08      1.00
                rw[80]     -7.26      3.00     -7.01    -12.16     -2.49     46.00      1.00
                rw[81]     -7.22      3.01     -7.08    -12.06     -2.48     46.91      1.00
                rw[82]     -7.18      3.00     -7.06    -12.27     -2.72     45.50      1.00
                rw[83]     -7.14      2.99     -6.94    -11.83     -2.32     45.10      1.00
                rw[84]     -7.13      2.98     -6.99    -11.60     -2.02     45.02      1.00
                rw[85]     -7.10      3.02     -6.85    -12.00     -2.20     44.03      1.00
                rw[86]     -7.03      3.01     -6.76    -12.43     -2.69     45.50      1.00
                rw[87]     -6.99      2.99     -6.88    -11.98     -2.61     44.81      1.00
                rw[88]     -6.95      2.97     -6.81    -11.65     -1.89     42.72      1.00
                rw[89]     -6.93      2.93     -6.69    -11.56     -2.13     42.43      1.00
                rw[90]     -6.90      2.93     -6.67    -12.12     -2.56     43.71      1.00
                rw[91]     -6.88      2.92     -6.74    -11.76     -2.12     42.19      1.00
                rw[92]     -6.82      2.96     -6.75    -11.42     -1.88     45.35      1.00
                rw[93]     -6.80      2.95     -6.76    -11.37     -1.79     46.68      1.00
                rw[94]     -6.74      2.91     -6.62    -11.21     -1.66     45.98      1.00
                rw[95]     -6.69      2.90     -6.55    -11.31     -1.82     44.03      1.00
                rw[96]     -6.63      2.93     -6.50    -11.17     -1.65     43.52      1.00
                rw[97]     -6.56      2.96     -6.41    -10.87     -1.22     42.40      1.00
                rw[98]     -6.59      2.92     -6.56    -11.39     -1.98     42.15      1.00
                rw[99]     -6.54      2.90     -6.37    -11.27     -1.86     43.87      1.00
               rw[100]     -6.48      2.91     -6.27    -11.09     -1.75     41.13      1.00
               rw[101]     -6.37      2.92     -6.09    -11.53     -1.94     41.28      1.00
               rw[102]     -6.28      2.88     -6.18    -11.31     -1.87     42.69      1.00
               rw[103]     -6.19      2.95     -6.26    -11.32     -1.47     43.01      1.00
               rw[104]     -6.08      2.93     -6.20    -10.89     -1.37     42.44      1.00
               rw[105]     -5.90      2.92     -5.85    -10.70     -1.05     43.17      1.00
               rw[106]     -5.76      2.88     -5.85    -10.45     -0.89     41.40      1.00
               rw[107]     -5.63      2.89     -5.61    -10.29     -0.90     42.13      1.00
               rw[108]     -5.41      2.86     -5.29     -9.71     -0.27     43.33      1.00
               rw[109]     -5.21      2.87     -5.13    -10.13     -0.66     43.32      1.00
               rw[110]     -4.97      2.88     -4.90     -9.74     -0.25     45.19      1.00
               rw[111]     -4.79      2.92     -4.73     -9.55     -0.11     44.74      1.00
               rw[112]     -4.59      2.95     -4.50     -9.46      0.20     45.45      1.00
               rw[113]     -4.47      2.89     -4.31     -9.18      0.29     43.87      1.00
               rw[114]     -4.38      2.94     -4.32     -9.51      0.22     43.25      1.00
               rw[115]     -4.21      2.96     -4.14     -9.31      0.51     43.84      1.00
               rw[116]     -4.10      2.99     -4.06     -8.71      1.22     45.92      1.00
               rw[117]     -4.01      3.01     -3.96     -8.78      0.89     46.60      1.00
               rw[118]     -3.93      2.99     -3.92     -8.53      1.36     45.59      1.00
               rw[119]     -3.89      3.01     -3.80     -9.36      0.54     44.87      1.00
               rw[120]     -3.83      2.99     -3.75     -8.29      1.65     42.98      1.00
               rw[121]     -3.86      2.98     -3.78     -8.52      1.23     42.25      1.00
               rw[122]     -3.87      3.01     -3.73     -9.09      0.76     42.22      1.00
               rw[123]     -3.94      3.00     -3.86     -8.69      1.15     40.60      1.00
               rw[124]     -4.06      2.97     -4.06     -9.22      0.60     40.86      1.00
               rw[125]     -4.19      2.91     -4.16     -8.80      0.45     39.78      1.00
               rw[126]     -4.29      2.92     -4.18     -9.48     -0.07     40.08      1.00
               rw[127]     -4.44      2.95     -4.33     -9.29      0.25     40.53      1.00
               rw[128]     -4.57      2.94     -4.52     -9.47      0.16     40.10      1.00
               rw[129]     -4.68      2.95     -4.64    -10.31     -0.65     40.18      1.00
               rw[130]     -4.76      2.94     -4.62     -9.72     -0.27     42.17      1.00
               rw[131]     -4.81      2.95     -4.78     -9.76     -0.22     44.85      1.00
               rw[132]     -4.85      2.98     -4.80     -9.27      0.28     45.47      1.00
               rw[133]     -4.91      3.00     -4.75    -10.03     -0.34     46.94      1.00
               rw[134]     -4.93      2.98     -4.76     -9.60      0.08     44.36      1.00
               rw[135]     -4.92      3.00     -4.81     -9.59     -0.09     44.70      1.00
               rw[136]     -4.92      3.00     -4.90    -10.23     -0.46     46.49      1.00
               rw[137]     -4.92      3.04     -4.83     -9.46      0.44     46.28      1.00
               rw[138]     -4.93      3.05     -4.92     -9.82      0.09     47.08      1.00
               rw[139]     -4.95      3.08     -4.86     -9.57      0.38     45.49      1.00
               rw[140]     -4.95      3.01     -4.80     -9.44      0.14     46.83      1.00
               rw[141]     -5.00      2.99     -5.00     -9.48      0.02     45.68      1.00
               rw[142]     -5.10      2.98     -5.08     -9.68     -0.13     47.91      1.00
               rw[143]     -5.22      2.90     -5.11    -10.10     -0.63     45.84      1.00
               rw[144]     -5.32      2.93     -5.32     -9.66     -0.17     44.58      1.00
               rw[145]     -5.42      2.98     -5.41    -10.31     -0.77     45.03      1.00
               rw[146]     -5.55      2.98     -5.46    -10.35     -0.54     43.85      1.00
               rw[147]     -5.67      2.98     -5.60    -10.15     -0.40     43.48      1.00
               rw[148]     -5.67      2.97     -5.50    -10.87     -1.13     44.38      1.00
               rw[149]     -5.68      2.97     -5.53    -10.20     -0.50     44.59      1.00
               rw[150]     -5.68      2.92     -5.51    -10.36     -0.79     46.48      1.00
               rw[151]     -5.61      2.95     -5.48    -10.45     -0.87     46.63      1.00
               rw[152]     -5.59      2.93     -5.39    -11.11     -1.40     44.10      1.00
               rw[153]     -5.48      2.94     -5.26    -10.36     -0.72     43.96      1.00
               rw[154]     -5.32      2.93     -5.18    -10.31     -0.83     44.35      1.00
               rw[155]     -5.24      2.91     -5.17     -9.76     -0.34     42.80      1.00
               rw[156]     -5.13      2.86     -5.02     -9.81     -0.63     43.13      1.00
               rw[157]     -4.95      2.85     -4.87     -9.56     -0.49     41.87      1.00
               rw[158]     -4.83      2.85     -4.78     -9.61     -0.53     40.71      1.00
               rw[159]     -4.72      2.83     -4.57     -9.26     -0.17     40.53      1.00
               rw[160]     -4.63      2.84     -4.52     -9.57     -0.41     40.54      1.00
               rw[161]     -4.46      2.91     -4.36     -9.76     -0.18     40.09      1.00
               rw[162]     -4.31      2.92     -4.08     -9.05      0.39     41.24      1.00
               rw[163]     -4.13      2.88     -3.95     -9.24      0.27     40.98      1.00
               rw[164]     -4.00      2.88     -3.87     -9.06      0.48     41.29      1.00
               rw[165]     -3.87      2.86     -3.74     -8.89      0.57     42.97      1.00
               rw[166]     -3.71      2.85     -3.63     -8.33      0.93     44.56      1.00
               rw[167]     -3.54      2.86     -3.45     -8.43      1.00     43.96      1.00
               rw[168]     -3.42      2.84     -3.33     -7.67      1.51     41.84      1.00
               rw[169]     -3.32      2.81     -3.19     -7.68      1.75     43.05      1.00
               rw[170]     -3.15      2.78     -3.04     -7.87      1.18     41.58      1.00
               rw[171]     -3.01      2.81     -2.95     -7.55      1.65     41.93      1.00
               rw[172]     -2.95      2.83     -2.88     -7.52      1.79     40.03      1.00
               rw[173]     -2.92      2.82     -2.84     -7.24      2.08     41.01      1.00
               rw[174]     -2.87      2.87     -2.83     -7.44      1.99     41.56      1.00
               rw[175]     -2.80      2.87     -2.71     -7.29      2.32     42.35      1.00
               rw[176]     -2.72      2.87     -2.67     -7.45      2.00     42.68      1.00
               rw[177]     -2.70      2.85     -2.65     -7.33      2.05     40.87      1.00
               rw[178]     -2.64      2.88     -2.52     -7.52      2.05     41.38      1.00
               rw[179]     -2.72      2.86     -2.63     -7.08      2.12     41.63      1.00
               rw[180]     -2.75      2.88     -2.56     -6.89      2.61     39.16      1.00
               rw[181]     -2.88      2.85     -2.76     -7.33      1.92     40.81      1.00
               rw[182]     -3.03      2.85     -2.96     -7.77      1.59     42.15      1.00
               rw[183]     -3.13      2.84     -3.04     -7.47      1.89     41.86      1.00
               rw[184]     -3.26      2.91     -3.21     -7.92      1.63     40.75      1.00
               rw[185]     -3.37      2.85     -3.35     -7.86      1.43     41.72      1.00
               rw[186]     -3.51      2.81     -3.50     -8.40      0.84     43.05      1.00
               rw[187]     -3.62      2.79     -3.53     -8.25      0.75     41.48      1.00
               rw[188]     -3.82      2.81     -3.77     -8.98      0.25     41.20      1.00
               rw[189]     -3.94      2.80     -3.93     -8.24      0.76     41.10      1.00
               rw[190]     -4.02      2.83     -3.94     -8.61      0.51     42.42      1.00
               rw[191]     -4.06      2.84     -3.97     -8.85      0.31     42.71      1.00
               rw[192]     -4.19      2.80     -4.15     -8.44      0.59     41.57      1.00
               rw[193]     -4.21      2.82     -4.18     -8.88      0.09     41.15      1.00
               rw[194]     -4.23      2.85     -4.16     -8.99      0.22     40.97      1.00
               rw[195]     -4.24      2.85     -4.19     -9.05      0.20     41.87      1.00
               rw[196]     -4.24      2.84     -4.16     -9.12     -0.02     40.54      1.00
               rw[197]     -4.17      2.84     -4.08     -8.78      0.45     40.70      1.00
               rw[198]     -4.11      2.89     -4.08     -8.68      0.83     41.41      1.00
               rw[199]     -4.02      2.85     -4.02     -8.64      0.62     43.54      1.00
               rw[200]     -4.00      2.88     -4.06     -9.27      0.13     42.82      1.00
               rw[201]     -3.90      2.87     -3.87     -8.71      0.53     41.65      1.00
               rw[202]     -3.89      2.89     -3.88     -8.56      0.92     41.66      1.00
               rw[203]     -3.79      2.92     -3.80     -8.32      1.22     42.29      1.00
               rw[204]     -3.73      2.88     -3.72     -8.61      0.89     41.10      1.00
               rw[205]     -3.70      2.91     -3.66     -8.24      1.15     40.20      1.00
               rw[206]     -3.72      2.89     -3.66     -8.66      0.87     40.93      1.00
               rw[207]     -3.73      2.89     -3.61     -8.66      1.02     43.37      1.00
               rw[208]     -3.74      2.85     -3.62     -8.52      0.81     42.45      1.00
               rw[209]     -3.80      2.86     -3.75     -8.75      0.54     42.92      1.00
               rw[210]     -3.93      2.86     -4.01     -8.37      0.89     41.41      1.00
               rw[211]     -3.96      2.86     -3.96     -8.42      0.89     41.84      1.00
               rw[212]     -4.04      2.86     -4.10     -8.50      0.93     43.02      1.00
               rw[213]     -4.10      2.86     -4.14     -8.51      0.80     42.93      1.00
               rw[214]     -4.15      2.85     -4.06     -8.81      0.34     45.66      1.00
               rw[215]     -4.26      2.88     -4.11     -8.97      0.40     45.38      1.00
               rw[216]     -4.24      2.94     -4.12     -8.85      0.54     44.60      1.00
               rw[217]     -4.35      2.96     -4.24     -9.39      0.39     46.16      1.00
               rw[218]     -4.37      3.01     -4.26     -9.04      0.77     45.92      1.00
               rw[219]     -4.38      3.03     -4.33     -9.22      0.61     46.32      1.00
               rw[220]     -4.39      3.08     -4.36     -9.60      0.47     48.07      1.00
               rw[221]     -4.50      3.16     -4.46     -9.78      0.39     49.56      1.00
               rw[222]     -4.57      3.24     -4.57     -9.61      0.63     50.36      1.00
               rw[223]     -4.61      3.30     -4.53     -9.80      0.64     52.23      1.00
               rw[224]     -4.65      3.41     -4.57    -10.00      1.10     54.79      1.00
               rw[225]     -4.75      3.53     -4.76    -10.58      0.89     58.91      1.00
               rw[226]     -4.81      3.69     -4.67    -10.79      1.29     60.56      1.00
               rw[227]     -4.82      3.86     -4.75    -10.88      1.72     64.45      1.00
                 sigma      0.23      0.02      0.23      0.19      0.27   1105.71      1.00

Number of divergences: 21
