
                            mean       std    median      5.0%     95.0%     n_eff     r_hat
                    D0      5.05     32.18      0.92      0.00      6.27    605.23      1.00
                    E0     11.15     12.93      6.81      0.01     26.01    155.85      1.00
                    H0      1.18      1.26      0.75      0.00      2.74   1424.51      1.00
                    I0      5.70      8.94      2.82      0.00     13.39     84.07      1.02
                 beta0      1.41      0.87      1.20      0.32      2.52     17.80      1.04
  confirmed_dispersion      0.35      0.06      0.35      0.26      0.44   1411.69      1.00
      death_dispersion      0.90      0.07      0.89      0.78      1.01   2142.26      1.00
            death_prob      0.01      0.00      0.01      0.01      0.02     26.28      1.05
            death_rate      0.05      0.01      0.05      0.03      0.07    110.68      1.00
           det_prob[0]      0.22      0.06      0.21      0.13      0.32    453.18      1.00
           det_prob[1]      0.21      0.06      0.20      0.11      0.30    370.42      1.00
           det_prob[2]      0.19      0.06      0.18      0.09      0.30    286.85      1.00
           det_prob[3]      0.18      0.07      0.17      0.09      0.29    271.55      1.00
           det_prob[4]      0.17      0.07      0.16      0.07      0.27    254.68      1.00
           det_prob[5]      0.16      0.07      0.15      0.07      0.26    241.68      1.00
           det_prob[6]      0.16      0.07      0.14      0.06      0.26    224.04      1.00
           det_prob[7]      0.15      0.07      0.14      0.05      0.25    226.74      1.00
           det_prob[8]      0.15      0.07      0.13      0.05      0.25    215.25      1.01
           det_prob[9]      0.14      0.07      0.13      0.04      0.23    210.60      1.01
          det_prob[10]      0.14      0.06      0.12      0.05      0.24    201.23      1.01
          det_prob[11]      0.13      0.06      0.12      0.04      0.22    182.92      1.01
          det_prob[12]      0.13      0.06      0.12      0.04      0.21    170.67      1.01
          det_prob[13]      0.13      0.06      0.11      0.04      0.21    192.56      1.01
          det_prob[14]      0.12      0.06      0.11      0.04      0.20    181.79      1.01
          det_prob[15]      0.12      0.06      0.11      0.04      0.20    180.36      1.01
          det_prob[16]      0.11      0.05      0.10      0.04      0.19    171.05      1.02
          det_prob[17]      0.11      0.05      0.10      0.03      0.18    167.12      1.02
          det_prob[18]      0.11      0.05      0.10      0.03      0.18    156.99      1.02
          det_prob[19]      0.11      0.05      0.10      0.04      0.19    155.18      1.02
          det_prob[20]      0.11      0.05      0.10      0.04      0.19    151.60      1.02
          det_prob[21]      0.11      0.05      0.10      0.03      0.17    158.36      1.02
          det_prob[22]      0.11      0.05      0.10      0.04      0.17    159.45      1.02
          det_prob[23]      0.11      0.05      0.10      0.04      0.18    159.71      1.02
          det_prob[24]      0.11      0.05      0.10      0.04      0.18    155.41      1.01
          det_prob[25]      0.11      0.05      0.10      0.04      0.18    143.88      1.02
          det_prob[26]      0.11      0.05      0.10      0.04      0.18    140.28      1.01
          det_prob[27]      0.11      0.05      0.10      0.04      0.19    155.27      1.01
          det_prob[28]      0.11      0.05      0.11      0.04      0.19    143.19      1.01
          det_prob[29]      0.12      0.05      0.11      0.04      0.20    147.17      1.02
          det_prob[30]      0.13      0.05      0.12      0.04      0.20    131.16      1.02
          det_prob[31]      0.13      0.05      0.12      0.05      0.21    134.67      1.02
          det_prob[32]      0.14      0.06      0.13      0.05      0.22    124.12      1.02
          det_prob[33]      0.14      0.06      0.13      0.05      0.23    122.83      1.02
          det_prob[34]      0.14      0.06      0.13      0.05      0.23    147.79      1.02
          det_prob[35]      0.14      0.06      0.13      0.06      0.24    119.54      1.03
          det_prob[36]      0.14      0.06      0.14      0.06      0.23    131.95      1.02
          det_prob[37]      0.15      0.06      0.14      0.06      0.24    121.13      1.02
          det_prob[38]      0.15      0.06      0.14      0.05      0.24    103.13      1.03
          det_prob[39]      0.15      0.06      0.14      0.05      0.24    117.00      1.03
          det_prob[40]      0.15      0.06      0.14      0.05      0.25    116.28      1.03
          det_prob[41]      0.15      0.06      0.14      0.05      0.25    115.98      1.03
          det_prob[42]      0.16      0.07      0.14      0.05      0.24    104.02      1.03
          det_prob[43]      0.16      0.07      0.15      0.06      0.26     92.12      1.03
          det_prob[44]      0.17      0.07      0.16      0.06      0.27     81.41      1.02
          det_prob[45]      0.17      0.07      0.16      0.07      0.28     84.16      1.02
          det_prob[46]      0.18      0.07      0.17      0.07      0.29     88.55      1.01
          det_prob[47]      0.18      0.07      0.17      0.07      0.30     83.84      1.02
          det_prob[48]      0.19      0.08      0.18      0.08      0.31     92.77      1.01
          det_prob[49]      0.19      0.08      0.18      0.08      0.32     95.93      1.01
          det_prob[50]      0.20      0.08      0.19      0.07      0.32    103.86      1.01
          det_prob[51]      0.21      0.08      0.20      0.08      0.33    105.10      1.01
          det_prob[52]      0.22      0.08      0.21      0.08      0.34     98.69      1.01
          det_prob[53]      0.22      0.08      0.21      0.10      0.36     84.45      1.02
          det_prob[54]      0.23      0.08      0.21      0.10      0.37     77.12      1.02
          det_prob[55]      0.22      0.09      0.21      0.09      0.36     80.58      1.02
          det_prob[56]      0.22      0.09      0.21      0.09      0.36     86.62      1.02
          det_prob[57]      0.23      0.09      0.21      0.09      0.37     85.18      1.01
          det_prob[58]      0.23      0.09      0.22      0.08      0.37     86.91      1.01
          det_prob[59]      0.24      0.09      0.22      0.10      0.40     92.81      1.01
          det_prob[60]      0.24      0.10      0.23      0.10      0.40     83.49      1.01
          det_prob[61]      0.25      0.10      0.24      0.08      0.39     77.75      1.01
          det_prob[62]      0.27      0.10      0.25      0.11      0.43     75.96      1.01
          det_prob[63]      0.27      0.10      0.26      0.12      0.45     74.27      1.01
          det_prob[64]      0.28      0.10      0.26      0.10      0.43     69.01      1.01
          det_prob[65]      0.28      0.11      0.27      0.11      0.44     68.43      1.01
          det_prob[66]      0.29      0.11      0.27      0.12      0.47     67.89      1.01
          det_prob[67]      0.30      0.11      0.29      0.13      0.48     66.62      1.01
          det_prob[68]      0.31      0.12      0.30      0.13      0.49     60.84      1.01
          det_prob[69]      0.32      0.12      0.30      0.15      0.52     58.34      1.01
          det_prob[70]      0.33      0.12      0.31      0.15      0.54     58.93      1.02
          det_prob[71]      0.34      0.13      0.32      0.15      0.56     58.06      1.02
          det_prob[72]      0.34      0.13      0.32      0.14      0.55     52.02      1.02
          det_prob[73]      0.35      0.13      0.33      0.14      0.55     46.36      1.02
          det_prob[74]      0.35      0.13      0.33      0.15      0.57     45.05      1.02
          det_prob[75]      0.36      0.14      0.34      0.14      0.57     44.03      1.02
          det_prob[76]      0.36      0.14      0.34      0.15      0.60     43.87      1.03
          det_prob[77]      0.37      0.14      0.35      0.16      0.61     46.28      1.02
          det_prob[78]      0.37      0.15      0.35      0.14      0.61     45.39      1.03
          det_prob[79]      0.37      0.15      0.35      0.12      0.62     42.43      1.03
          det_prob[80]      0.38      0.16      0.36      0.13      0.64     41.83      1.03
          det_prob[81]      0.38      0.16      0.35      0.12      0.65     41.40      1.03
          det_prob[82]      0.38      0.17      0.35      0.08      0.63     41.25      1.03
          det_prob[83]      0.37      0.18      0.35      0.11      0.67     40.04      1.04
          det_prob[84]      0.38      0.18      0.35      0.12      0.69     39.94      1.04
          det_prob[85]      0.38      0.18      0.35      0.12      0.71     40.05      1.04
          det_prob[86]      0.39      0.19      0.35      0.08      0.67     39.66      1.04
          det_prob[87]      0.39      0.19      0.35      0.07      0.68     39.34      1.04
          det_prob[88]      0.39      0.20      0.35      0.08      0.70     37.65      1.05
          det_prob[89]      0.39      0.20      0.35      0.07      0.70     38.37      1.05
          det_prob[90]      0.38      0.21      0.34      0.06      0.70     38.32      1.04
          det_prob[91]      0.38      0.21      0.33      0.08      0.73     37.49      1.05
          det_prob[92]      0.38      0.21      0.33      0.07      0.74     37.20      1.05
          det_prob[93]      0.39      0.22      0.34      0.08      0.74     36.87      1.05
          det_prob[94]      0.40      0.22      0.35      0.08      0.76     35.48      1.05
          det_prob[95]      0.41      0.22      0.36      0.08      0.77     35.51      1.05
          det_prob[96]      0.41      0.23      0.36      0.06      0.76     35.01      1.05
          det_prob[97]      0.42      0.23      0.37      0.06      0.78     35.24      1.05
          det_prob[98]      0.43      0.23      0.39      0.07      0.80     35.45      1.05
          det_prob[99]      0.44      0.23      0.40      0.07      0.80     34.95      1.05
         det_prob[100]      0.45      0.23      0.41      0.09      0.84     34.86      1.05
         det_prob[101]      0.46      0.23      0.42      0.12      0.87     33.26      1.06
         det_prob[102]      0.47      0.23      0.44      0.10      0.85     32.68      1.06
         det_prob[103]      0.48      0.24      0.45      0.10      0.86     32.62      1.05
         det_prob[104]      0.49      0.23      0.46      0.14      0.89     32.58      1.05
         det_prob[105]      0.50      0.23      0.48      0.15      0.90     32.57      1.05
         det_prob[106]      0.52      0.23      0.49      0.15      0.89     31.68      1.05
         det_prob[107]      0.53      0.23      0.51      0.22      0.97     30.90      1.05
         det_prob[108]      0.54      0.23      0.52      0.22      0.94     31.17      1.05
         det_prob[109]      0.55      0.23      0.54      0.25      0.98     31.03      1.05
         det_prob[110]      0.56      0.23      0.55      0.20      0.93     30.46      1.05
         det_prob[111]      0.57      0.23      0.56      0.27      0.98     29.31      1.05
         det_prob[112]      0.58      0.22      0.58      0.28      0.97     28.99      1.05
         det_prob[113]      0.60      0.22      0.60      0.30      0.98     27.82      1.05
         det_prob[114]      0.61      0.21      0.61      0.29      0.96     26.62      1.05
         det_prob[115]      0.63      0.21      0.64      0.34      0.98     25.26      1.05
         det_prob[116]      0.64      0.20      0.65      0.35      0.97     25.08      1.05
         det_prob[117]      0.65      0.20      0.66      0.37      0.99     24.81      1.05
         det_prob[118]      0.66      0.20      0.67      0.39      0.98     24.58      1.05
         det_prob[119]      0.67      0.20      0.68      0.40      0.99     23.16      1.05
         det_prob[120]      0.67      0.19      0.69      0.40      0.99     22.00      1.06
         det_prob[121]      0.68      0.20      0.69      0.39      0.99     22.41      1.06
         det_prob[122]      0.68      0.19      0.70      0.41      0.99     22.52      1.05
         det_prob[123]      0.69      0.19      0.70      0.41      0.99     22.46      1.05
         det_prob[124]      0.69      0.20      0.71      0.41      0.99     22.57      1.05
         det_prob[125]      0.69      0.20      0.71      0.43      0.99     23.08      1.05
         det_prob[126]      0.69      0.20      0.72      0.42      0.99     23.41      1.05
         det_prob[127]      0.70      0.20      0.72      0.41      0.99     23.41      1.05
         det_prob[128]      0.70      0.20      0.73      0.42      0.99     23.15      1.05
         det_prob[129]      0.71      0.20      0.74      0.42      0.99     23.14      1.05
         det_prob[130]      0.71      0.20      0.74      0.42      0.99     23.08      1.05
         det_prob[131]      0.72      0.20      0.76      0.43      0.99     22.71      1.05
         det_prob[132]      0.73      0.20      0.76      0.44      0.99     22.50      1.04
         det_prob[133]      0.73      0.19      0.77      0.46      0.99     23.11      1.04
         det_prob[134]      0.74      0.19      0.78      0.47      1.00     23.43      1.04
         det_prob[135]      0.75      0.18      0.79      0.49      1.00     23.45      1.04
         det_prob[136]      0.76      0.18      0.80      0.50      1.00     22.12      1.04
         det_prob[137]      0.77      0.18      0.81      0.51      0.99     21.49      1.04
         det_prob[138]      0.77      0.17      0.82      0.51      1.00     21.26      1.04
         det_prob[139]      0.78      0.17      0.82      0.53      1.00     21.01      1.04
         det_prob[140]      0.79      0.16      0.84      0.55      1.00     20.71      1.04
         det_prob[141]      0.80      0.16      0.84      0.57      0.99     21.14      1.04
         det_prob[142]      0.81      0.15      0.85      0.59      1.00     20.89      1.04
         det_prob[143]      0.81      0.15      0.86      0.59      1.00     20.75      1.04
         det_prob[144]      0.82      0.15      0.86      0.61      1.00     20.72      1.04
         det_prob[145]      0.82      0.15      0.86      0.62      1.00     20.50      1.04
         det_prob[146]      0.83      0.14      0.87      0.63      1.00     20.34      1.04
         det_prob[147]      0.83      0.14      0.88      0.64      1.00     20.28      1.04
         det_prob[148]      0.84      0.14      0.88      0.64      1.00     20.42      1.04
         det_prob[149]      0.84      0.14      0.88      0.66      1.00     20.06      1.04
         det_prob[150]      0.85      0.13      0.89      0.66      1.00     19.57      1.04
         det_prob[151]      0.85      0.13      0.89      0.66      1.00     19.66      1.04
         det_prob[152]      0.86      0.13      0.89      0.68      1.00     19.69      1.04
         det_prob[153]      0.86      0.12      0.90      0.67      1.00     19.92      1.04
         det_prob[154]      0.86      0.12      0.90      0.68      1.00     20.11      1.04
         det_prob[155]      0.87      0.12      0.90      0.68      1.00     20.51      1.03
         det_prob[156]      0.87      0.12      0.91      0.69      1.00     20.62      1.03
         det_prob[157]      0.87      0.12      0.91      0.70      1.00     20.99      1.03
         det_prob[158]      0.87      0.12      0.91      0.70      1.00     20.54      1.03
         det_prob[159]      0.88      0.11      0.92      0.71      1.00     20.55      1.04
         det_prob[160]      0.88      0.11      0.92      0.71      1.00     20.63      1.04
         det_prob[161]      0.88      0.11      0.92      0.71      1.00     19.75      1.04
         det_prob[162]      0.88      0.11      0.92      0.72      1.00     18.94      1.05
         det_prob[163]      0.88      0.11      0.92      0.72      1.00     18.81      1.05
         det_prob[164]      0.88      0.12      0.92      0.71      1.00     18.58      1.05
         det_prob[165]      0.88      0.12      0.92      0.71      1.00     18.89      1.05
         det_prob[166]      0.88      0.12      0.92      0.70      1.00     18.89      1.05
         det_prob[167]      0.88      0.13      0.92      0.70      1.00     19.49      1.05
         det_prob[168]      0.88      0.13      0.92      0.69      1.00     19.08      1.05
         det_prob[169]      0.87      0.13      0.92      0.69      1.00     19.54      1.05
         det_prob[170]      0.87      0.13      0.92      0.70      1.00     19.12      1.05
         det_prob[171]      0.87      0.13      0.93      0.69      1.00     19.52      1.05
         det_prob[172]      0.87      0.14      0.92      0.68      1.00     19.13      1.05
         det_prob[173]      0.87      0.14      0.92      0.66      1.00     18.50      1.06
         det_prob[174]      0.87      0.14      0.92      0.67      1.00     18.51      1.06
         det_prob[175]      0.87      0.14      0.93      0.68      1.00     18.31      1.06
         det_prob[176]      0.87      0.14      0.93      0.68      1.00     18.45      1.06
         det_prob[177]      0.87      0.14      0.93      0.67      1.00     18.09      1.07
         det_prob[178]      0.87      0.14      0.92      0.67      1.00     18.02      1.07
         det_prob[179]      0.87      0.14      0.92      0.66      1.00     17.94      1.07
         det_prob[180]      0.87      0.14      0.93      0.65      1.00     18.20      1.07
         det_prob[181]      0.87      0.15      0.93      0.66      1.00     18.21      1.07
         det_prob[182]      0.87      0.15      0.92      0.66      1.00     18.11      1.08
         det_prob[183]      0.87      0.14      0.92      0.67      1.00     18.29      1.08
         det_prob[184]      0.87      0.15      0.93      0.67      1.00     17.69      1.08
         det_prob[185]      0.87      0.15      0.92      0.68      1.00     17.39      1.08
         det_prob[186]      0.87      0.15      0.92      0.66      1.00     17.58      1.08
         det_prob[187]      0.86      0.15      0.92      0.65      1.00     17.41      1.08
         det_prob[188]      0.86      0.16      0.92      0.64      1.00     17.42      1.08
         det_prob[189]      0.86      0.16      0.92      0.64      1.00     18.39      1.07
         det_prob[190]      0.86      0.16      0.92      0.64      1.00     18.05      1.07
         det_prob[191]      0.86      0.16      0.92      0.63      1.00     18.19      1.07
         det_prob[192]      0.86      0.16      0.92      0.63      1.00     17.89      1.07
         det_prob[193]      0.86      0.16      0.92      0.63      1.00     17.34      1.07
         det_prob[194]      0.86      0.16      0.92      0.64      1.00     17.39      1.07
         det_prob[195]      0.86      0.16      0.92      0.62      1.00     18.04      1.07
         det_prob[196]      0.85      0.17      0.92      0.60      1.00     18.05      1.07
         det_prob[197]      0.85      0.17      0.92      0.59      1.00     17.91      1.07
         det_prob[198]      0.85      0.18      0.91      0.59      1.00     18.17      1.06
         det_prob[199]      0.85      0.18      0.92      0.59      1.00     18.50      1.06
         det_prob[200]      0.85      0.18      0.92      0.59      1.00     18.55      1.06
         det_prob[201]      0.85      0.18      0.92      0.60      1.00     18.78      1.06
         det_prob[202]      0.85      0.18      0.92      0.58      1.00     18.79      1.06
         det_prob[203]      0.85      0.17      0.92      0.59      1.00     19.60      1.06
         det_prob[204]      0.85      0.17      0.92      0.60      1.00     19.85      1.06
         det_prob[205]      0.85      0.17      0.92      0.58      1.00     19.66      1.06
         det_prob[206]      0.85      0.17      0.92      0.58      1.00     20.15      1.05
         det_prob[207]      0.85      0.17      0.92      0.58      1.00     19.89      1.06
         det_prob[208]      0.85      0.17      0.92      0.58      1.00     20.80      1.05
         det_prob[209]      0.85      0.17      0.92      0.57      1.00     21.09      1.05
         det_prob[210]      0.85      0.17      0.91      0.58      1.00     21.65      1.05
         det_prob[211]      0.85      0.17      0.92      0.58      1.00     21.62      1.05
         det_prob[212]      0.85      0.17      0.92      0.57      1.00     22.00      1.05
         det_prob[213]      0.85      0.17      0.91      0.58      1.00     22.04      1.05
         det_prob[214]      0.85      0.17      0.92      0.59      1.00     23.43      1.05
         det_prob[215]      0.85      0.17      0.92      0.59      1.00     23.70      1.04
         det_prob[216]      0.85      0.18      0.92      0.59      1.00     23.58      1.04
         det_prob[217]      0.85      0.17      0.92      0.59      1.00     24.06      1.04
         det_prob[218]      0.85      0.18      0.92      0.58      1.00     24.11      1.04
         det_prob[219]      0.85      0.18      0.92      0.57      1.00     24.03      1.04
         det_prob[220]      0.85      0.18      0.92      0.58      1.00     24.37      1.04
         det_prob[221]      0.85      0.18      0.92      0.57      1.00     24.72      1.04
         det_prob[222]      0.85      0.18      0.92      0.56      1.00     25.26      1.04
         det_prob[223]      0.85      0.18      0.92      0.58      1.00     25.82      1.04
         det_prob[224]      0.85      0.18      0.92      0.57      1.00     26.40      1.04
         det_prob[225]      0.85      0.18      0.92      0.56      1.00     27.14      1.03
         det_prob[226]      0.85      0.18      0.92      0.56      1.00     27.38      1.03
         det_prob[227]      0.85      0.18      0.92      0.55      1.00     27.01      1.03
             det_prob0      0.24      0.06      0.24      0.15      0.33    562.08      1.00
            det_prob_d      0.90      0.03      0.90      0.85      0.95   2050.08      1.00
                 gamma      0.49      0.05      0.48      0.40      0.57   1313.90      1.00
                 rw[0]     -0.11      1.01     -0.11     -1.86      1.38    102.90      1.00
                 rw[1]     -0.12      1.40     -0.15     -2.66      2.06     51.08      1.01
                 rw[2]     -0.02      1.70     -0.02     -2.84      2.76     35.68      1.02
                 rw[3]      0.15      2.01      0.16     -2.83      3.85     26.56      1.01
                 rw[4]      0.29      2.20      0.27     -3.05      4.20     22.65      1.02
                 rw[5]      0.54      2.39      0.55     -3.46      4.42     20.92      1.02
                 rw[6]      0.80      2.58      0.84     -3.45      5.18     17.18      1.02
                 rw[7]      1.01      2.75      1.11     -3.56      5.43     16.23      1.03
                 rw[8]      1.23      2.92      1.37     -3.94      5.88     14.51      1.04
                 rw[9]      1.43      3.03      1.60     -3.75      6.23     14.07      1.04
                rw[10]      1.67      3.10      1.71     -3.16      7.06     13.55      1.03
                rw[11]      1.78      3.15      1.83     -3.58      6.74     12.76      1.03
                rw[12]      1.83      3.23      1.82     -3.20      7.30     13.01      1.03
                rw[13]      1.77      3.24      1.75     -3.12      7.38     12.20      1.03
                rw[14]      1.71      3.29      1.55     -3.54      7.25     12.86      1.03
                rw[15]      1.55      3.38      1.63     -3.71      7.55     13.45      1.03
                rw[16]      1.30      3.35      1.36     -4.01      7.16     13.33      1.02
                rw[17]      1.04      3.32      0.96     -4.53      6.71     13.09      1.02
                rw[18]      0.69      3.34      0.84     -4.90      6.22     12.81      1.02
                rw[19]      0.34      3.34      0.44     -5.18      5.93     13.63      1.02
                rw[20]     -0.11      3.31     -0.08     -5.33      5.53     12.98      1.02
                rw[21]     -0.55      3.29     -0.63     -5.23      5.35     13.64      1.02
                rw[22]     -0.92      3.27     -0.93     -6.08      4.43     13.33      1.02
                rw[23]     -1.26      3.22     -1.38     -6.29      4.16     12.78      1.03
                rw[24]     -1.52      3.17     -1.57     -6.77      3.73     13.22      1.02
                rw[25]     -1.74      3.14     -1.68     -7.57      2.85     13.79      1.03
                rw[26]     -1.89      3.15     -1.88     -6.96      3.55     13.78      1.02
                rw[27]     -1.96      3.14     -1.90     -7.17      3.21     13.29      1.02
                rw[28]     -1.99      3.14     -1.96     -6.92      3.19     13.39      1.02
                rw[29]     -2.06      3.12     -1.96     -7.16      3.29     13.17      1.03
                rw[30]     -2.21      3.16     -2.19     -7.46      2.90     13.24      1.03
                rw[31]     -2.39      3.16     -2.34     -8.03      2.32     14.46      1.03
                rw[32]     -2.70      3.20     -2.75     -7.58      2.60     13.87      1.03
                rw[33]     -2.91      3.22     -3.00     -8.04      2.60     13.39      1.03
                rw[34]     -3.15      3.16     -3.29     -8.14      2.04     13.59      1.03
                rw[35]     -3.39      3.18     -3.51     -8.05      2.31     13.41      1.03
                rw[36]     -3.59      3.21     -3.69     -8.29      2.24     13.23      1.03
                rw[37]     -3.74      3.21     -3.75     -8.39      2.11     13.30      1.03
                rw[38]     -3.89      3.26     -3.83     -9.41      1.48     13.27      1.03
                rw[39]     -3.98      3.26     -4.01     -8.77      1.98     13.44      1.02
                rw[40]     -4.13      3.29     -4.25     -9.19      1.43     13.73      1.02
                rw[41]     -4.26      3.32     -4.41     -9.01      1.89     13.32      1.02
                rw[42]     -4.33      3.27     -4.53     -9.21      1.57     13.45      1.02
                rw[43]     -4.42      3.31     -4.56     -9.02      2.10     13.25      1.02
                rw[44]     -4.52      3.35     -4.58     -9.54      1.50     12.94      1.02
                rw[45]     -4.59      3.32     -4.59     -9.56      1.31     13.23      1.02
                rw[46]     -4.71      3.30     -4.81    -10.26      0.38     12.85      1.02
                rw[47]     -4.79      3.34     -4.85    -10.17      0.71     12.64      1.02
                rw[48]     -4.89      3.43     -4.98    -10.72      0.56     12.38      1.02
                rw[49]     -4.99      3.42     -5.02    -10.64      0.68     12.79      1.02
                rw[50]     -5.06      3.42     -5.03    -10.28      0.81     12.90      1.02
                rw[51]     -5.17      3.40     -5.16    -11.11     -0.09     13.15      1.02
                rw[52]     -5.27      3.37     -5.31    -10.38      0.38     13.34      1.02
                rw[53]     -5.39      3.30     -5.50    -10.19      0.36     13.28      1.02
                rw[54]     -5.44      3.28     -5.57    -11.10     -0.32     13.91      1.02
                rw[55]     -5.52      3.29     -5.62    -11.35     -0.59     12.78      1.03
                rw[56]     -5.51      3.30     -5.58    -10.30      0.62     13.35      1.03
                rw[57]     -5.45      3.35     -5.48    -10.98      0.01     14.07      1.03
                rw[58]     -5.41      3.32     -5.47    -11.03     -0.15     13.18      1.03
                rw[59]     -5.39      3.30     -5.31    -11.12     -0.26     13.39      1.03
                rw[60]     -5.43      3.30     -5.43    -10.66      0.12     13.62      1.03
                rw[61]     -5.38      3.37     -5.40    -10.54      0.20     13.08      1.02
                rw[62]     -5.42      3.40     -5.43    -11.29     -0.17     13.04      1.03
                rw[63]     -5.46      3.37     -5.61    -11.10     -0.02     13.04      1.03
                rw[64]     -5.42      3.35     -5.60    -10.32      0.43     12.63      1.02
                rw[65]     -5.40      3.39     -5.61    -10.47      0.42     12.36      1.03
                rw[66]     -5.42      3.37     -5.54    -10.46      0.60     12.76      1.03
                rw[67]     -5.50      3.41     -5.66    -10.96      0.14     12.74      1.03
                rw[68]     -5.57      3.50     -5.67    -10.67      0.69     12.58      1.03
                rw[69]     -5.65      3.49     -5.86    -11.09      0.26     12.56      1.03
                rw[70]     -5.69      3.48     -5.75    -11.90     -0.31     13.23      1.03
                rw[71]     -5.77      3.45     -5.92    -11.91     -0.38     13.90      1.03
                rw[72]     -5.82      3.47     -5.92    -10.83      0.85     14.05      1.02
                rw[73]     -5.89      3.49     -5.89    -11.82     -0.20     14.00      1.03
                rw[74]     -5.94      3.52     -5.93    -12.08     -0.64     13.11      1.03
                rw[75]     -6.06      3.55     -6.16    -11.71     -0.33     12.95      1.03
                rw[76]     -6.09      3.53     -6.15    -11.13      0.23     12.60      1.03
                rw[77]     -6.20      3.54     -6.21    -11.94     -0.53     12.41      1.04
                rw[78]     -6.23      3.54     -6.33    -11.76     -0.33     12.55      1.04
                rw[79]     -6.22      3.61     -6.31    -11.93     -0.31     12.96      1.04
                rw[80]     -6.21      3.56     -6.25    -11.67     -0.33     13.64      1.04
                rw[81]     -6.27      3.57     -6.36    -12.20     -0.55     13.31      1.04
                rw[82]     -6.30      3.55     -6.22    -11.84     -0.19     12.63      1.05
                rw[83]     -6.32      3.60     -6.27    -11.94      0.11     12.37      1.05
                rw[84]     -6.31      3.59     -6.30    -12.45     -0.43     13.01      1.05
                rw[85]     -6.31      3.56     -6.20    -12.24     -0.64     12.89      1.05
                rw[86]     -6.32      3.56     -6.35    -11.87     -0.39     12.59      1.05
                rw[87]     -6.28      3.54     -6.37    -11.68     -0.16     13.41      1.04
                rw[88]     -6.28      3.49     -6.39    -11.53     -0.21     13.42      1.04
                rw[89]     -6.25      3.52     -6.23    -11.43      0.32     13.01      1.04
                rw[90]     -6.15      3.49     -6.25    -11.86     -0.32     12.31      1.04
                rw[91]     -6.02      3.44     -6.00    -11.49     -0.28     12.12      1.04
                rw[92]     -5.85      3.46     -5.87    -11.80     -0.59     12.06      1.04
                rw[93]     -5.82      3.48     -5.89    -11.20      0.11     12.27      1.04
                rw[94]     -5.74      3.44     -5.74    -10.92      0.25     12.29      1.04
                rw[95]     -5.63      3.41     -5.66    -11.00      0.19     12.54      1.03
                rw[96]     -5.52      3.29     -5.61    -11.28     -0.58     12.55      1.03
                rw[97]     -5.37      3.30     -5.46    -11.03     -0.17     12.86      1.03
                rw[98]     -5.27      3.29     -5.32    -10.83     -0.19     13.47      1.03
                rw[99]     -5.19      3.28     -5.28     -9.95      0.77     13.78      1.02
               rw[100]     -5.11      3.22     -5.19    -10.28      0.33     14.12      1.02
               rw[101]     -5.00      3.21     -5.03     -9.80      1.16     14.01      1.02
               rw[102]     -4.91      3.18     -5.01    -10.07      0.63     14.64      1.02
               rw[103]     -4.88      3.17     -4.86    -10.35      0.28     14.34      1.02
               rw[104]     -4.87      3.21     -4.85    -10.45      0.43     14.20      1.02
               rw[105]     -4.83      3.20     -4.78    -10.52      0.24     14.23      1.02
               rw[106]     -4.83      3.19     -4.77    -10.07      0.55     14.44      1.02
               rw[107]     -4.85      3.19     -4.91     -9.77      0.50     15.48      1.02
               rw[108]     -4.82      3.21     -4.85     -9.80      0.81     16.10      1.02
               rw[109]     -4.75      3.20     -4.84    -10.30      0.33     17.47      1.01
               rw[110]     -4.57      3.19     -4.48    -10.11      0.44     17.78      1.02
               rw[111]     -4.37      3.15     -4.33     -9.63      0.71     16.68      1.02
               rw[112]     -4.17      3.21     -4.15     -8.87      1.49     15.16      1.02
               rw[113]     -4.01      3.20     -3.97     -9.06      1.23     15.54      1.02
               rw[114]     -3.77      3.22     -3.65     -9.32      1.00     14.91      1.02
               rw[115]     -3.68      3.17     -3.57     -8.89      1.27     14.76      1.02
               rw[116]     -3.59      3.17     -3.50     -8.33      1.80     14.13      1.02
               rw[117]     -3.56      3.20     -3.55     -8.59      1.78     13.67      1.03
               rw[118]     -3.64      3.24     -3.67     -8.68      1.94     13.92      1.02
               rw[119]     -3.74      3.22     -3.76     -8.77      1.70     13.63      1.03
               rw[120]     -3.83      3.25     -3.78     -9.14      1.21     13.10      1.03
               rw[121]     -3.93      3.27     -4.00     -9.42      1.19     12.69      1.02
               rw[122]     -4.03      3.24     -4.07     -8.66      2.01     13.33      1.02
               rw[123]     -4.16      3.24     -4.23     -9.27      1.26     12.92      1.03
               rw[124]     -4.19      3.24     -4.23     -9.70      0.86     13.58      1.02
               rw[125]     -4.18      3.28     -4.25     -9.49      1.28     13.17      1.03
               rw[126]     -4.20      3.31     -4.09     -9.84      1.04     13.23      1.03
               rw[127]     -4.20      3.28     -4.23     -9.34      1.40     12.73      1.02
               rw[128]     -4.27      3.27     -4.33     -9.76      0.96     12.44      1.02
               rw[129]     -4.32      3.29     -4.56     -9.66      1.26     13.25      1.02
               rw[130]     -4.34      3.29     -4.49     -9.90      1.03     12.97      1.03
               rw[131]     -4.40      3.25     -4.39     -9.58      0.99     13.81      1.02
               rw[132]     -4.55      3.23     -4.61    -10.02      0.54     14.46      1.02
               rw[133]     -4.69      3.25     -4.73    -10.25      0.56     13.80      1.02
               rw[134]     -4.85      3.26     -4.96    -10.39      0.50     13.68      1.02
               rw[135]     -5.04      3.23     -5.11    -10.70      0.16     13.23      1.02
               rw[136]     -5.27      3.19     -5.28    -10.69     -0.18     13.13      1.02
               rw[137]     -5.39      3.17     -5.33    -10.62      0.09     13.37      1.02
               rw[138]     -5.55      3.13     -5.52    -10.40     -0.15     13.23      1.02
               rw[139]     -5.63      3.13     -5.57    -10.76     -0.56     13.49      1.02
               rw[140]     -5.68      3.19     -5.70    -10.57     -0.07     13.90      1.02
               rw[141]     -5.70      3.14     -5.68    -10.93     -0.56     13.89      1.02
               rw[142]     -5.68      3.19     -5.66    -11.04     -0.80     13.92      1.02
               rw[143]     -5.69      3.13     -5.73    -10.75     -0.42     14.32      1.02
               rw[144]     -5.74      3.13     -5.68    -11.13     -1.05     14.27      1.02
               rw[145]     -5.63      3.17     -5.58    -10.80     -0.27     14.33      1.02
               rw[146]     -5.53      3.15     -5.46    -10.34      0.15     14.32      1.02
               rw[147]     -5.47      3.11     -5.42    -10.13      0.21     14.24      1.02
               rw[148]     -5.36      3.17     -5.43     -9.93      0.39     14.11      1.02
               rw[149]     -5.23      3.16     -5.18    -10.32      0.00     13.91      1.02
               rw[150]     -5.02      3.18     -4.98    -10.08      0.51     13.85      1.03
               rw[151]     -4.87      3.18     -4.76    -10.22      0.16     14.02      1.03
               rw[152]     -4.70      3.20     -4.66     -9.86      0.61     13.64      1.03
               rw[153]     -4.58      3.18     -4.55     -9.79      0.63     13.17      1.03
               rw[154]     -4.51      3.17     -4.51     -9.08      1.32     13.11      1.03
               rw[155]     -4.35      3.17     -4.33     -9.15      1.16     12.72      1.03
               rw[156]     -4.26      3.21     -4.25     -9.29      1.05     12.82      1.03
               rw[157]     -4.19      3.24     -4.17     -9.13      1.34     12.81      1.03
               rw[158]     -4.09      3.26     -4.09     -9.44      1.10     12.52      1.03
               rw[159]     -4.07      3.23     -4.14     -9.34      1.18     13.43      1.03
               rw[160]     -4.19      3.23     -4.12     -9.18      1.29     13.20      1.03
               rw[161]     -4.35      3.25     -4.31     -9.54      1.15     13.34      1.03
               rw[162]     -4.64      3.23     -4.60    -10.24      0.57     13.20      1.04
               rw[163]     -4.91      3.26     -4.84    -10.00      0.65     12.28      1.03
               rw[164]     -5.04      3.26     -5.09    -10.21      0.28     11.84      1.03
               rw[165]     -5.13      3.24     -5.08    -10.10      0.27     12.37      1.03
               rw[166]     -5.15      3.21     -5.19    -11.00     -0.40     12.34      1.03
               rw[167]     -5.12      3.22     -5.12    -10.63     -0.09     13.17      1.03
               rw[168]     -5.06      3.25     -5.16    -10.15      0.40     12.82      1.03
               rw[169]     -4.93      3.25     -5.03    -10.24      0.32     12.63      1.03
               rw[170]     -4.79      3.24     -4.88     -9.28      1.35     12.78      1.03
               rw[171]     -4.57      3.22     -4.62     -9.54      0.81     12.99      1.03
               rw[172]     -4.36      3.21     -4.44     -9.00      1.45     12.69      1.03
               rw[173]     -4.18      3.25     -4.09     -9.78      0.94     12.75      1.03
               rw[174]     -4.01      3.24     -3.96     -9.79      0.99     12.60      1.03
               rw[175]     -3.85      3.20     -3.83     -8.70      1.70     12.48      1.03
               rw[176]     -3.66      3.22     -3.67     -8.41      2.18     12.37      1.03
               rw[177]     -3.48      3.19     -3.52     -8.33      2.22     12.08      1.03
               rw[178]     -3.30      3.20     -3.38     -8.59      1.87     12.06      1.03
               rw[179]     -3.18      3.19     -3.36     -7.97      2.49     12.17      1.03
               rw[180]     -3.03      3.23     -3.26     -7.69      2.93     12.30      1.03
               rw[181]     -2.91      3.26     -3.04     -7.42      3.06     12.06      1.03
               rw[182]     -2.78      3.23     -2.78     -7.47      2.99     12.46      1.04
               rw[183]     -2.73      3.24     -2.78     -8.29      2.40     12.12      1.04
               rw[184]     -2.80      3.23     -2.67     -7.36      3.27     12.18      1.04
               rw[185]     -2.89      3.25     -2.82     -7.75      2.82     12.17      1.04
               rw[186]     -3.08      3.22     -2.96     -8.30      2.23     12.05      1.04
               rw[187]     -3.22      3.25     -3.25     -8.32      2.06     12.14      1.03
               rw[188]     -3.33      3.21     -3.34     -8.31      2.28     11.92      1.03
               rw[189]     -3.48      3.19     -3.67     -8.89      1.42     12.71      1.03
               rw[190]     -3.66      3.23     -3.73     -8.68      1.41     12.37      1.03
               rw[191]     -3.80      3.24     -3.87     -8.72      1.67     12.30      1.04
               rw[192]     -3.92      3.25     -3.90     -9.10      1.39     11.51      1.04
               rw[193]     -4.02      3.22     -4.15     -9.01      1.47     11.55      1.03
               rw[194]     -4.15      3.20     -4.19     -9.50      1.02     11.24      1.03
               rw[195]     -4.22      3.23     -4.37     -9.33      1.34     11.50      1.03
               rw[196]     -4.28      3.20     -4.40     -9.40      1.15     11.59      1.03
               rw[197]     -4.25      3.24     -4.39     -9.64      0.91     10.94      1.03
               rw[198]     -4.22      3.28     -4.42     -9.55      1.18     11.12      1.03
               rw[199]     -4.16      3.26     -4.23    -10.01      0.61     11.81      1.03
               rw[200]     -4.13      3.29     -4.16    -10.21      0.68     12.62      1.03
               rw[201]     -4.12      3.26     -4.15     -9.17      1.62     12.41      1.03
               rw[202]     -4.07      3.23     -4.14     -9.36      0.98     12.56      1.03
               rw[203]     -3.96      3.25     -3.94     -9.82      0.89     13.00      1.03
               rw[204]     -3.94      3.23     -3.99     -9.26      1.42     13.40      1.02
               rw[205]     -3.93      3.25     -4.06     -8.87      1.98     13.33      1.02
               rw[206]     -3.87      3.26     -3.88     -9.00      1.71     13.89      1.02
               rw[207]     -3.85      3.23     -3.91     -9.38      1.32     13.12      1.02
               rw[208]     -3.85      3.21     -3.90     -8.76      1.84     13.04      1.02
               rw[209]     -3.90      3.20     -3.87     -9.10      1.34     12.58      1.03
               rw[210]     -3.99      3.21     -4.12     -9.26      1.07     12.78      1.03
               rw[211]     -4.03      3.26     -4.02     -9.31      1.29     12.78      1.03
               rw[212]     -4.11      3.23     -4.13     -9.81      0.82     12.58      1.03
               rw[213]     -4.15      3.18     -4.01     -9.50      0.99     13.17      1.03
               rw[214]     -4.17      3.17     -4.06     -9.49      1.00     13.08      1.03
               rw[215]     -4.19      3.17     -4.33     -9.16      1.21     12.39      1.03
               rw[216]     -4.16      3.20     -4.26     -9.30      1.09     11.75      1.03
               rw[217]     -4.15      3.26     -4.30     -9.63      0.94     12.21      1.03
               rw[218]     -4.11      3.32     -4.32     -9.20      1.56     12.39      1.03
               rw[219]     -4.09      3.31     -4.24     -8.97      1.54     12.81      1.03
               rw[220]     -4.09      3.30     -4.09     -8.87      1.77     13.48      1.03
               rw[221]     -4.06      3.38     -4.21     -9.67      1.17     13.83      1.02
               rw[222]     -4.03      3.43     -4.06     -9.12      1.95     13.12      1.03
               rw[223]     -3.96      3.50     -4.08    -10.34      1.06     13.82      1.02
               rw[224]     -3.95      3.55     -3.97     -9.88      1.79     15.21      1.02
               rw[225]     -3.96      3.62     -3.98     -9.67      2.17     15.53      1.02
               rw[226]     -3.94      3.70     -3.89     -9.87      2.08     16.35      1.02
               rw[227]     -3.94      3.86     -3.89    -10.47      1.92     18.02      1.02
                 sigma      0.23      0.02      0.23      0.18      0.26   1024.34      1.00

Number of divergences: 0
