
                            mean       std    median      5.0%     95.0%     n_eff     r_hat
                    D0      1.09      1.85      0.56      0.00      2.50    933.07      1.00
                    E0     41.34     42.80     29.60      0.04     94.76    112.89      1.00
                    H0      3.52      3.06      2.72      0.00      7.51   1412.94      1.00
                    I0     18.15     16.83     13.75      0.65     36.02     35.82      1.02
                 beta0      2.34      1.08      2.28      0.81      3.68      7.72      1.05
  confirmed_dispersion      0.12      0.02      0.12      0.10      0.15    836.28      1.00
      death_dispersion      0.47      0.03      0.47      0.41      0.52   2413.69      1.00
            death_prob      0.02      0.00      0.02      0.02      0.02     19.57      1.02
            death_rate      0.04      0.01      0.04      0.03      0.05     80.74      1.01
           det_prob[0]      0.17      0.05      0.16      0.09      0.24    323.56      1.00
           det_prob[1]      0.15      0.05      0.14      0.07      0.21    280.42      1.00
           det_prob[2]      0.13      0.04      0.12      0.06      0.19    261.61      1.00
           det_prob[3]      0.11      0.04      0.11      0.05      0.17    236.78      1.00
           det_prob[4]      0.10      0.04      0.10      0.04      0.15    211.53      1.00
           det_prob[5]      0.09      0.04      0.09      0.04      0.14    189.34      1.00
           det_prob[6]      0.08      0.03      0.08      0.04      0.13    173.84      1.00
           det_prob[7]      0.08      0.03      0.07      0.03      0.12    126.98      1.01
           det_prob[8]      0.07      0.03      0.07      0.04      0.11    106.67      1.01
           det_prob[9]      0.07      0.03      0.07      0.04      0.11     95.73      1.01
          det_prob[10]      0.06      0.02      0.06      0.03      0.10     67.86      1.02
          det_prob[11]      0.06      0.02      0.06      0.03      0.09     87.83      1.02
          det_prob[12]      0.06      0.02      0.06      0.03      0.09     94.57      1.02
          det_prob[13]      0.06      0.02      0.06      0.03      0.09     99.90      1.03
          det_prob[14]      0.07      0.02      0.06      0.04      0.10    103.12      1.03
          det_prob[15]      0.07      0.02      0.07      0.04      0.10     92.38      1.03
          det_prob[16]      0.07      0.02      0.06      0.04      0.10    113.10      1.03
          det_prob[17]      0.07      0.02      0.06      0.04      0.10     97.82      1.03
          det_prob[18]      0.07      0.02      0.07      0.04      0.11     80.33      1.04
          det_prob[19]      0.08      0.02      0.08      0.04      0.12     90.76      1.04
          det_prob[20]      0.09      0.03      0.08      0.04      0.13     85.50      1.05
          det_prob[21]      0.10      0.03      0.09      0.05      0.14     94.02      1.04
          det_prob[22]      0.11      0.03      0.10      0.06      0.15    103.58      1.04
          det_prob[23]      0.11      0.03      0.11      0.05      0.16     89.58      1.05
          det_prob[24]      0.12      0.03      0.11      0.06      0.17     81.47      1.04
          det_prob[25]      0.13      0.04      0.12      0.07      0.18     88.48      1.04
          det_prob[26]      0.15      0.04      0.14      0.08      0.21     94.01      1.04
          det_prob[27]      0.16      0.04      0.15      0.09      0.22     89.73      1.03
          det_prob[28]      0.16      0.04      0.16      0.09      0.23     86.28      1.03
          det_prob[29]      0.16      0.05      0.16      0.08      0.23     77.60      1.03
          det_prob[30]      0.17      0.05      0.17      0.09      0.25     56.87      1.04
          det_prob[31]      0.19      0.05      0.18      0.10      0.27     46.94      1.05
          det_prob[32]      0.21      0.06      0.20      0.11      0.29     37.68      1.04
          det_prob[33]      0.24      0.06      0.23      0.14      0.33     42.38      1.04
          det_prob[34]      0.25      0.07      0.25      0.14      0.36     45.66      1.04
          det_prob[35]      0.25      0.07      0.25      0.15      0.38     47.92      1.03
          det_prob[36]      0.26      0.07      0.26      0.14      0.38     47.32      1.02
          det_prob[37]      0.27      0.08      0.26      0.14      0.39     43.36      1.03
          det_prob[38]      0.28      0.08      0.27      0.15      0.40     46.48      1.02
          det_prob[39]      0.30      0.08      0.29      0.16      0.43     42.96      1.01
          det_prob[40]      0.32      0.09      0.32      0.17      0.46     37.17      1.00
          det_prob[41]      0.33      0.09      0.32      0.17      0.46     40.54      1.00
          det_prob[42]      0.35      0.10      0.34      0.20      0.52     42.17      1.00
          det_prob[43]      0.37      0.10      0.37      0.21      0.53     41.26      1.00
          det_prob[44]      0.38      0.10      0.37      0.20      0.52     44.74      1.00
          det_prob[45]      0.39      0.10      0.38      0.21      0.54     44.09      1.00
          det_prob[46]      0.40      0.10      0.39      0.24      0.58     42.45      1.00
          det_prob[47]      0.41      0.11      0.41      0.24      0.57     47.34      1.00
          det_prob[48]      0.43      0.11      0.42      0.27      0.61     46.29      1.00
          det_prob[49]      0.43      0.11      0.42      0.26      0.63     40.89      1.00
          det_prob[50]      0.43      0.12      0.42      0.24      0.63     42.56      1.00
          det_prob[51]      0.44      0.12      0.43      0.25      0.64     44.75      1.00
          det_prob[52]      0.44      0.12      0.43      0.25      0.65     53.94      1.00
          det_prob[53]      0.46      0.12      0.45      0.26      0.66     48.14      1.00
          det_prob[54]      0.47      0.12      0.47      0.28      0.70     51.45      1.00
          det_prob[55]      0.49      0.12      0.49      0.29      0.70     54.89      1.00
          det_prob[56]      0.50      0.12      0.49      0.29      0.70     46.35      1.00
          det_prob[57]      0.52      0.12      0.51      0.31      0.71     47.41      1.00
          det_prob[58]      0.52      0.13      0.52      0.30      0.72     42.70      1.00
          det_prob[59]      0.52      0.13      0.52      0.30      0.72     41.09      1.00
          det_prob[60]      0.53      0.13      0.53      0.31      0.73     42.39      1.00
          det_prob[61]      0.53      0.13      0.53      0.32      0.74     42.68      1.00
          det_prob[62]      0.54      0.13      0.54      0.34      0.77     43.61      1.00
          det_prob[63]      0.55      0.13      0.55      0.36      0.80     44.28      1.00
          det_prob[64]      0.55      0.14      0.55      0.35      0.81     45.55      1.00
          det_prob[65]      0.56      0.14      0.55      0.34      0.79     47.24      1.00
          det_prob[66]      0.57      0.14      0.57      0.35      0.80     46.78      1.00
          det_prob[67]      0.57      0.14      0.57      0.36      0.81     44.22      1.00
          det_prob[68]      0.58      0.14      0.58      0.34      0.80     44.16      1.00
          det_prob[69]      0.58      0.14      0.58      0.37      0.83     44.89      1.00
          det_prob[70]      0.58      0.14      0.58      0.36      0.82     46.90      1.00
          det_prob[71]      0.59      0.14      0.59      0.34      0.81     46.48      1.00
          det_prob[72]      0.60      0.15      0.60      0.36      0.83     45.99      1.00
          det_prob[73]      0.61      0.15      0.61      0.37      0.84     46.89      1.00
          det_prob[74]      0.62      0.14      0.62      0.39      0.86     46.91      1.00
          det_prob[75]      0.63      0.14      0.63      0.42      0.88     49.35      1.00
          det_prob[76]      0.65      0.14      0.65      0.45      0.90     50.94      1.00
          det_prob[77]      0.66      0.14      0.66      0.44      0.89     51.74      1.00
          det_prob[78]      0.67      0.14      0.68      0.47      0.92     51.86      1.00
          det_prob[79]      0.68      0.14      0.68      0.48      0.93     50.94      1.00
          det_prob[80]      0.68      0.14      0.69      0.47      0.92     52.32      1.00
          det_prob[81]      0.69      0.14      0.69      0.46      0.92     52.92      1.01
          det_prob[82]      0.69      0.15      0.71      0.47      0.92     51.12      1.00
          det_prob[83]      0.71      0.14      0.72      0.48      0.93     49.60      1.01
          det_prob[84]      0.71      0.14      0.72      0.51      0.96     48.81      1.01
          det_prob[85]      0.72      0.15      0.74      0.49      0.94     51.20      1.01
          det_prob[86]      0.73      0.14      0.75      0.52      0.96     51.36      1.01
          det_prob[87]      0.75      0.14      0.76      0.55      0.96     49.89      1.02
          det_prob[88]      0.75      0.14      0.77      0.55      0.96     49.80      1.02
          det_prob[89]      0.76      0.14      0.78      0.58      0.98     50.39      1.02
          det_prob[90]      0.78      0.13      0.79      0.58      0.97     49.35      1.02
          det_prob[91]      0.79      0.13      0.81      0.62      0.98     49.35      1.02
          det_prob[92]      0.80      0.12      0.82      0.62      0.97     47.37      1.03
          det_prob[93]      0.81      0.12      0.83      0.63      0.98     45.56      1.03
          det_prob[94]      0.81      0.12      0.83      0.65      0.98     45.30      1.03
          det_prob[95]      0.82      0.12      0.84      0.66      0.98     43.28      1.03
          det_prob[96]      0.83      0.11      0.85      0.68      0.98     42.44      1.03
          det_prob[97]      0.84      0.11      0.86      0.70      0.99     42.89      1.03
          det_prob[98]      0.85      0.10      0.87      0.71      0.99     40.78      1.03
          det_prob[99]      0.86      0.10      0.88      0.72      0.99     40.35      1.04
         det_prob[100]      0.87      0.09      0.89      0.73      0.99     38.41      1.03
         det_prob[101]      0.87      0.09      0.90      0.75      0.99     40.29      1.03
         det_prob[102]      0.88      0.09      0.90      0.75      0.99     36.07      1.03
         det_prob[103]      0.88      0.09      0.91      0.76      0.99     33.18      1.03
         det_prob[104]      0.89      0.08      0.91      0.77      0.99     33.21      1.03
         det_prob[105]      0.89      0.08      0.92      0.78      0.99     33.55      1.03
         det_prob[106]      0.90      0.07      0.92      0.80      0.99     33.21      1.03
         det_prob[107]      0.91      0.07      0.92      0.81      0.99     31.43      1.03
         det_prob[108]      0.91      0.07      0.93      0.82      1.00     29.93      1.02
         det_prob[109]      0.91      0.07      0.93      0.82      1.00     28.93      1.03
         det_prob[110]      0.92      0.06      0.93      0.83      1.00     26.92      1.02
         det_prob[111]      0.92      0.06      0.93      0.84      1.00     25.58      1.03
         det_prob[112]      0.92      0.06      0.94      0.84      1.00     25.41      1.02
         det_prob[113]      0.92      0.06      0.94      0.84      1.00     25.70      1.02
         det_prob[114]      0.93      0.05      0.94      0.85      1.00     24.33      1.02
         det_prob[115]      0.93      0.06      0.94      0.85      1.00     23.03      1.02
         det_prob[116]      0.93      0.05      0.94      0.85      1.00     23.11      1.02
         det_prob[117]      0.93      0.05      0.94      0.85      1.00     22.62      1.02
         det_prob[118]      0.93      0.05      0.95      0.86      1.00     21.63      1.02
         det_prob[119]      0.93      0.05      0.95      0.86      1.00     20.99      1.02
         det_prob[120]      0.93      0.06      0.95      0.85      1.00     21.43      1.02
         det_prob[121]      0.93      0.06      0.95      0.85      1.00     21.52      1.02
         det_prob[122]      0.93      0.06      0.95      0.84      1.00     20.32      1.02
         det_prob[123]      0.93      0.06      0.95      0.84      1.00     20.15      1.02
         det_prob[124]      0.93      0.06      0.95      0.84      1.00     19.94      1.02
         det_prob[125]      0.93      0.06      0.95      0.84      1.00     19.64      1.02
         det_prob[126]      0.93      0.07      0.95      0.84      1.00     18.74      1.02
         det_prob[127]      0.93      0.07      0.95      0.83      1.00     18.01      1.02
         det_prob[128]      0.93      0.07      0.95      0.83      1.00     17.84      1.02
         det_prob[129]      0.93      0.07      0.95      0.82      1.00     17.81      1.02
         det_prob[130]      0.93      0.07      0.95      0.82      1.00     17.19      1.02
         det_prob[131]      0.93      0.07      0.95      0.81      1.00     17.40      1.02
         det_prob[132]      0.92      0.08      0.95      0.81      1.00     16.71      1.02
         det_prob[133]      0.92      0.08      0.95      0.81      1.00     16.57      1.02
         det_prob[134]      0.92      0.08      0.95      0.80      1.00     16.23      1.02
         det_prob[135]      0.92      0.08      0.95      0.80      1.00     16.12      1.01
         det_prob[136]      0.92      0.09      0.95      0.78      1.00     16.25      1.01
         det_prob[137]      0.92      0.09      0.95      0.78      1.00     16.01      1.01
         det_prob[138]      0.92      0.09      0.95      0.78      1.00     15.57      1.02
         det_prob[139]      0.92      0.09      0.95      0.78      1.00     15.25      1.02
         det_prob[140]      0.92      0.09      0.95      0.78      1.00     15.24      1.02
         det_prob[141]      0.91      0.10      0.95      0.77      1.00     15.12      1.02
         det_prob[142]      0.91      0.10      0.95      0.76      1.00     15.30      1.02
         det_prob[143]      0.91      0.10      0.95      0.77      1.00     15.55      1.02
         det_prob[144]      0.91      0.10      0.96      0.76      1.00     15.36      1.02
         det_prob[145]      0.91      0.11      0.96      0.76      1.00     15.10      1.02
         det_prob[146]      0.91      0.11      0.96      0.75      1.00     15.21      1.02
         det_prob[147]      0.91      0.11      0.96      0.75      1.00     14.89      1.02
         det_prob[148]      0.91      0.11      0.96      0.74      1.00     14.75      1.02
         det_prob[149]      0.91      0.11      0.96      0.74      1.00     14.70      1.02
         det_prob[150]      0.91      0.11      0.96      0.73      1.00     14.28      1.02
         det_prob[151]      0.91      0.11      0.96      0.73      1.00     14.26      1.02
         det_prob[152]      0.91      0.11      0.96      0.73      1.00     14.27      1.02
         det_prob[153]      0.91      0.11      0.96      0.74      1.00     14.01      1.02
         det_prob[154]      0.91      0.11      0.96      0.74      1.00     13.69      1.02
         det_prob[155]      0.91      0.11      0.96      0.74      1.00     13.56      1.02
         det_prob[156]      0.91      0.11      0.96      0.74      1.00     13.57      1.02
         det_prob[157]      0.91      0.11      0.96      0.73      1.00     13.59      1.02
         det_prob[158]      0.91      0.11      0.96      0.73      1.00     13.40      1.03
         det_prob[159]      0.91      0.11      0.96      0.73      1.00     13.46      1.03
         det_prob[160]      0.91      0.11      0.96      0.74      1.00     13.42      1.03
         det_prob[161]      0.91      0.11      0.96      0.73      1.00     13.27      1.03
         det_prob[162]      0.91      0.11      0.96      0.73      1.00     13.02      1.03
         det_prob[163]      0.91      0.11      0.96      0.74      1.00     13.09      1.03
         det_prob[164]      0.91      0.12      0.96      0.72      1.00     13.35      1.03
         det_prob[165]      0.91      0.12      0.96      0.74      1.00     13.55      1.03
         det_prob[166]      0.91      0.11      0.96      0.74      1.00     13.38      1.03
         det_prob[167]      0.91      0.11      0.97      0.75      1.00     13.32      1.03
         det_prob[168]      0.91      0.11      0.97      0.75      1.00     13.08      1.03
         det_prob[169]      0.92      0.11      0.97      0.74      1.00     12.95      1.03
         det_prob[170]      0.92      0.11      0.97      0.75      1.00     13.07      1.03
         det_prob[171]      0.92      0.11      0.97      0.75      1.00     13.45      1.03
         det_prob[172]      0.92      0.11      0.97      0.75      1.00     13.25      1.04
         det_prob[173]      0.92      0.11      0.97      0.76      1.00     13.25      1.04
         det_prob[174]      0.92      0.10      0.97      0.76      1.00     13.59      1.04
         det_prob[175]      0.92      0.10      0.97      0.77      1.00     13.74      1.04
         det_prob[176]      0.92      0.10      0.97      0.78      1.00     13.77      1.04
         det_prob[177]      0.92      0.10      0.97      0.77      1.00     13.88      1.04
         det_prob[178]      0.92      0.10      0.97      0.78      1.00     13.91      1.04
         det_prob[179]      0.93      0.10      0.97      0.79      1.00     13.88      1.04
         det_prob[180]      0.93      0.09      0.97      0.79      1.00     14.01      1.04
         det_prob[181]      0.93      0.09      0.97      0.79      1.00     13.96      1.04
         det_prob[182]      0.93      0.09      0.97      0.81      1.00     13.66      1.04
         det_prob[183]      0.93      0.09      0.97      0.81      1.00     13.67      1.04
         det_prob[184]      0.93      0.09      0.97      0.80      1.00     13.80      1.04
         det_prob[185]      0.93      0.09      0.97      0.80      1.00     14.28      1.04
         det_prob[186]      0.93      0.09      0.97      0.80      1.00     14.13      1.05
         det_prob[187]      0.93      0.09      0.97      0.80      1.00     14.20      1.05
         det_prob[188]      0.93      0.09      0.97      0.81      1.00     14.47      1.05
         det_prob[189]      0.93      0.09      0.97      0.80      1.00     14.86      1.05
         det_prob[190]      0.93      0.09      0.97      0.79      1.00     15.09      1.05
         det_prob[191]      0.93      0.09      0.97      0.80      1.00     15.29      1.04
         det_prob[192]      0.93      0.09      0.97      0.80      1.00     15.10      1.04
         det_prob[193]      0.93      0.09      0.97      0.81      1.00     15.65      1.04
         det_prob[194]      0.93      0.09      0.97      0.81      1.00     16.20      1.03
         det_prob[195]      0.94      0.08      0.97      0.81      1.00     16.16      1.04
         det_prob[196]      0.94      0.08      0.97      0.81      1.00     16.59      1.03
         det_prob[197]      0.94      0.08      0.97      0.81      1.00     16.42      1.03
         det_prob[198]      0.94      0.08      0.97      0.81      1.00     16.24      1.04
         det_prob[199]      0.93      0.09      0.97      0.81      1.00     16.94      1.03
         det_prob[200]      0.93      0.09      0.97      0.81      1.00     17.07      1.03
         det_prob[201]      0.93      0.09      0.97      0.81      1.00     16.79      1.03
         det_prob[202]      0.93      0.09      0.97      0.80      1.00     16.82      1.03
         det_prob[203]      0.93      0.09      0.97      0.80      1.00     17.44      1.02
         det_prob[204]      0.93      0.09      0.97      0.79      1.00     17.71      1.02
         det_prob[205]      0.93      0.09      0.97      0.78      1.00     18.25      1.02
         det_prob[206]      0.93      0.10      0.97      0.78      1.00     18.23      1.02
         det_prob[207]      0.93      0.10      0.97      0.78      1.00     18.55      1.02
         det_prob[208]      0.93      0.10      0.97      0.80      1.00     19.21      1.02
         det_prob[209]      0.93      0.09      0.97      0.80      1.00     19.52      1.02
         det_prob[210]      0.93      0.10      0.97      0.79      1.00     19.29      1.02
         det_prob[211]      0.93      0.10      0.97      0.79      1.00     19.50      1.02
         det_prob[212]      0.93      0.10      0.97      0.78      1.00     19.52      1.02
         det_prob[213]      0.92      0.10      0.97      0.78      1.00     19.85      1.02
         det_prob[214]      0.92      0.10      0.97      0.78      1.00     20.52      1.02
         det_prob[215]      0.92      0.10      0.97      0.77      1.00     20.68      1.02
         det_prob[216]      0.93      0.10      0.97      0.78      1.00     20.96      1.02
         det_prob[217]      0.93      0.10      0.97      0.78      1.00     21.09      1.02
         det_prob[218]      0.93      0.10      0.97      0.79      1.00     21.80      1.02
         det_prob[219]      0.92      0.10      0.97      0.79      1.00     22.28      1.02
         det_prob[220]      0.92      0.11      0.97      0.77      1.00     22.94      1.01
         det_prob[221]      0.92      0.11      0.97      0.77      1.00     23.68      1.01
         det_prob[222]      0.92      0.11      0.97      0.76      1.00     24.12      1.01
         det_prob[223]      0.92      0.11      0.97      0.77      1.00     24.19      1.01
         det_prob[224]      0.92      0.11      0.97      0.76      1.00     25.01      1.01
         det_prob[225]      0.92      0.11      0.97      0.76      1.00     25.00      1.01
         det_prob[226]      0.92      0.11      0.97      0.76      1.00     25.49      1.01
         det_prob[227]      0.92      0.11      0.97      0.75      1.00     26.31      1.01
             det_prob0      0.20      0.05      0.19      0.12      0.27    411.53      1.00
            det_prob_d      0.90      0.03      0.90      0.85      0.95   2054.76      1.00
                 gamma      0.48      0.05      0.48      0.40      0.56    323.16      1.00
                 rw[0]     -0.05      1.04     -0.05     -1.66      1.60     36.79      1.01
                 rw[1]     -0.01      1.43     -0.01     -2.25      2.47     20.39      1.01
                 rw[2]      0.13      1.72      0.04     -2.76      2.85     13.52      1.02
                 rw[3]      0.31      1.94      0.22     -2.74      3.76     11.42      1.03
                 rw[4]      0.55      2.15      0.48     -2.76      4.15      9.78      1.03
                 rw[5]      0.64      2.31      0.51     -3.22      4.29      8.76      1.04
                 rw[6]      0.67      2.40      0.58     -2.74      4.97      8.33      1.04
                 rw[7]      0.66      2.52      0.46     -3.00      4.88      7.97      1.04
                 rw[8]      0.64      2.63      0.55     -3.19      5.22      7.87      1.04
                 rw[9]      0.40      2.68      0.12     -3.64      4.87      7.60      1.04
                rw[10]      0.02      2.71     -0.25     -3.69      4.99      7.42      1.04
                rw[11]     -0.47      2.75     -0.78     -4.54      4.25      7.32      1.04
                rw[12]     -1.01      2.76     -1.25     -5.01      3.78      7.47      1.04
                rw[13]     -1.58      2.74     -1.79     -5.50      2.97      7.56      1.03
                rw[14]     -2.19      2.73     -2.51     -6.62      2.07      7.42      1.03
                rw[15]     -2.85      2.69     -3.15     -6.76      1.71      7.59      1.02
                rw[16]     -3.37      2.67     -3.70     -7.03      1.50      7.63      1.03
                rw[17]     -3.75      2.70     -3.97     -7.40      0.98      7.90      1.03
                rw[18]     -4.09      2.70     -4.29     -7.99      0.58      7.90      1.03
                rw[19]     -4.39      2.71     -4.62     -8.50      0.18      8.06      1.02
                rw[20]     -4.75      2.60     -5.02     -8.29      0.07      8.12      1.02
                rw[21]     -5.09      2.60     -5.29     -8.72     -0.48      7.94      1.02
                rw[22]     -5.48      2.58     -5.63     -9.28     -1.10      8.10      1.02
                rw[23]     -5.83      2.64     -6.03     -9.76     -1.25      7.80      1.03
                rw[24]     -6.11      2.69     -6.32    -10.10     -1.41      7.70      1.03
                rw[25]     -6.41      2.66     -6.61    -10.39     -1.82      7.93      1.03
                rw[26]     -6.80      2.69     -7.01    -10.67     -2.36      7.76      1.03
                rw[27]     -7.23      2.71     -7.47    -11.41     -2.84      7.94      1.03
                rw[28]     -7.55      2.73     -7.80    -11.97     -3.33      7.76      1.03
                rw[29]     -7.86      2.73     -8.11    -11.78     -3.17      7.85      1.03
                rw[30]     -8.02      2.78     -8.35    -12.05     -3.44      7.89      1.03
                rw[31]     -8.22      2.77     -8.53    -12.28     -3.58      8.19      1.03
                rw[32]     -8.39      2.86     -8.55    -12.57     -3.56      8.44      1.02
                rw[33]     -8.58      2.86     -8.79    -13.11     -4.24      8.51      1.02
                rw[34]     -8.83      2.88     -9.09    -13.13     -4.31      8.63      1.02
                rw[35]     -9.06      2.88     -9.28    -13.28     -4.17      8.22      1.02
                rw[36]     -9.13      2.87     -9.49    -13.46     -4.32      8.45      1.02
                rw[37]     -9.19      2.90     -9.44    -13.46     -4.31      8.65      1.01
                rw[38]     -9.14      2.90     -9.35    -13.76     -4.66      8.71      1.01
                rw[39]     -9.15      2.94     -9.37    -13.82     -4.48      8.58      1.01
                rw[40]     -9.16      2.92     -9.35    -13.32     -3.92      8.50      1.02
                rw[41]     -9.16      2.89     -9.52    -13.25     -4.11      8.56      1.01
                rw[42]     -9.16      2.86     -9.41    -13.33     -4.18      8.29      1.01
                rw[43]     -9.16      2.89     -9.34    -13.65     -4.50      8.28      1.01
                rw[44]     -9.10      2.85     -9.22    -13.73     -4.83      8.22      1.01
                rw[45]     -9.05      2.88     -9.27    -13.58     -4.47      8.27      1.01
                rw[46]     -9.00      2.86     -9.02    -13.22     -4.34      8.44      1.01
                rw[47]     -9.01      2.84     -9.18    -12.90     -3.87      8.08      1.02
                rw[48]     -8.95      2.85     -9.15    -13.15     -4.17      8.06      1.02
                rw[49]     -8.94      2.84     -9.16    -13.09     -4.30      8.16      1.01
                rw[50]     -8.89      2.84     -9.02    -13.08     -4.11      8.24      1.02
                rw[51]     -8.78      2.79     -9.02    -13.03     -4.21      8.00      1.01
                rw[52]     -8.61      2.84     -8.94    -12.69     -3.67      8.25      1.02
                rw[53]     -8.50      2.83     -8.72    -13.06     -3.88      8.34      1.02
                rw[54]     -8.39      2.78     -8.67    -12.54     -3.60      8.10      1.02
                rw[55]     -8.30      2.79     -8.54    -12.45     -3.61      7.94      1.02
                rw[56]     -8.24      2.78     -8.38    -12.48     -3.64      7.77      1.03
                rw[57]     -8.19      2.78     -8.41    -12.02     -3.26      7.65      1.03
                rw[58]     -8.18      2.75     -8.46    -12.49     -3.82      7.66      1.03
                rw[59]     -8.13      2.75     -8.38    -12.48     -3.73      8.09      1.03
                rw[60]     -8.11      2.85     -8.24    -12.58     -3.37      7.97      1.04
                rw[61]     -8.07      2.76     -8.34    -12.06     -3.37      7.58      1.04
                rw[62]     -8.05      2.77     -8.30    -12.28     -3.50      7.64      1.04
                rw[63]     -8.05      2.80     -8.25    -12.20     -3.34      7.80      1.04
                rw[64]     -8.02      2.76     -8.27    -12.32     -3.43      7.65      1.03
                rw[65]     -8.05      2.82     -8.31    -12.30     -3.28      7.80      1.03
                rw[66]     -8.01      2.83     -8.24    -12.28     -3.32      7.82      1.03
                rw[67]     -8.01      2.83     -8.13    -12.33     -3.37      7.99      1.03
                rw[68]     -7.98      2.82     -8.06    -12.14     -3.28      7.98      1.03
                rw[69]     -7.97      2.83     -8.20    -12.21     -3.39      7.52      1.04
                rw[70]     -7.90      2.79     -7.99    -12.23     -3.47      7.50      1.04
                rw[71]     -7.86      2.82     -7.98    -12.19     -3.36      7.88      1.03
                rw[72]     -7.81      2.82     -7.94    -12.35     -3.45      7.72      1.04
                rw[73]     -7.73      2.79     -7.82    -12.21     -3.26      7.97      1.03
                rw[74]     -7.62      2.84     -7.69    -12.24     -3.15      8.11      1.03
                rw[75]     -7.61      2.83     -7.64    -12.03     -3.12      8.14      1.03
                rw[76]     -7.71      2.82     -7.75    -12.01     -3.10      8.30      1.03
                rw[77]     -7.81      2.77     -7.98    -12.01     -3.25      8.23      1.03
                rw[78]     -7.92      2.77     -8.06    -12.02     -3.29      8.59      1.03
                rw[79]     -8.09      2.74     -8.27    -12.04     -3.41      8.33      1.03
                rw[80]     -8.11      2.76     -8.29    -12.72     -3.86      8.13      1.03
                rw[81]     -8.14      2.78     -8.26    -12.39     -3.75      8.24      1.03
                rw[82]     -8.16      2.76     -8.34    -12.06     -3.26      7.96      1.04
                rw[83]     -8.06      2.73     -8.15    -11.72     -3.00      8.03      1.04
                rw[84]     -8.00      2.74     -8.06    -12.18     -3.43      8.00      1.04
                rw[85]     -7.93      2.75     -8.06    -12.27     -3.48      8.33      1.04
                rw[86]     -7.83      2.75     -7.91    -12.30     -3.40      8.19      1.04
                rw[87]     -7.75      2.74     -7.89    -11.90     -3.10      8.05      1.04
                rw[88]     -7.66      2.68     -7.82    -11.53     -2.99      8.25      1.04
                rw[89]     -7.64      2.65     -7.80    -11.85     -3.61      8.66      1.03
                rw[90]     -7.59      2.66     -7.70    -11.66     -3.10      8.54      1.04
                rw[91]     -7.59      2.64     -7.66    -11.15     -2.72      8.55      1.03
                rw[92]     -7.60      2.62     -7.82    -11.23     -2.77      8.23      1.03
                rw[93]     -7.59      2.61     -7.85    -11.65     -3.13      8.20      1.03
                rw[94]     -7.55      2.61     -7.73    -11.53     -3.01      8.13      1.03
                rw[95]     -7.46      2.64     -7.61    -11.50     -3.04      7.88      1.03
                rw[96]     -7.44      2.61     -7.63    -11.45     -3.08      7.81      1.03
                rw[97]     -7.32      2.63     -7.54    -11.29     -2.91      7.74      1.03
                rw[98]     -7.23      2.59     -7.40    -10.98     -2.77      7.49      1.02
                rw[99]     -7.14      2.59     -7.30    -11.09     -2.73      7.54      1.03
               rw[100]     -7.14      2.57     -7.35    -11.10     -2.84      7.56      1.03
               rw[101]     -7.00      2.62     -7.30    -11.42     -3.12      7.82      1.03
               rw[102]     -6.80      2.60     -7.12    -10.69     -2.40      7.79      1.03
               rw[103]     -6.57      2.62     -6.87    -10.38     -2.23      7.84      1.03
               rw[104]     -6.33      2.59     -6.60    -10.44     -2.25      7.90      1.03
               rw[105]     -6.08      2.57     -6.25     -9.99     -1.83      8.14      1.02
               rw[106]     -5.89      2.56     -5.94    -10.00     -1.83      7.71      1.03
               rw[107]     -5.77      2.55     -5.91    -10.08     -1.92      7.67      1.03
               rw[108]     -5.68      2.59     -5.83     -9.83     -1.65      7.34      1.03
               rw[109]     -5.62      2.63     -5.72     -9.43     -0.99      7.61      1.03
               rw[110]     -5.60      2.60     -5.72     -9.14     -1.03      7.79      1.03
               rw[111]     -5.61      2.59     -5.81     -9.20     -1.10      7.83      1.03
               rw[112]     -5.56      2.57     -5.75     -9.07     -1.04      7.85      1.03
               rw[113]     -5.58      2.64     -5.84     -9.25     -0.74      7.73      1.03
               rw[114]     -5.58      2.59     -5.73     -9.50     -1.35      7.43      1.03
               rw[115]     -5.64      2.61     -5.86     -9.63     -1.38      7.63      1.03
               rw[116]     -5.67      2.59     -5.89     -9.08     -1.06      7.67      1.03
               rw[117]     -5.74      2.60     -5.86     -9.48     -1.36      7.42      1.03
               rw[118]     -5.82      2.63     -6.00     -9.89     -1.64      7.43      1.04
               rw[119]     -5.94      2.62     -6.24     -9.83     -1.42      7.75      1.04
               rw[120]     -6.05      2.61     -6.26     -9.87     -1.81      7.72      1.03
               rw[121]     -6.07      2.59     -6.42     -9.53     -1.40      7.22      1.04
               rw[122]     -6.12      2.57     -6.42    -10.06     -1.97      7.33      1.04
               rw[123]     -6.09      2.62     -6.29     -9.96     -1.79      7.48      1.04
               rw[124]     -6.05      2.61     -6.43     -9.82     -1.71      7.49      1.03
               rw[125]     -6.07      2.61     -6.40     -9.80     -1.55      7.49      1.03
               rw[126]     -6.12      2.64     -6.41     -9.99     -1.72      7.36      1.04
               rw[127]     -6.17      2.64     -6.43     -9.98     -1.76      7.19      1.04
               rw[128]     -6.25      2.61     -6.52    -10.26     -2.10      7.43      1.04
               rw[129]     -6.33      2.66     -6.59    -10.38     -1.99      7.38      1.03
               rw[130]     -6.34      2.65     -6.60    -10.63     -2.10      7.38      1.03
               rw[131]     -6.40      2.65     -6.65    -10.60     -2.03      7.58      1.02
               rw[132]     -6.45      2.69     -6.82    -10.44     -2.02      7.39      1.03
               rw[133]     -6.57      2.68     -6.89    -10.62     -2.19      7.48      1.03
               rw[134]     -6.69      2.68     -7.10    -10.83     -2.32      7.50      1.03
               rw[135]     -6.79      2.67     -7.12    -10.90     -2.34      7.64      1.03
               rw[136]     -6.94      2.64     -7.33    -10.54     -2.38      7.58      1.02
               rw[137]     -6.97      2.71     -7.33    -11.21     -2.59      7.40      1.03
               rw[138]     -7.04      2.69     -7.27    -10.98     -2.46      7.38      1.03
               rw[139]     -7.09      2.69     -7.42    -11.09     -2.59      7.27      1.04
               rw[140]     -7.21      2.68     -7.45    -11.02     -2.52      7.31      1.03
               rw[141]     -7.30      2.66     -7.55    -11.02     -2.69      7.58      1.03
               rw[142]     -7.33      2.63     -7.60    -11.56     -3.20      7.38      1.03
               rw[143]     -7.38      2.64     -7.66    -11.33     -3.00      7.29      1.02
               rw[144]     -7.39      2.68     -7.71    -11.53     -3.12      7.20      1.03
               rw[145]     -7.41      2.71     -7.67    -11.71     -3.02      7.43      1.04
               rw[146]     -7.46      2.69     -7.67    -11.62     -3.03      7.54      1.04
               rw[147]     -7.47      2.64     -7.63    -11.66     -3.21      7.62      1.03
               rw[148]     -7.53      2.67     -7.64    -11.43     -3.15      7.62      1.03
               rw[149]     -7.57      2.75     -7.75    -11.92     -3.26      7.70      1.03
               rw[150]     -7.59      2.74     -7.85    -11.66     -2.92      7.82      1.03
               rw[151]     -7.60      2.69     -7.72    -11.61     -3.07      7.60      1.04
               rw[152]     -7.50      2.72     -7.76    -11.30     -2.97      7.68      1.03
               rw[153]     -7.55      2.77     -7.88    -11.37     -2.66      7.64      1.03
               rw[154]     -7.64      2.79     -7.94    -11.81     -2.92      7.78      1.03
               rw[155]     -7.72      2.72     -8.01    -11.93     -3.32      7.89      1.04
               rw[156]     -7.84      2.73     -8.11    -11.92     -3.42      7.63      1.04
               rw[157]     -7.94      2.70     -8.25    -12.21     -3.81      7.69      1.03
               rw[158]     -8.05      2.78     -8.21    -12.46     -3.53      7.70      1.03
               rw[159]     -8.11      2.78     -8.27    -12.09     -3.20      7.76      1.03
               rw[160]     -8.21      2.82     -8.36    -12.28     -3.25      7.86      1.03
               rw[161]     -8.29      2.80     -8.53    -12.13     -3.31      8.00      1.03
               rw[162]     -8.33      2.80     -8.59    -12.56     -3.75      8.10      1.03
               rw[163]     -8.33      2.76     -8.57    -12.32     -3.70      8.30      1.03
               rw[164]     -8.35      2.69     -8.61    -12.02     -3.42      8.10      1.03
               rw[165]     -8.33      2.71     -8.59    -12.47     -3.99      7.68      1.04
               rw[166]     -8.30      2.71     -8.54    -12.25     -3.74      7.86      1.03
               rw[167]     -8.30      2.71     -8.55    -12.57     -4.04      7.89      1.04
               rw[168]     -8.28      2.69     -8.55    -12.23     -3.66      8.06      1.04
               rw[169]     -8.31      2.70     -8.55    -12.21     -3.85      8.03      1.03
               rw[170]     -8.31      2.72     -8.51    -11.98     -3.48      7.88      1.03
               rw[171]     -8.35      2.72     -8.54    -12.10     -3.41      8.02      1.02
               rw[172]     -8.30      2.71     -8.51    -12.37     -3.86      7.91      1.02
               rw[173]     -8.30      2.70     -8.51    -12.44     -4.04      7.75      1.03
               rw[174]     -8.25      2.71     -8.41    -12.12     -3.46      8.01      1.03
               rw[175]     -8.23      2.71     -8.39    -12.25     -3.62      8.07      1.03
               rw[176]     -8.25      2.73     -8.38    -12.42     -3.89      7.71      1.02
               rw[177]     -8.22      2.73     -8.37    -12.40     -3.71      7.71      1.03
               rw[178]     -8.17      2.73     -8.35    -12.33     -3.90      7.78      1.02
               rw[179]     -8.12      2.73     -8.24    -12.23     -3.54      7.76      1.03
               rw[180]     -7.99      2.74     -8.14    -12.30     -3.71      7.97      1.03
               rw[181]     -7.99      2.73     -8.21    -11.67     -3.23      8.28      1.03
               rw[182]     -7.97      2.73     -8.16    -12.16     -3.45      8.08      1.03
               rw[183]     -8.03      2.74     -8.22    -12.17     -3.28      7.90      1.03
               rw[184]     -8.06      2.71     -8.18    -12.17     -3.57      7.89      1.03
               rw[185]     -7.95      2.69     -8.16    -12.01     -3.50      7.92      1.03
               rw[186]     -7.80      2.70     -8.11    -11.81     -3.08      7.78      1.03
               rw[187]     -7.72      2.67     -7.93    -11.72     -3.14      7.62      1.03
               rw[188]     -7.57      2.65     -7.85    -11.65     -3.14      7.75      1.03
               rw[189]     -7.54      2.68     -7.79    -11.30     -2.73      7.68      1.03
               rw[190]     -7.53      2.66     -7.84    -11.61     -3.29      7.57      1.03
               rw[191]     -7.50      2.66     -7.87    -11.23     -2.93      7.62      1.03
               rw[192]     -7.54      2.68     -7.75    -11.86     -3.45      7.76      1.03
               rw[193]     -7.53      2.68     -7.83    -11.57     -2.95      7.92      1.02
               rw[194]     -7.58      2.69     -7.85    -11.61     -3.11      7.79      1.03
               rw[195]     -7.71      2.71     -7.99    -11.80     -3.24      7.75      1.03
               rw[196]     -7.85      2.67     -8.16    -11.92     -3.44      7.76      1.03
               rw[197]     -8.04      2.69     -8.25    -11.90     -3.24      7.81      1.03
               rw[198]     -8.19      2.71     -8.44    -12.21     -3.62      7.54      1.02
               rw[199]     -8.30      2.72     -8.49    -12.43     -3.80      7.52      1.02
               rw[200]     -8.32      2.73     -8.50    -12.21     -3.72      7.49      1.02
               rw[201]     -8.33      2.71     -8.61    -12.66     -4.08      7.61      1.03
               rw[202]     -8.35      2.72     -8.65    -12.31     -3.57      7.67      1.03
               rw[203]     -8.29      2.72     -8.55    -12.21     -3.61      7.57      1.03
               rw[204]     -8.23      2.69     -8.49    -12.39     -3.81      7.64      1.03
               rw[205]     -8.12      2.69     -8.41    -12.04     -3.62      7.84      1.02
               rw[206]     -7.90      2.67     -8.26    -11.61     -3.22      7.85      1.03
               rw[207]     -7.73      2.69     -8.09    -11.46     -3.09      7.64      1.03
               rw[208]     -7.52      2.69     -7.80    -11.89     -3.43      7.67      1.03
               rw[209]     -7.46      2.67     -7.72    -11.16     -2.75      7.77      1.03
               rw[210]     -7.39      2.70     -7.62    -11.42     -2.77      7.70      1.04
               rw[211]     -7.34      2.73     -7.68    -11.54     -2.87      7.76      1.03
               rw[212]     -7.31      2.70     -7.55    -11.60     -2.99      7.76      1.03
               rw[213]     -7.24      2.70     -7.45    -11.12     -2.22      7.76      1.03
               rw[214]     -7.09      2.68     -7.46    -10.56     -2.02      7.74      1.03
               rw[215]     -7.01      2.72     -7.29    -11.41     -2.72      7.68      1.03
               rw[216]     -6.90      2.69     -7.14    -10.66     -2.22      7.55      1.03
               rw[217]     -6.86      2.71     -7.00    -11.27     -2.74      7.62      1.03
               rw[218]     -6.88      2.71     -7.05    -11.06     -2.54      7.57      1.03
               rw[219]     -6.89      2.69     -7.11    -10.85     -2.42      7.55      1.03
               rw[220]     -6.83      2.70     -7.19    -11.08     -2.50      7.52      1.03
               rw[221]     -6.76      2.75     -6.99    -10.81     -2.10      7.64      1.03
               rw[222]     -6.71      2.70     -6.83    -10.55     -1.95      7.92      1.03
               rw[223]     -6.63      2.77     -6.89    -10.81     -1.99      7.91      1.03
               rw[224]     -6.61      2.90     -6.82    -11.53     -2.15      8.76      1.03
               rw[225]     -6.63      2.94     -6.80    -11.19     -1.72      9.49      1.03
               rw[226]     -6.68      3.09     -6.94    -11.83     -1.73     10.24      1.03
               rw[227]     -6.70      3.22     -6.73    -11.96     -1.52     11.38      1.03
                 sigma      0.22      0.02      0.22      0.19      0.26    824.27      1.00

Number of divergences: 0
