
                            mean       std    median      5.0%     95.0%     n_eff     r_hat
                    D0      0.71      0.90      0.42      0.00      1.66    794.06      1.00
                    E0     14.19     13.18     10.66      0.07     30.04     95.45      1.00
                    H0      0.83      0.80      0.62      0.01      1.78    320.33      1.00
                    I0      5.53      6.54      3.30      0.01     14.04    119.96      1.00
                 beta0      1.69      0.78      1.70      0.61      2.78      5.98      1.01
  confirmed_dispersion      0.19      0.03      0.18      0.14      0.23    405.12      1.00
      death_dispersion      0.26      0.03      0.26      0.21      0.31    420.09      1.00
            death_prob      0.01      0.00      0.01      0.01      0.01      7.41      1.33
            death_rate      0.08      0.01      0.08      0.06      0.10     23.59      1.02
           det_prob[0]      0.25      0.06      0.24      0.15      0.35     44.05      1.00
           det_prob[1]      0.24      0.07      0.23      0.13      0.35     36.66      1.01
           det_prob[2]      0.23      0.07      0.23      0.11      0.34     32.25      1.00
           det_prob[3]      0.23      0.08      0.22      0.12      0.35     28.92      1.00
           det_prob[4]      0.23      0.08      0.22      0.11      0.36     24.06      1.00
           det_prob[5]      0.22      0.08      0.22      0.10      0.34     21.27      1.00
           det_prob[6]      0.21      0.08      0.20      0.09      0.33     20.60      1.00
           det_prob[7]      0.20      0.08      0.19      0.09      0.32     19.92      1.00
           det_prob[8]      0.19      0.07      0.17      0.08      0.30     18.36      1.00
           det_prob[9]      0.17      0.07      0.16      0.07      0.27     16.78      1.00
          det_prob[10]      0.17      0.06      0.16      0.07      0.26     16.16      1.00
          det_prob[11]      0.17      0.06      0.16      0.07      0.26     15.04      1.00
          det_prob[12]      0.16      0.06      0.16      0.07      0.25     13.90      1.00
          det_prob[13]      0.16      0.06      0.16      0.08      0.25     14.31      1.00
          det_prob[14]      0.16      0.05      0.16      0.07      0.24     14.11      1.01
          det_prob[15]      0.16      0.05      0.15      0.08      0.24     15.23      1.00
          det_prob[16]      0.16      0.05      0.16      0.08      0.24     15.97      1.00
          det_prob[17]      0.16      0.05      0.15      0.08      0.23     16.45      1.00
          det_prob[18]      0.15      0.05      0.15      0.08      0.23     15.67      1.01
          det_prob[19]      0.15      0.05      0.15      0.07      0.22     15.58      1.01
          det_prob[20]      0.15      0.05      0.14      0.07      0.22     16.67      1.01
          det_prob[21]      0.15      0.05      0.15      0.08      0.22     17.90      1.01
          det_prob[22]      0.15      0.05      0.15      0.08      0.23     20.03      1.01
          det_prob[23]      0.15      0.05      0.15      0.08      0.23     24.05      1.01
          det_prob[24]      0.15      0.05      0.15      0.08      0.23     28.62      1.01
          det_prob[25]      0.16      0.05      0.15      0.08      0.23     34.55      1.01
          det_prob[26]      0.15      0.05      0.15      0.08      0.23     41.77      1.00
          det_prob[27]      0.15      0.05      0.14      0.08      0.23     44.32      1.01
          det_prob[28]      0.15      0.05      0.14      0.08      0.22     47.46      1.00
          det_prob[29]      0.15      0.05      0.15      0.08      0.22     46.84      1.00
          det_prob[30]      0.15      0.05      0.15      0.09      0.23     42.95      1.00
          det_prob[31]      0.16      0.05      0.15      0.08      0.23     40.64      1.00
          det_prob[32]      0.16      0.05      0.15      0.08      0.24     40.22      1.00
          det_prob[33]      0.16      0.05      0.16      0.08      0.23     36.65      1.00
          det_prob[34]      0.17      0.05      0.16      0.08      0.23     35.45      1.00
          det_prob[35]      0.17      0.05      0.17      0.09      0.25     36.63      1.00
          det_prob[36]      0.18      0.05      0.17      0.09      0.26     35.17      1.01
          det_prob[37]      0.18      0.05      0.18      0.10      0.27     31.87      1.01
          det_prob[38]      0.19      0.06      0.18      0.10      0.28     29.83      1.01
          det_prob[39]      0.19      0.06      0.19      0.10      0.29     27.22      1.01
          det_prob[40]      0.20      0.06      0.19      0.11      0.29     27.89      1.02
          det_prob[41]      0.21      0.06      0.19      0.11      0.31     24.14      1.03
          det_prob[42]      0.22      0.07      0.21      0.12      0.32     20.78      1.05
          det_prob[43]      0.23      0.07      0.22      0.13      0.34     20.58      1.06
          det_prob[44]      0.25      0.07      0.23      0.14      0.35     19.70      1.08
          det_prob[45]      0.26      0.07      0.25      0.15      0.37     20.02      1.08
          det_prob[46]      0.27      0.07      0.26      0.15      0.38     19.41      1.08
          det_prob[47]      0.27      0.08      0.26      0.17      0.40     20.90      1.07
          det_prob[48]      0.27      0.08      0.26      0.16      0.40     20.86      1.06
          det_prob[49]      0.28      0.08      0.27      0.18      0.41     21.86      1.06
          det_prob[50]      0.30      0.08      0.29      0.18      0.42     23.24      1.06
          det_prob[51]      0.31      0.09      0.29      0.19      0.44     24.87      1.04
          det_prob[52]      0.31      0.09      0.30      0.17      0.43     24.69      1.05
          det_prob[53]      0.31      0.09      0.30      0.18      0.45     23.79      1.06
          det_prob[54]      0.31      0.09      0.30      0.18      0.45     20.46      1.09
          det_prob[55]      0.31      0.08      0.30      0.18      0.45     19.16      1.10
          det_prob[56]      0.32      0.08      0.30      0.19      0.44     18.46      1.12
          det_prob[57]      0.32      0.08      0.31      0.20      0.46     17.91      1.12
          det_prob[58]      0.32      0.08      0.31      0.19      0.44     17.00      1.14
          det_prob[59]      0.32      0.08      0.31      0.19      0.43     16.72      1.15
          det_prob[60]      0.31      0.08      0.30      0.19      0.44     15.54      1.16
          det_prob[61]      0.30      0.08      0.29      0.17      0.43     17.35      1.16
          det_prob[62]      0.30      0.08      0.29      0.17      0.43     19.51      1.15
          det_prob[63]      0.30      0.08      0.29      0.16      0.42     19.77      1.14
          det_prob[64]      0.29      0.08      0.29      0.16      0.41     20.81      1.15
          det_prob[65]      0.29      0.08      0.28      0.16      0.42     26.18      1.12
          det_prob[66]      0.29      0.08      0.29      0.15      0.42     41.02      1.11
          det_prob[67]      0.30      0.08      0.30      0.15      0.42     42.24      1.11
          det_prob[68]      0.31      0.08      0.30      0.18      0.45     42.35      1.11
          det_prob[69]      0.31      0.09      0.31      0.16      0.45     34.80      1.12
          det_prob[70]      0.32      0.09      0.31      0.17      0.45     22.88      1.14
          det_prob[71]      0.32      0.09      0.32      0.17      0.45     20.04      1.14
          det_prob[72]      0.33      0.09      0.33      0.18      0.47     17.29      1.15
          det_prob[73]      0.34      0.10      0.34      0.17      0.48     15.15      1.14
          det_prob[74]      0.36      0.10      0.35      0.18      0.51     14.47      1.14
          det_prob[75]      0.38      0.10      0.37      0.22      0.54     12.57      1.15
          det_prob[76]      0.39      0.11      0.39      0.24      0.59     13.41      1.14
          det_prob[77]      0.42      0.11      0.41      0.25      0.59     14.59      1.13
          det_prob[78]      0.43      0.11      0.43      0.24      0.60     16.95      1.12
          det_prob[79]      0.45      0.11      0.45      0.25      0.62     17.60      1.12
          det_prob[80]      0.47      0.12      0.47      0.28      0.66     16.67      1.10
          det_prob[81]      0.49      0.12      0.49      0.27      0.65     16.52      1.10
          det_prob[82]      0.51      0.12      0.52      0.31      0.70     16.13      1.10
          det_prob[83]      0.54      0.12      0.55      0.34      0.72     17.18      1.08
          det_prob[84]      0.56      0.12      0.57      0.36      0.74     17.47      1.06
          det_prob[85]      0.58      0.12      0.58      0.38      0.75     19.30      1.06
          det_prob[86]      0.60      0.12      0.61      0.42      0.79     21.88      1.05
          det_prob[87]      0.62      0.12      0.62      0.44      0.80     23.36      1.05
          det_prob[88]      0.63      0.11      0.64      0.47      0.82     30.08      1.04
          det_prob[89]      0.66      0.11      0.67      0.49      0.83     36.06      1.03
          det_prob[90]      0.69      0.10      0.69      0.54      0.85     49.71      1.03
          det_prob[91]      0.70      0.10      0.72      0.55      0.85     56.23      1.02
          det_prob[92]      0.72      0.09      0.73      0.58      0.87     59.22      1.01
          det_prob[93]      0.74      0.09      0.75      0.59      0.87     61.26      1.01
          det_prob[94]      0.75      0.09      0.76      0.61      0.89     64.78      1.01
          det_prob[95]      0.76      0.09      0.77      0.63      0.90     66.13      1.00
          det_prob[96]      0.77      0.08      0.78      0.65      0.91     62.54      1.00
          det_prob[97]      0.79      0.08      0.80      0.65      0.90     61.01      1.00
          det_prob[98]      0.80      0.08      0.81      0.68      0.91     60.88      1.00
          det_prob[99]      0.81      0.08      0.82      0.69      0.92     58.24      1.00
         det_prob[100]      0.81      0.08      0.82      0.70      0.93     57.71      1.00
         det_prob[101]      0.82      0.08      0.83      0.70      0.94     56.06      1.00
         det_prob[102]      0.82      0.08      0.84      0.71      0.94     57.03      1.00
         det_prob[103]      0.83      0.08      0.84      0.71      0.94     55.49      1.00
         det_prob[104]      0.83      0.08      0.85      0.72      0.94     54.37      1.00
         det_prob[105]      0.84      0.07      0.85      0.74      0.95     53.44      1.00
         det_prob[106]      0.84      0.07      0.86      0.75      0.95     51.52      1.00
         det_prob[107]      0.85      0.07      0.86      0.75      0.95     49.30      1.00
         det_prob[108]      0.85      0.07      0.86      0.75      0.95     48.70      1.00
         det_prob[109]      0.85      0.07      0.86      0.74      0.94     48.24      1.00
         det_prob[110]      0.85      0.07      0.86      0.75      0.95     46.33      1.01
         det_prob[111]      0.85      0.07      0.86      0.75      0.94     41.91      1.01
         det_prob[112]      0.85      0.06      0.86      0.76      0.95     39.13      1.01
         det_prob[113]      0.85      0.06      0.86      0.76      0.95     36.74      1.01
         det_prob[114]      0.85      0.07      0.86      0.76      0.95     34.15      1.02
         det_prob[115]      0.85      0.07      0.86      0.76      0.95     31.65      1.02
         det_prob[116]      0.85      0.07      0.86      0.74      0.94     30.88      1.02
         det_prob[117]      0.85      0.07      0.86      0.74      0.94     30.72      1.03
         det_prob[118]      0.85      0.07      0.86      0.73      0.94     28.34      1.04
         det_prob[119]      0.84      0.07      0.86      0.75      0.96     27.34      1.05
         det_prob[120]      0.84      0.07      0.85      0.74      0.96     26.33      1.06
         det_prob[121]      0.83      0.08      0.85      0.72      0.95     25.79      1.07
         det_prob[122]      0.83      0.08      0.84      0.71      0.95     22.78      1.09
         det_prob[123]      0.82      0.08      0.83      0.71      0.96     20.98      1.10
         det_prob[124]      0.82      0.09      0.83      0.70      0.96     18.67      1.12
         det_prob[125]      0.81      0.09      0.83      0.67      0.94     16.82      1.13
         det_prob[126]      0.81      0.09      0.82      0.68      0.95     14.46      1.16
         det_prob[127]      0.81      0.09      0.82      0.67      0.95     13.65      1.16
         det_prob[128]      0.80      0.09      0.82      0.66      0.94     12.66      1.16
         det_prob[129]      0.80      0.10      0.82      0.66      0.95     11.88      1.19
         det_prob[130]      0.79      0.10      0.81      0.63      0.94     10.55      1.21
         det_prob[131]      0.79      0.10      0.81      0.64      0.95      9.82      1.22
         det_prob[132]      0.79      0.10      0.80      0.64      0.95      8.95      1.27
         det_prob[133]      0.78      0.11      0.79      0.63      0.95      8.19      1.30
         det_prob[134]      0.78      0.11      0.79      0.61      0.95      7.90      1.34
         det_prob[135]      0.77      0.12      0.78      0.61      0.96      7.52      1.38
         det_prob[136]      0.76      0.12      0.78      0.58      0.95      7.15      1.43
         det_prob[137]      0.76      0.13      0.78      0.57      0.96      7.03      1.46
         det_prob[138]      0.76      0.13      0.77      0.55      0.96      6.94      1.49
         det_prob[139]      0.75      0.13      0.77      0.55      0.97      6.63      1.53
         det_prob[140]      0.75      0.14      0.77      0.55      0.97      6.28      1.56
         det_prob[141]      0.74      0.14      0.76      0.54      0.97      5.96      1.60
         det_prob[142]      0.74      0.14      0.75      0.53      0.97      5.70      1.62
         det_prob[143]      0.73      0.15      0.75      0.52      0.98      5.52      1.62
         det_prob[144]      0.73      0.15      0.75      0.50      0.97      5.34      1.65
         det_prob[145]      0.73      0.15      0.74      0.50      0.98      5.19      1.65
         det_prob[146]      0.73      0.15      0.74      0.50      0.98      5.01      1.68
         det_prob[147]      0.72      0.16      0.74      0.49      0.98      4.91      1.68
         det_prob[148]      0.72      0.16      0.73      0.49      0.98      4.72      1.68
         det_prob[149]      0.71      0.16      0.72      0.49      0.98      4.63      1.68
         det_prob[150]      0.71      0.17      0.71      0.48      0.97      4.53      1.69
         det_prob[151]      0.70      0.17      0.71      0.48      0.97      4.55      1.67
         det_prob[152]      0.71      0.17      0.70      0.48      0.98      4.58      1.65
         det_prob[153]      0.71      0.17      0.70      0.48      0.98      4.57      1.62
         det_prob[154]      0.71      0.17      0.71      0.49      0.98      4.50      1.61
         det_prob[155]      0.72      0.17      0.71      0.48      0.98      4.46      1.60
         det_prob[156]      0.72      0.17      0.72      0.47      0.97      4.55      1.56
         det_prob[157]      0.72      0.17      0.72      0.47      0.98      4.53      1.55
         det_prob[158]      0.72      0.18      0.73      0.46      0.98      4.48      1.54
         det_prob[159]      0.72      0.18      0.73      0.45      0.97      4.42      1.54
         det_prob[160]      0.72      0.17      0.74      0.47      0.98      4.56      1.50
         det_prob[161]      0.73      0.17      0.75      0.48      0.98      4.62      1.49
         det_prob[162]      0.74      0.17      0.76      0.49      0.98      4.76      1.47
         det_prob[163]      0.74      0.17      0.77      0.49      0.97      4.93      1.47
         det_prob[164]      0.74      0.17      0.78      0.49      0.98      5.07      1.45
         det_prob[165]      0.75      0.17      0.79      0.49      0.98      5.36      1.42
         det_prob[166]      0.75      0.17      0.79      0.52      0.98      5.31      1.44
         det_prob[167]      0.76      0.16      0.80      0.52      0.97      5.52      1.42
         det_prob[168]      0.78      0.16      0.81      0.55      0.98      5.65      1.42
         det_prob[169]      0.79      0.15      0.82      0.57      0.98      5.85      1.41
         det_prob[170]      0.80      0.15      0.83      0.57      0.98      6.12      1.39
         det_prob[171]      0.81      0.14      0.84      0.59      0.98      6.12      1.39
         det_prob[172]      0.82      0.13      0.85      0.60      0.98      6.30      1.37
         det_prob[173]      0.83      0.12      0.86      0.64      0.98      6.52      1.36
         det_prob[174]      0.84      0.11      0.88      0.66      0.98      6.90      1.33
         det_prob[175]      0.86      0.11      0.89      0.69      0.98      6.71      1.34
         det_prob[176]      0.86      0.10      0.89      0.71      0.98      6.61      1.33
         det_prob[177]      0.87      0.10      0.90      0.72      0.98      6.70      1.32
         det_prob[178]      0.87      0.10      0.90      0.73      0.98      6.42      1.33
         det_prob[179]      0.88      0.09      0.90      0.74      0.99      6.10      1.35
         det_prob[180]      0.88      0.09      0.91      0.75      0.99      5.95      1.34
         det_prob[181]      0.89      0.08      0.91      0.77      0.99      6.07      1.32
         det_prob[182]      0.89      0.08      0.91      0.79      0.99      5.78      1.33
         det_prob[183]      0.90      0.08      0.91      0.80      0.99      5.65      1.32
         det_prob[184]      0.90      0.07      0.92      0.80      0.99      5.54      1.32
         det_prob[185]      0.90      0.07      0.92      0.80      0.99      5.99      1.29
         det_prob[186]      0.90      0.07      0.92      0.80      0.99      5.97      1.29
         det_prob[187]      0.91      0.07      0.92      0.81      0.99      5.96      1.28
         det_prob[188]      0.91      0.07      0.92      0.81      0.99      6.11      1.26
         det_prob[189]      0.91      0.07      0.92      0.81      0.99      6.31      1.24
         det_prob[190]      0.91      0.07      0.92      0.81      0.99      6.13      1.24
         det_prob[191]      0.91      0.07      0.92      0.81      0.99      6.30      1.24
         det_prob[192]      0.90      0.08      0.93      0.80      0.99      6.54      1.22
         det_prob[193]      0.90      0.08      0.93      0.80      0.99      6.63      1.21
         det_prob[194]      0.90      0.08      0.93      0.79      0.99      6.33      1.22
         det_prob[195]      0.90      0.08      0.93      0.79      0.99      6.34      1.22
         det_prob[196]      0.90      0.08      0.93      0.79      0.99      6.20      1.22
         det_prob[197]      0.90      0.08      0.93      0.78      0.99      6.17      1.22
         det_prob[198]      0.90      0.08      0.93      0.78      0.99      6.06      1.23
         det_prob[199]      0.90      0.09      0.93      0.77      0.99      6.02      1.23
         det_prob[200]      0.90      0.09      0.93      0.77      0.99      5.78      1.24
         det_prob[201]      0.90      0.09      0.93      0.77      0.99      5.69      1.24
         det_prob[202]      0.90      0.09      0.93      0.77      0.99      5.52      1.25
         det_prob[203]      0.89      0.09      0.93      0.76      0.99      5.46      1.25
         det_prob[204]      0.89      0.10      0.93      0.75      0.99      5.37      1.26
         det_prob[205]      0.89      0.10      0.93      0.74      0.99      5.17      1.28
         det_prob[206]      0.89      0.10      0.93      0.73      0.99      5.13      1.28
         det_prob[207]      0.89      0.10      0.93      0.74      0.99      5.12      1.28
         det_prob[208]      0.89      0.10      0.93      0.74      0.99      5.14      1.28
         det_prob[209]      0.89      0.10      0.93      0.74      0.99      5.18      1.28
         det_prob[210]      0.89      0.10      0.93      0.74      0.99      5.17      1.28
         det_prob[211]      0.89      0.10      0.93      0.73      0.99      5.21      1.28
         det_prob[212]      0.89      0.11      0.93      0.75      0.99      5.42      1.27
         det_prob[213]      0.89      0.11      0.93      0.74      0.99      5.51      1.26
         det_prob[214]      0.89      0.11      0.94      0.74      0.99      5.66      1.25
         det_prob[215]      0.89      0.11      0.94      0.74      0.99      5.68      1.25
         det_prob[216]      0.89      0.11      0.94      0.74      1.00      5.91      1.24
         det_prob[217]      0.89      0.11      0.94      0.75      1.00      6.12      1.23
         det_prob[218]      0.89      0.11      0.94      0.75      0.99      6.24      1.23
         det_prob[219]      0.89      0.11      0.94      0.74      1.00      6.51      1.22
         det_prob[220]      0.89      0.11      0.94      0.74      1.00      6.87      1.20
         det_prob[221]      0.89      0.11      0.94      0.74      0.99      6.92      1.20
         det_prob[222]      0.89      0.11      0.94      0.72      1.00      7.00      1.21
         det_prob[223]      0.89      0.11      0.94      0.73      1.00      7.03      1.20
         det_prob[224]      0.89      0.12      0.94      0.72      1.00      7.24      1.19
         det_prob[225]      0.89      0.11      0.94      0.72      1.00      7.20      1.20
         det_prob[226]      0.89      0.12      0.94      0.72      1.00      7.47      1.19
         det_prob[227]      0.89      0.12      0.94      0.71      1.00      7.57      1.19
             det_prob0      0.26      0.06      0.25      0.17      0.36     58.91      1.00
            det_prob_d      0.90      0.03      0.90      0.85      0.95    299.88      1.00
                 gamma      0.48      0.05      0.48      0.40      0.55    190.55      1.00
                 rw[0]     -0.29      0.99     -0.33     -1.79      1.39     85.75      1.00
                 rw[1]     -0.47      1.33     -0.42     -2.48      1.82     32.82      1.00
                 rw[2]     -0.60      1.61     -0.64     -2.90      2.45     18.95      1.00
                 rw[3]     -0.73      1.81     -0.78     -3.41      2.45     13.59      1.01
                 rw[4]     -0.84      2.00     -1.02     -3.88      2.54     11.08      1.01
                 rw[5]     -1.02      2.18     -1.17     -4.91      2.23      9.54      1.01
                 rw[6]     -1.15      2.33     -1.44     -4.66      2.60      8.28      1.01
                 rw[7]     -1.25      2.48     -1.54     -4.91      2.81      7.94      1.01
                 rw[8]     -1.23      2.57     -1.47     -4.87      3.10      7.58      1.01
                 rw[9]     -1.09      2.75     -1.55     -5.00      3.52      7.35      1.01
                rw[10]     -0.83      2.84     -1.17     -4.80      4.13      6.74      1.01
                rw[11]     -0.62      2.89     -1.02     -4.76      4.38      6.74      1.01
                rw[12]     -0.38      3.00     -0.80     -4.77      4.67      6.66      1.01
                rw[13]     -0.21      3.06     -0.76     -4.48      5.05      6.39      1.01
                rw[14]     -0.11      3.08     -0.68     -4.41      4.95      6.32      1.01
                rw[15]     -0.04      3.07     -0.65     -4.19      5.11      6.21      1.01
                rw[16]     -0.01      3.06     -0.53     -4.58      4.74      6.30      1.01
                rw[17]     -0.15      3.02     -0.71     -4.64      4.56      6.45      1.00
                rw[18]     -0.39      3.00     -0.84     -4.83      4.17      6.39      1.00
                rw[19]     -0.60      2.95     -0.92     -5.18      3.92      6.38      1.00
                rw[20]     -0.87      2.90     -1.27     -5.53      3.47      6.39      1.00
                rw[21]     -1.25      2.84     -1.66     -5.64      3.28      6.30      1.00
                rw[22]     -1.67      2.83     -2.04     -6.00      2.97      6.21      1.00
                rw[23]     -2.11      2.83     -2.49     -6.42      2.34      6.14      1.00
                rw[24]     -2.53      2.83     -2.85     -6.67      2.08      6.16      1.00
                rw[25]     -2.99      2.82     -3.34     -7.18      1.52      6.18      1.00
                rw[26]     -3.42      2.81     -3.78     -7.43      1.32      6.17      1.00
                rw[27]     -3.74      2.80     -4.13     -8.14      0.56      6.12      1.01
                rw[28]     -4.03      2.81     -4.33     -7.93      0.79      6.27      1.01
                rw[29]     -4.32      2.83     -4.75     -8.56      0.18      6.24      1.01
                rw[30]     -4.57      2.82     -4.85     -8.83     -0.18      6.38      1.01
                rw[31]     -4.70      2.86     -5.05     -8.98     -0.26      6.45      1.01
                rw[32]     -4.78      2.83     -5.32     -8.64     -0.09      6.42      1.01
                rw[33]     -4.84      2.85     -5.26     -9.04     -0.45      6.54      1.01
                rw[34]     -4.91      2.90     -5.26     -9.36     -0.55      6.64      1.01
                rw[35]     -4.93      2.92     -5.36     -9.23     -0.26      6.57      1.01
                rw[36]     -4.93      2.89     -5.36     -9.05     -0.22      6.57      1.01
                rw[37]     -4.93      2.85     -5.21     -9.44     -0.61      6.57      1.00
                rw[38]     -4.89      2.86     -5.17     -9.22     -0.34      6.72      1.00
                rw[39]     -4.81      2.90     -5.19     -9.10     -0.01      6.62      1.00
                rw[40]     -4.71      2.91     -5.05     -9.07     -0.01      6.58      1.00
                rw[41]     -4.56      2.84     -4.87     -8.83      0.01      6.50      1.00
                rw[42]     -4.43      2.80     -4.71     -8.44      0.40      6.58      1.01
                rw[43]     -4.27      2.83     -4.53     -8.60      0.25      6.64      1.01
                rw[44]     -4.08      2.83     -4.39     -8.17      0.74      6.47      1.01
                rw[45]     -4.01      2.83     -4.32     -8.24      0.61      6.53      1.01
                rw[46]     -4.00      2.83     -4.33     -8.35      0.42      6.35      1.01
                rw[47]     -4.05      2.81     -4.28     -8.08      0.55      6.50      1.01
                rw[48]     -4.12      2.83     -4.44     -8.18      0.54      6.38      1.01
                rw[49]     -4.07      2.84     -4.38     -8.28      0.56      6.43      1.01
                rw[50]     -4.17      2.79     -4.55     -8.19      0.53      6.56      1.01
                rw[51]     -4.41      2.82     -4.77     -8.58      0.36      6.55      1.00
                rw[52]     -4.56      2.82     -4.97     -8.70     -0.09      6.64      1.00
                rw[53]     -4.68      2.78     -5.15     -8.77     -0.06      6.70      1.01
                rw[54]     -4.86      2.77     -5.29     -8.66     -0.12      6.54      1.01
                rw[55]     -4.96      2.81     -5.44     -9.23     -0.54      6.44      1.01
                rw[56]     -5.04      2.85     -5.39     -9.27     -0.44      6.52      1.01
                rw[57]     -5.19      2.86     -5.57     -9.18     -0.43      6.38      1.01
                rw[58]     -5.37      2.85     -5.81     -9.52     -0.76      6.31      1.01
                rw[59]     -5.60      2.93     -6.00     -9.77     -0.90      6.35      1.01
                rw[60]     -5.76      2.91     -6.14     -9.74     -0.74      6.27      1.01
                rw[61]     -5.94      2.94     -6.32    -10.04     -0.97      6.18      1.01
                rw[62]     -6.09      2.89     -6.37     -9.84     -1.17      6.03      1.01
                rw[63]     -6.23      2.97     -6.54    -10.95     -1.78      6.13      1.00
                rw[64]     -6.40      2.98     -6.50    -10.84     -1.73      6.26      1.00
                rw[65]     -6.48      3.01     -6.56    -10.78     -1.41      6.17      1.00
                rw[66]     -6.56      3.03     -6.61    -11.20     -1.65      6.08      1.00
                rw[67]     -6.66      3.05     -6.84    -11.52     -2.01      6.11      1.00
                rw[68]     -6.80      3.10     -7.04    -11.69     -1.97      6.05      1.00
                rw[69]     -6.91      3.08     -7.10    -11.96     -2.60      5.95      1.00
                rw[70]     -7.07      3.09     -7.36    -12.29     -2.60      5.96      1.01
                rw[71]     -7.21      3.07     -7.41    -11.75     -2.35      6.02      1.00
                rw[72]     -7.32      3.11     -7.51    -12.14     -2.51      5.97      1.00
                rw[73]     -7.42      3.12     -7.59    -12.27     -2.67      5.99      1.00
                rw[74]     -7.52      3.11     -7.79    -12.07     -2.47      6.26      1.00
                rw[75]     -7.63      3.06     -7.80    -12.63     -2.95      6.46      1.00
                rw[76]     -7.78      3.10     -7.93    -12.24     -2.40      6.45      1.01
                rw[77]     -7.84      3.08     -8.05    -12.33     -2.55      6.69      1.01
                rw[78]     -8.00      3.01     -8.14    -12.86     -3.43      6.81      1.01
                rw[79]     -8.10      3.03     -8.15    -12.54     -2.98      6.90      1.01
                rw[80]     -8.15      3.03     -8.34    -12.90     -3.26      6.74      1.01
                rw[81]     -8.22      2.99     -8.46    -12.90     -3.46      6.76      1.02
                rw[82]     -8.24      2.97     -8.46    -13.06     -3.83      6.81      1.02
                rw[83]     -8.19      2.98     -8.39    -12.38     -3.13      6.80      1.03
                rw[84]     -8.15      2.94     -8.40    -12.35     -3.23      6.85      1.03
                rw[85]     -8.12      2.92     -8.42    -12.24     -3.11      6.83      1.04
                rw[86]     -8.03      2.95     -8.30    -12.40     -3.18      6.99      1.04
                rw[87]     -7.94      2.93     -8.27    -12.12     -3.11      7.03      1.04
                rw[88]     -7.78      2.86     -8.12    -11.90     -2.97      7.09      1.04
                rw[89]     -7.68      2.81     -7.97    -11.74     -3.00      7.37      1.03
                rw[90]     -7.58      2.79     -7.90    -11.94     -3.17      7.36      1.03
                rw[91]     -7.48      2.76     -7.89    -11.57     -3.04      7.36      1.03
                rw[92]     -7.41      2.72     -7.77    -11.27     -2.79      7.17      1.02
                rw[93]     -7.32      2.72     -7.62    -11.14     -2.53      7.19      1.02
                rw[94]     -7.23      2.78     -7.60    -11.24     -2.46      7.12      1.02
                rw[95]     -7.15      2.77     -7.52    -11.34     -2.64      7.24      1.02
                rw[96]     -7.00      2.77     -7.37    -11.05     -2.46      6.98      1.01
                rw[97]     -6.89      2.76     -7.29    -11.09     -2.69      6.80      1.02
                rw[98]     -6.80      2.72     -7.21    -10.77     -2.31      6.55      1.01
                rw[99]     -6.69      2.76     -7.13    -10.73     -2.27      6.50      1.01
               rw[100]     -6.60      2.76     -6.99    -10.55     -1.87      6.40      1.01
               rw[101]     -6.43      2.76     -6.79    -10.51     -2.16      6.31      1.01
               rw[102]     -6.17      2.78     -6.53    -10.35     -1.76      6.50      1.01
               rw[103]     -5.84      2.73     -6.26     -9.75     -1.22      6.58      1.01
               rw[104]     -5.54      2.73     -5.93     -9.45     -0.85      6.52      1.01
               rw[105]     -5.27      2.72     -5.69     -9.45     -1.02      6.59      1.00
               rw[106]     -5.18      2.71     -5.46     -9.47     -1.00      6.59      1.01
               rw[107]     -5.07      2.69     -5.25     -9.09     -0.71      6.66      1.01
               rw[108]     -4.91      2.72     -5.18     -8.91     -0.52      6.59      1.01
               rw[109]     -4.79      2.79     -5.08     -8.84     -0.15      6.54      1.01
               rw[110]     -4.73      2.82     -5.05     -8.78      0.02      6.71      1.01
               rw[111]     -4.63      2.81     -4.96     -8.66      0.17      6.73      1.01
               rw[112]     -4.61      2.81     -4.97     -8.56      0.12      6.63      1.01
               rw[113]     -4.61      2.82     -4.98     -8.52      0.26      6.66      1.01
               rw[114]     -4.60      2.84     -4.91     -8.99     -0.23      6.50      1.01
               rw[115]     -4.55      2.80     -4.90     -8.89     -0.28      6.41      1.01
               rw[116]     -4.46      2.81     -4.89     -8.56      0.07      6.52      1.01
               rw[117]     -4.32      2.78     -4.72     -8.45      0.13      6.50      1.01
               rw[118]     -4.21      2.77     -4.67     -8.29      0.18      6.45      1.01
               rw[119]     -4.19      2.76     -4.66     -8.12      0.25      6.63      1.01
               rw[120]     -4.12      2.74     -4.58     -8.06      0.26      6.56      1.01
               rw[121]     -4.09      2.78     -4.57     -8.08      0.63      6.37      1.01
               rw[122]     -4.17      2.74     -4.60     -8.18      0.33      6.38      1.01
               rw[123]     -4.19      2.76     -4.65     -8.23      0.30      6.45      1.01
               rw[124]     -4.19      2.77     -4.61     -8.51      0.08      6.44      1.01
               rw[125]     -4.29      2.76     -4.68     -8.35      0.30      6.53      1.01
               rw[126]     -4.49      2.77     -4.88     -8.54     -0.03      6.55      1.01
               rw[127]     -4.71      2.76     -5.08     -8.61     -0.08      6.43      1.01
               rw[128]     -4.95      2.75     -5.22     -8.77     -0.36      6.43      1.01
               rw[129]     -5.14      2.79     -5.57     -9.29     -0.71      6.46      1.00
               rw[130]     -5.28      2.76     -5.74     -9.34     -0.81      6.46      1.00
               rw[131]     -5.36      2.76     -5.69     -9.38     -0.90      6.56      1.00
               rw[132]     -5.44      2.78     -5.82     -9.50     -0.75      6.55      1.00
               rw[133]     -5.47      2.82     -5.88     -9.69     -1.08      6.51      1.00
               rw[134]     -5.54      2.76     -5.88     -9.71     -1.17      6.65      1.00
               rw[135]     -5.62      2.82     -6.01    -10.01     -1.32      6.79      1.00
               rw[136]     -5.59      2.80     -6.05     -9.68     -1.08      6.69      1.00
               rw[137]     -5.54      2.81     -5.82     -9.50     -0.80      6.56      1.00
               rw[138]     -5.56      2.85     -5.95     -9.76     -0.95      6.42      1.00
               rw[139]     -5.51      2.84     -5.91     -9.68     -1.04      6.39      1.00
               rw[140]     -5.53      2.81     -5.86     -9.89     -1.23      6.44      1.00
               rw[141]     -5.55      2.80     -5.87     -9.99     -1.25      6.40      1.00
               rw[142]     -5.62      2.78     -6.05     -9.54     -1.18      6.33      1.00
               rw[143]     -5.61      2.78     -5.93     -9.53     -1.09      6.26      1.00
               rw[144]     -5.54      2.81     -5.84     -9.54     -0.93      6.18      1.00
               rw[145]     -5.53      2.85     -5.90     -9.69     -0.81      6.42      1.00
               rw[146]     -5.57      2.83     -5.92     -9.98     -1.11      6.49      1.00
               rw[147]     -5.60      2.83     -5.89     -9.93     -1.22      6.61      1.00
               rw[148]     -5.65      2.86     -5.97     -9.56     -0.83      6.44      1.00
               rw[149]     -5.65      2.89     -6.00     -9.58     -0.65      6.36      1.00
               rw[150]     -5.62      2.88     -6.02     -9.74     -0.80      6.52      1.01
               rw[151]     -5.62      2.84     -5.90     -9.87     -1.16      6.49      1.01
               rw[152]     -5.57      2.86     -5.91    -10.16     -1.32      6.36      1.01
               rw[153]     -5.53      2.87     -5.94     -9.83     -1.05      6.41      1.01
               rw[154]     -5.58      2.87     -5.89     -9.72     -0.74      6.40      1.01
               rw[155]     -5.55      2.87     -5.96     -9.86     -1.02      6.32      1.01
               rw[156]     -5.49      2.87     -5.84     -9.98     -0.99      6.25      1.01
               rw[157]     -5.41      2.87     -5.71     -9.89     -1.14      6.27      1.01
               rw[158]     -5.30      2.85     -5.60     -9.35     -0.63      6.35      1.01
               rw[159]     -5.15      2.85     -5.52     -8.96     -0.29      6.32      1.01
               rw[160]     -4.96      2.89     -5.37     -9.39     -0.53      6.35      1.01
               rw[161]     -4.91      2.88     -5.21     -9.21     -0.26      6.50      1.01
               rw[162]     -4.90      2.91     -5.31     -9.56     -0.30      6.61      1.01
               rw[163]     -4.93      2.87     -5.19     -9.12     -0.23      6.46      1.01
               rw[164]     -4.98      2.85     -5.37     -9.25     -0.45      6.48      1.02
               rw[165]     -4.95      2.81     -5.35     -9.17     -0.58      6.41      1.02
               rw[166]     -4.90      2.80     -5.25     -8.94     -0.33      6.41      1.02
               rw[167]     -4.84      2.80     -5.19     -9.29     -0.46      6.41      1.02
               rw[168]     -4.84      2.76     -5.22     -8.67     -0.09      6.46      1.02
               rw[169]     -4.84      2.81     -5.21     -8.80     -0.05      6.34      1.02
               rw[170]     -4.89      2.81     -5.27     -9.04     -0.41      6.48      1.02
               rw[171]     -4.96      2.81     -5.28     -9.19     -0.52      6.40      1.02
               rw[172]     -5.06      2.84     -5.41     -8.88     -0.10      6.42      1.02
               rw[173]     -5.13      2.86     -5.57     -9.19     -0.32      6.43      1.01
               rw[174]     -5.39      2.89     -5.86     -9.35     -0.44      6.48      1.01
               rw[175]     -5.78      2.89     -6.16     -9.82     -0.85      6.58      1.01
               rw[176]     -6.17      2.85     -6.55    -10.37     -1.64      6.32      1.01
               rw[177]     -6.52      2.90     -6.89    -10.99     -2.02      6.58      1.01
               rw[178]     -6.77      2.91     -7.18    -11.34     -2.13      6.53      1.01
               rw[179]     -6.89      2.93     -7.18    -11.14     -2.02      6.61      1.01
               rw[180]     -6.91      2.91     -7.32    -11.24     -2.11      6.64      1.01
               rw[181]     -6.96      2.91     -7.25    -11.37     -2.28      6.74      1.01
               rw[182]     -6.96      2.92     -7.24    -11.42     -2.48      6.81      1.01
               rw[183]     -6.92      2.89     -7.19    -11.81     -2.69      6.62      1.01
               rw[184]     -6.89      2.85     -7.05    -11.05     -2.22      6.57      1.01
               rw[185]     -6.78      2.87     -7.12    -11.29     -2.36      6.53      1.01
               rw[186]     -6.51      2.84     -6.78    -11.05     -2.06      6.43      1.01
               rw[187]     -6.23      2.81     -6.36    -10.49     -1.93      6.46      1.01
               rw[188]     -5.96      2.79     -6.10     -9.92     -1.27      6.42      1.01
               rw[189]     -5.66      2.83     -5.94    -10.14     -1.17      6.46      1.01
               rw[190]     -5.42      2.81     -5.70     -9.62     -0.75      6.62      1.01
               rw[191]     -5.27      2.78     -5.70     -9.27     -0.75      6.45      1.01
               rw[192]     -5.04      2.79     -5.37     -9.45     -0.89      6.48      1.01
               rw[193]     -4.83      2.78     -5.27     -9.14     -0.43      6.35      1.00
               rw[194]     -4.65      2.76     -5.07     -8.45      0.07      6.51      1.01
               rw[195]     -4.49      2.78     -5.02     -8.47     -0.14      6.27      1.01
               rw[196]     -4.46      2.75     -4.91     -8.48     -0.25      6.16      1.01
               rw[197]     -4.46      2.79     -4.86     -8.44     -0.06      6.13      1.00
               rw[198]     -4.52      2.79     -4.89     -8.62     -0.01      6.19      1.00
               rw[199]     -4.59      2.81     -5.00     -8.31      0.09      6.10      1.00
               rw[200]     -4.52      2.85     -4.96     -8.55      0.06      6.09      1.01
               rw[201]     -4.50      2.78     -4.88     -8.51     -0.03      6.07      1.01
               rw[202]     -4.60      2.84     -5.01     -8.57      0.01      6.22      1.01
               rw[203]     -4.76      2.82     -5.15     -8.74     -0.10      6.27      1.01
               rw[204]     -4.89      2.79     -5.38     -8.92     -0.45      6.44      1.01
               rw[205]     -5.02      2.79     -5.41     -9.19     -0.54      6.51      1.01
               rw[206]     -5.16      2.83     -5.50     -9.48     -0.62      6.60      1.01
               rw[207]     -5.26      2.84     -5.63     -9.76     -0.98      6.63      1.01
               rw[208]     -5.40      2.83     -5.78     -9.87     -1.10      6.33      1.01
               rw[209]     -5.49      2.87     -5.93     -9.62     -0.61      6.47      1.01
               rw[210]     -5.60      2.89     -5.97    -10.11     -1.13      6.53      1.01
               rw[211]     -5.66      2.89     -5.97    -10.09     -1.13      6.57      1.01
               rw[212]     -5.67      2.89     -5.93     -9.99     -0.96      6.48      1.01
               rw[213]     -5.62      2.90     -5.94    -10.25     -1.07      6.38      1.01
               rw[214]     -5.50      2.88     -5.90    -10.02     -1.01      6.42      1.01
               rw[215]     -5.46      2.89     -5.80     -9.41     -0.57      6.46      1.01
               rw[216]     -5.42      2.91     -5.76     -9.77     -0.77      6.26      1.01
               rw[217]     -5.43      2.90     -5.73     -9.56     -0.55      6.21      1.01
               rw[218]     -5.48      2.90     -5.75     -9.89     -0.99      6.22      1.01
               rw[219]     -5.55      2.87     -5.82     -9.85     -1.02      6.36      1.01
               rw[220]     -5.62      2.90     -5.98     -9.54     -0.60      6.33      1.01
               rw[221]     -5.56      2.92     -5.85     -9.93     -0.91      6.49      1.01
               rw[222]     -5.50      2.94     -5.77     -9.99     -0.94      6.60      1.02
               rw[223]     -5.51      3.00     -5.72     -9.82     -0.33      6.96      1.01
               rw[224]     -5.55      3.05     -5.70     -9.97     -0.23      7.30      1.01
               rw[225]     -5.60      3.15     -5.81    -10.39     -0.42      7.90      1.01
               rw[226]     -5.62      3.30     -5.67    -10.38     -0.04      8.69      1.01
               rw[227]     -5.63      3.44     -5.75    -11.46     -0.42      9.36      1.01
                 sigma      0.22      0.02      0.22      0.19      0.26    324.15      1.00

Number of divergences: 0
