
                            mean       std    median      5.0%     95.0%     n_eff     r_hat
                    D0      1.13      1.78      0.57      0.00      2.65    809.88      1.00
                    E0     47.65     59.77     29.64      0.03    111.84    126.33      1.00
                    H0      2.21      2.05      1.58      0.00      5.05   1426.29      1.00
                    I0     15.79     21.65      8.18      0.01     40.12     56.85      1.01
                 beta0      2.33      1.23      2.13      0.72      3.80     11.18      1.06
  confirmed_dispersion      0.88      0.08      0.88      0.75      1.01   1280.06      1.00
      death_dispersion      0.50      0.04      0.50      0.45      0.58   1642.52      1.00
            death_prob      0.02      0.00      0.02      0.01      0.02     42.78      1.01
            death_rate      0.05      0.01      0.05      0.04      0.06    180.84      1.02
           det_prob[0]      0.20      0.06      0.20      0.11      0.29    200.31      1.01
           det_prob[1]      0.18      0.06      0.17      0.09      0.28    177.06      1.01
           det_prob[2]      0.17      0.06      0.16      0.09      0.27    167.81      1.01
           det_prob[3]      0.16      0.06      0.15      0.07      0.24    153.48      1.01
           det_prob[4]      0.15      0.06      0.14      0.06      0.23    147.96      1.01
           det_prob[5]      0.14      0.06      0.13      0.05      0.22    136.76      1.02
           det_prob[6]      0.13      0.06      0.12      0.05      0.21    133.03      1.01
           det_prob[7]      0.13      0.05      0.12      0.05      0.21    125.75      1.02
           det_prob[8]      0.12      0.05      0.11      0.05      0.20    115.67      1.02
           det_prob[9]      0.12      0.05      0.11      0.04      0.19     88.60      1.02
          det_prob[10]      0.12      0.05      0.11      0.04      0.19     84.90      1.03
          det_prob[11]      0.11      0.05      0.11      0.04      0.19     74.34      1.03
          det_prob[12]      0.11      0.05      0.10      0.04      0.19     75.88      1.03
          det_prob[13]      0.11      0.05      0.10      0.04      0.18     72.76      1.03
          det_prob[14]      0.11      0.05      0.10      0.04      0.18     73.72      1.03
          det_prob[15]      0.11      0.05      0.11      0.04      0.19     74.31      1.04
          det_prob[16]      0.12      0.05      0.11      0.05      0.20     64.05      1.04
          det_prob[17]      0.12      0.05      0.11      0.04      0.19     59.48      1.05
          det_prob[18]      0.12      0.05      0.11      0.04      0.20     57.86      1.05
          det_prob[19]      0.13      0.05      0.11      0.04      0.20     55.44      1.05
          det_prob[20]      0.13      0.06      0.12      0.05      0.21     55.42      1.05
          det_prob[21]      0.14      0.06      0.13      0.06      0.23     62.20      1.05
          det_prob[22]      0.14      0.06      0.13      0.05      0.24     57.18      1.06
          det_prob[23]      0.15      0.07      0.14      0.06      0.26     47.08      1.06
          det_prob[24]      0.16      0.07      0.15      0.06      0.27     54.92      1.06
          det_prob[25]      0.17      0.07      0.16      0.07      0.28     56.22      1.05
          det_prob[26]      0.18      0.07      0.17      0.08      0.30     57.55      1.04
          det_prob[27]      0.20      0.07      0.18      0.08      0.31     57.31      1.04
          det_prob[28]      0.21      0.08      0.20      0.09      0.33     50.32      1.04
          det_prob[29]      0.22      0.08      0.20      0.09      0.34     42.34      1.04
          det_prob[30]      0.23      0.08      0.22      0.10      0.36     39.25      1.04
          det_prob[31]      0.24      0.09      0.22      0.11      0.38     36.37      1.03
          det_prob[32]      0.25      0.09      0.24      0.10      0.38     37.06      1.03
          det_prob[33]      0.26      0.10      0.24      0.11      0.40     32.82      1.02
          det_prob[34]      0.26      0.10      0.25      0.11      0.42     33.48      1.02
          det_prob[35]      0.28      0.10      0.26      0.12      0.44     32.93      1.02
          det_prob[36]      0.28      0.11      0.26      0.13      0.48     31.75      1.01
          det_prob[37]      0.29      0.11      0.27      0.11      0.46     29.69      1.01
          det_prob[38]      0.30      0.12      0.28      0.12      0.49     29.20      1.00
          det_prob[39]      0.31      0.12      0.29      0.12      0.49     28.56      1.00
          det_prob[40]      0.32      0.12      0.30      0.12      0.51     28.46      1.00
          det_prob[41]      0.32      0.13      0.30      0.10      0.52     26.37      1.00
          det_prob[42]      0.34      0.13      0.31      0.14      0.57     26.55      1.00
          det_prob[43]      0.35      0.14      0.32      0.13      0.56     27.36      1.00
          det_prob[44]      0.36      0.14      0.34      0.13      0.57     27.67      1.00
          det_prob[45]      0.37      0.14      0.35      0.17      0.60     27.44      1.00
          det_prob[46]      0.38      0.14      0.36      0.19      0.63     27.32      1.00
          det_prob[47]      0.39      0.15      0.37      0.19      0.64     26.92      1.00
          det_prob[48]      0.41      0.15      0.38      0.18      0.66     26.74      1.00
          det_prob[49]      0.42      0.15      0.39      0.17      0.66     25.47      1.00
          det_prob[50]      0.43      0.16      0.41      0.19      0.69     25.97      1.00
          det_prob[51]      0.44      0.16      0.42      0.21      0.71     27.02      1.00
          det_prob[52]      0.46      0.16      0.44      0.21      0.73     27.57      1.00
          det_prob[53]      0.47      0.16      0.46      0.22      0.73     28.22      1.00
          det_prob[54]      0.48      0.16      0.47      0.23      0.74     28.49      1.00
          det_prob[55]      0.50      0.16      0.49      0.24      0.77     30.00      1.00
          det_prob[56]      0.51      0.16      0.50      0.27      0.79     29.19      1.01
          det_prob[57]      0.53      0.16      0.52      0.26      0.79     30.39      1.01
          det_prob[58]      0.54      0.16      0.53      0.29      0.81     29.60      1.01
          det_prob[59]      0.55      0.16      0.54      0.31      0.82     30.87      1.01
          det_prob[60]      0.56      0.16      0.56      0.33      0.84     34.33      1.01
          det_prob[61]      0.57      0.15      0.57      0.34      0.85     33.45      1.01
          det_prob[62]      0.59      0.16      0.59      0.35      0.85     36.12      1.01
          det_prob[63]      0.60      0.15      0.60      0.38      0.88     39.63      1.01
          det_prob[64]      0.61      0.15      0.61      0.38      0.87     41.75      1.01
          det_prob[65]      0.62      0.15      0.63      0.39      0.88     43.90      1.01
          det_prob[66]      0.63      0.15      0.64      0.40      0.88     45.17      1.01
          det_prob[67]      0.64      0.15      0.65      0.42      0.89     45.94      1.01
          det_prob[68]      0.66      0.14      0.67      0.45      0.90     46.10      1.01
          det_prob[69]      0.67      0.14      0.68      0.46      0.91     48.05      1.01
          det_prob[70]      0.68      0.14      0.69      0.47      0.91     48.52      1.01
          det_prob[71]      0.69      0.14      0.70      0.49      0.92     48.29      1.00
          det_prob[72]      0.70      0.13      0.71      0.50      0.92     49.96      1.00
          det_prob[73]      0.71      0.13      0.72      0.51      0.93     51.07      1.00
          det_prob[74]      0.72      0.13      0.73      0.53      0.93     54.63      1.00
          det_prob[75]      0.73      0.13      0.74      0.54      0.94     53.46      1.00
          det_prob[76]      0.73      0.13      0.75      0.53      0.94     53.15      1.00
          det_prob[77]      0.75      0.12      0.76      0.57      0.95     54.89      1.00
          det_prob[78]      0.75      0.13      0.76      0.55      0.94     54.93      1.00
          det_prob[79]      0.75      0.13      0.77      0.58      0.96     54.13      1.00
          det_prob[80]      0.76      0.12      0.78      0.57      0.95     54.15      1.00
          det_prob[81]      0.77      0.12      0.79      0.59      0.96     54.43      1.00
          det_prob[82]      0.78      0.12      0.79      0.59      0.97     54.44      1.00
          det_prob[83]      0.78      0.12      0.80      0.61      0.98     55.44      1.00
          det_prob[84]      0.79      0.12      0.80      0.60      0.97     53.67      1.00
          det_prob[85]      0.79      0.12      0.81      0.62      0.98     50.63      1.00
          det_prob[86]      0.80      0.12      0.82      0.63      0.98     51.58      1.00
          det_prob[87]      0.81      0.11      0.82      0.64      0.97     51.61      1.00
          det_prob[88]      0.81      0.11      0.83      0.65      0.98     52.22      1.00
          det_prob[89]      0.82      0.11      0.83      0.66      0.98     51.12      1.00
          det_prob[90]      0.82      0.11      0.84      0.67      0.99     49.46      1.00
          det_prob[91]      0.83      0.11      0.85      0.68      0.98     49.86      1.00
          det_prob[92]      0.83      0.11      0.85      0.67      0.98     49.01      1.00
          det_prob[93]      0.84      0.11      0.85      0.68      0.98     45.34      1.00
          det_prob[94]      0.84      0.11      0.86      0.69      0.99     45.98      1.00
          det_prob[95]      0.84      0.11      0.86      0.70      0.99     44.28      1.01
          det_prob[96]      0.85      0.11      0.87      0.69      0.99     42.93      1.01
          det_prob[97]      0.85      0.11      0.87      0.71      0.99     42.84      1.01
          det_prob[98]      0.86      0.10      0.88      0.71      0.99     41.35      1.01
          det_prob[99]      0.86      0.10      0.88      0.72      0.99     39.97      1.01
         det_prob[100]      0.86      0.10      0.89      0.72      1.00     38.74      1.01
         det_prob[101]      0.87      0.10      0.89      0.73      0.99     39.38      1.01
         det_prob[102]      0.87      0.10      0.90      0.73      1.00     36.63      1.01
         det_prob[103]      0.87      0.10      0.89      0.74      1.00     34.22      1.01
         det_prob[104]      0.87      0.10      0.90      0.75      1.00     34.64      1.01
         det_prob[105]      0.88      0.10      0.90      0.74      1.00     33.64      1.01
         det_prob[106]      0.88      0.10      0.90      0.75      1.00     33.46      1.00
         det_prob[107]      0.88      0.09      0.91      0.75      1.00     32.09      1.00
         det_prob[108]      0.88      0.09      0.91      0.75      1.00     30.40      1.00
         det_prob[109]      0.89      0.09      0.91      0.76      1.00     30.16      1.00
         det_prob[110]      0.89      0.09      0.91      0.76      1.00     28.84      1.01
         det_prob[111]      0.89      0.09      0.91      0.77      1.00     27.82      1.00
         det_prob[112]      0.89      0.09      0.91      0.77      1.00     27.57      1.00
         det_prob[113]      0.90      0.09      0.92      0.78      1.00     27.43      1.00
         det_prob[114]      0.90      0.08      0.92      0.78      1.00     27.33      1.00
         det_prob[115]      0.90      0.09      0.92      0.78      1.00     26.14      1.00
         det_prob[116]      0.90      0.08      0.92      0.79      1.00     25.26      1.00
         det_prob[117]      0.90      0.08      0.92      0.79      1.00     24.66      1.00
         det_prob[118]      0.90      0.08      0.93      0.78      1.00     23.37      1.00
         det_prob[119]      0.90      0.08      0.93      0.78      1.00     23.07      1.00
         det_prob[120]      0.91      0.08      0.93      0.79      1.00     22.83      1.00
         det_prob[121]      0.91      0.08      0.93      0.78      1.00     22.86      1.00
         det_prob[122]      0.91      0.08      0.93      0.78      1.00     22.41      1.00
         det_prob[123]      0.91      0.08      0.93      0.79      1.00     22.18      1.00
         det_prob[124]      0.91      0.08      0.93      0.79      1.00     22.25      1.00
         det_prob[125]      0.91      0.08      0.94      0.79      1.00     21.89      1.00
         det_prob[126]      0.91      0.08      0.94      0.78      1.00     21.34      1.00
         det_prob[127]      0.91      0.08      0.94      0.79      1.00     20.28      1.00
         det_prob[128]      0.91      0.08      0.94      0.79      1.00     19.67      1.00
         det_prob[129]      0.91      0.08      0.94      0.79      1.00     19.82      1.00
         det_prob[130]      0.91      0.08      0.93      0.80      1.00     19.21      1.00
         det_prob[131]      0.91      0.08      0.94      0.79      1.00     19.05      1.00
         det_prob[132]      0.91      0.08      0.94      0.79      1.00     18.76      1.00
         det_prob[133]      0.91      0.08      0.94      0.79      1.00     18.62      1.00
         det_prob[134]      0.91      0.09      0.94      0.78      1.00     18.28      1.00
         det_prob[135]      0.91      0.09      0.94      0.78      1.00     18.82      1.00
         det_prob[136]      0.91      0.09      0.94      0.79      1.00     18.90      1.00
         det_prob[137]      0.91      0.09      0.94      0.80      1.00     18.85      1.00
         det_prob[138]      0.91      0.09      0.94      0.81      1.00     18.65      1.00
         det_prob[139]      0.92      0.09      0.94      0.79      1.00     18.27      1.00
         det_prob[140]      0.92      0.09      0.94      0.79      1.00     18.61      1.00
         det_prob[141]      0.92      0.09      0.95      0.80      1.00     18.88      1.00
         det_prob[142]      0.92      0.09      0.95      0.80      1.00     19.16      1.00
         det_prob[143]      0.92      0.09      0.95      0.80      1.00     19.18      1.00
         det_prob[144]      0.92      0.09      0.95      0.79      1.00     19.07      1.00
         det_prob[145]      0.92      0.09      0.95      0.80      1.00     18.96      1.00
         det_prob[146]      0.92      0.09      0.95      0.79      1.00     18.29      1.00
         det_prob[147]      0.92      0.09      0.95      0.79      1.00     18.25      1.00
         det_prob[148]      0.92      0.09      0.95      0.79      1.00     18.35      1.00
         det_prob[149]      0.92      0.09      0.95      0.79      1.00     18.50      1.00
         det_prob[150]      0.92      0.09      0.95      0.79      1.00     18.97      1.00
         det_prob[151]      0.92      0.09      0.96      0.80      1.00     19.13      1.00
         det_prob[152]      0.92      0.09      0.96      0.80      1.00     19.34      1.00
         det_prob[153]      0.92      0.09      0.96      0.80      1.00     18.54      1.00
         det_prob[154]      0.92      0.09      0.96      0.80      1.00     18.82      1.00
         det_prob[155]      0.92      0.09      0.96      0.80      1.00     19.07      1.00
         det_prob[156]      0.92      0.09      0.96      0.80      1.00     19.20      1.00
         det_prob[157]      0.92      0.09      0.96      0.80      1.00     18.97      1.00
         det_prob[158]      0.92      0.09      0.96      0.80      1.00     18.90      1.00
         det_prob[159]      0.92      0.09      0.96      0.81      1.00     18.60      1.00
         det_prob[160]      0.92      0.09      0.96      0.80      1.00     19.03      1.00
         det_prob[161]      0.92      0.09      0.96      0.79      1.00     19.36      1.00
         det_prob[162]      0.93      0.09      0.96      0.79      1.00     18.88      1.00
         det_prob[163]      0.93      0.09      0.97      0.79      1.00     19.07      1.00
         det_prob[164]      0.93      0.09      0.97      0.80      1.00     18.84      1.00
         det_prob[165]      0.93      0.09      0.97      0.80      1.00     18.88      1.00
         det_prob[166]      0.93      0.09      0.97      0.80      1.00     18.93      1.00
         det_prob[167]      0.93      0.09      0.97      0.80      1.00     19.18      1.00
         det_prob[168]      0.93      0.09      0.97      0.80      1.00     18.57      1.00
         det_prob[169]      0.93      0.09      0.97      0.80      1.00     18.46      1.00
         det_prob[170]      0.93      0.09      0.97      0.81      1.00     18.99      1.00
         det_prob[171]      0.93      0.08      0.97      0.81      1.00     18.64      1.00
         det_prob[172]      0.93      0.08      0.97      0.81      1.00     18.11      1.00
         det_prob[173]      0.93      0.08      0.97      0.81      1.00     18.29      1.00
         det_prob[174]      0.93      0.08      0.97      0.81      1.00     18.58      1.00
         det_prob[175]      0.94      0.08      0.97      0.82      1.00     18.53      1.00
         det_prob[176]      0.94      0.08      0.97      0.81      1.00     18.66      1.00
         det_prob[177]      0.94      0.08      0.97      0.82      1.00     19.24      1.00
         det_prob[178]      0.94      0.07      0.97      0.83      1.00     19.63      1.00
         det_prob[179]      0.94      0.07      0.97      0.83      1.00     20.08      1.00
         det_prob[180]      0.94      0.07      0.97      0.84      1.00     19.74      1.00
         det_prob[181]      0.94      0.07      0.97      0.83      1.00     19.71      1.00
         det_prob[182]      0.94      0.07      0.97      0.84      1.00     19.83      1.00
         det_prob[183]      0.94      0.07      0.97      0.85      1.00     20.23      1.00
         det_prob[184]      0.94      0.07      0.97      0.85      1.00     20.05      1.00
         det_prob[185]      0.94      0.07      0.97      0.84      1.00     19.94      1.00
         det_prob[186]      0.94      0.07      0.97      0.84      1.00     20.10      1.00
         det_prob[187]      0.94      0.07      0.97      0.84      1.00     20.60      1.00
         det_prob[188]      0.94      0.07      0.98      0.84      1.00     20.98      1.00
         det_prob[189]      0.94      0.07      0.97      0.85      1.00     21.08      1.00
         det_prob[190]      0.94      0.07      0.97      0.84      1.00     20.81      1.00
         det_prob[191]      0.94      0.07      0.97      0.84      1.00     20.56      1.00
         det_prob[192]      0.94      0.07      0.97      0.84      1.00     20.69      1.00
         det_prob[193]      0.95      0.07      0.97      0.84      1.00     20.94      1.00
         det_prob[194]      0.95      0.07      0.98      0.85      1.00     21.22      1.00
         det_prob[195]      0.95      0.07      0.97      0.85      1.00     21.79      1.00
         det_prob[196]      0.94      0.07      0.97      0.85      1.00     22.09      1.00
         det_prob[197]      0.94      0.07      0.97      0.85      1.00     21.79      1.00
         det_prob[198]      0.94      0.07      0.97      0.84      1.00     21.82      1.00
         det_prob[199]      0.94      0.07      0.97      0.85      1.00     22.24      1.00
         det_prob[200]      0.94      0.07      0.97      0.85      1.00     21.90      1.00
         det_prob[201]      0.94      0.07      0.97      0.84      1.00     21.51      1.00
         det_prob[202]      0.94      0.07      0.97      0.84      1.00     21.41      1.00
         det_prob[203]      0.94      0.07      0.97      0.84      1.00     21.81      1.00
         det_prob[204]      0.94      0.07      0.97      0.84      1.00     21.83      1.00
         det_prob[205]      0.94      0.08      0.97      0.83      1.00     22.21      1.00
         det_prob[206]      0.94      0.07      0.97      0.84      1.00     21.78      1.00
         det_prob[207]      0.94      0.07      0.97      0.84      1.00     21.55      1.00
         det_prob[208]      0.94      0.08      0.97      0.83      1.00     21.55      1.00
         det_prob[209]      0.94      0.08      0.97      0.83      1.00     22.14      1.00
         det_prob[210]      0.94      0.08      0.97      0.83      1.00     22.46      1.00
         det_prob[211]      0.94      0.08      0.97      0.82      1.00     22.43      1.00
         det_prob[212]      0.94      0.08      0.97      0.82      1.00     22.73      1.00
         det_prob[213]      0.94      0.08      0.97      0.82      1.00     23.57      1.00
         det_prob[214]      0.94      0.08      0.98      0.82      1.00     23.16      1.00
         det_prob[215]      0.94      0.08      0.98      0.81      1.00     23.62      1.00
         det_prob[216]      0.94      0.08      0.98      0.82      1.00     24.12      1.00
         det_prob[217]      0.94      0.09      0.98      0.81      1.00     24.48      1.00
         det_prob[218]      0.94      0.09      0.97      0.81      1.00     25.06      1.00
         det_prob[219]      0.94      0.09      0.97      0.81      1.00     25.28      1.00
         det_prob[220]      0.93      0.09      0.97      0.81      1.00     26.46      1.00
         det_prob[221]      0.93      0.09      0.98      0.81      1.00     27.15      1.00
         det_prob[222]      0.93      0.10      0.97      0.80      1.00     26.95      1.00
         det_prob[223]      0.93      0.10      0.98      0.80      1.00     27.72      1.00
         det_prob[224]      0.93      0.10      0.97      0.80      1.00     28.02      1.00
         det_prob[225]      0.93      0.10      0.97      0.79      1.00     27.45      1.00
         det_prob[226]      0.93      0.10      0.98      0.79      1.00     28.59      1.00
         det_prob[227]      0.93      0.10      0.98      0.80      1.00     29.60      1.00
             det_prob0      0.22      0.05      0.22      0.13      0.30    264.22      1.01
            det_prob_d      0.90      0.03      0.90      0.85      0.95   1672.78      1.00
                 gamma      0.49      0.05      0.49      0.41      0.58    793.47      1.00
                 rw[0]     -0.02      1.01     -0.04     -1.67      1.59     80.20      1.01
                 rw[1]      0.04      1.40     -0.02     -1.99      2.57     44.39      1.01
                 rw[2]      0.18      1.67      0.12     -2.85      2.58     26.21      1.01
                 rw[3]      0.40      1.87      0.36     -2.87      3.38     19.46      1.02
                 rw[4]      0.69      2.10      0.56     -2.35      4.52     16.19      1.02
                 rw[5]      0.89      2.28      0.91     -2.73      4.66     13.42      1.03
                 rw[6]      0.99      2.41      0.95     -2.92      5.01     12.74      1.03
                 rw[7]      1.02      2.54      0.97     -2.69      5.77     11.88      1.04
                 rw[8]      1.00      2.61      1.02     -3.24      5.28     10.65      1.04
                 rw[9]      0.83      2.71      0.81     -3.38      5.39     10.28      1.03
                rw[10]      0.55      2.76      0.43     -3.76      5.01      9.76      1.04
                rw[11]      0.27      2.84      0.08     -3.64      5.54      9.57      1.04
                rw[12]     -0.09      2.83     -0.18     -4.42      4.68      9.59      1.04
                rw[13]     -0.53      2.83     -0.61     -4.59      4.62      9.98      1.03
                rw[14]     -1.00      2.85     -1.22     -5.23      3.91      9.96      1.03
                rw[15]     -1.48      2.83     -1.61     -5.25      3.86      9.59      1.03
                rw[16]     -2.10      2.87     -2.30     -6.70      2.53      9.88      1.03
                rw[17]     -2.68      2.90     -2.83     -7.15      2.23     10.08      1.03
                rw[18]     -3.27      2.88     -3.39     -7.61      1.38     10.27      1.03
                rw[19]     -3.81      2.83     -3.83     -7.72      1.22     10.37      1.03
                rw[20]     -4.38      2.80     -4.54     -8.53      0.37     10.05      1.03
                rw[21]     -4.85      2.77     -4.95     -9.16     -0.20     10.51      1.02
                rw[22]     -5.34      2.82     -5.42     -9.56     -0.62     10.42      1.03
                rw[23]     -5.79      2.83     -5.82    -10.15     -0.95     10.30      1.03
                rw[24]     -6.23      2.85     -6.27    -10.86     -1.49     10.42      1.03
                rw[25]     -6.66      2.81     -6.71    -10.55     -1.33     10.29      1.03
                rw[26]     -7.09      2.83     -7.11    -11.43     -2.29     10.34      1.03
                rw[27]     -7.53      2.91     -7.60    -12.05     -2.67     10.38      1.04
                rw[28]     -7.94      2.92     -8.06    -12.77     -3.19     10.46      1.04
                rw[29]     -8.36      2.96     -8.46    -13.11     -3.52     10.70      1.04
                rw[30]     -8.73      2.95     -8.85    -13.05     -3.62     10.72      1.04
                rw[31]     -9.04      3.01     -9.17    -13.38     -3.76     10.98      1.03
                rw[32]     -9.38      3.00     -9.44    -13.95     -4.30     10.96      1.03
                rw[33]     -9.73      3.03     -9.88    -14.88     -5.10     11.63      1.03
                rw[34]     -9.93      3.05    -10.13    -14.40     -4.70     11.71      1.03
                rw[35]    -10.18      3.09    -10.35    -14.78     -4.89     11.57      1.03
                rw[36]    -10.35      3.14    -10.43    -15.28     -5.22     11.85      1.03
                rw[37]    -10.51      3.18    -10.62    -15.39     -5.01     11.74      1.02
                rw[38]    -10.52      3.16    -10.69    -15.65     -5.36     11.58      1.02
                rw[39]    -10.62      3.13    -10.72    -15.41     -5.28     11.31      1.02
                rw[40]    -10.67      3.12    -10.77    -15.46     -5.51     11.10      1.02
                rw[41]    -10.70      3.11    -10.75    -15.51     -5.58     10.94      1.02
                rw[42]    -10.69      3.15    -10.93    -15.34     -5.43     11.08      1.02
                rw[43]    -10.65      3.13    -10.78    -15.90     -5.77     11.45      1.01
                rw[44]    -10.60      3.13    -10.68    -15.57     -5.50     11.55      1.01
                rw[45]    -10.51      3.09    -10.52    -15.30     -5.55     11.55      1.01
                rw[46]    -10.41      3.10    -10.39    -15.16     -5.11     11.54      1.01
                rw[47]    -10.30      3.12    -10.41    -15.49     -5.42     11.77      1.01
                rw[48]    -10.15      3.11    -10.22    -14.85     -4.96     11.86      1.01
                rw[49]    -10.02      3.11    -10.13    -14.76     -4.88     11.91      1.02
                rw[50]     -9.90      3.09    -10.02    -14.69     -4.77     11.35      1.01
                rw[51]     -9.73      3.04     -9.82    -14.39     -4.58     11.66      1.02
                rw[52]     -9.59      3.04     -9.54    -14.45     -4.72     11.51      1.01
                rw[53]     -9.41      3.04     -9.37    -14.19     -4.45     11.70      1.01
                rw[54]     -9.24      2.99     -9.35    -13.72     -3.99     11.64      1.02
                rw[55]     -9.09      2.99     -9.20    -13.98     -4.25     11.25      1.02
                rw[56]     -8.95      3.02     -8.97    -14.25     -4.35     11.92      1.02
                rw[57]     -8.81      3.04     -8.79    -13.64     -3.92     11.70      1.02
                rw[58]     -8.72      3.06     -8.72    -13.52     -3.62     11.82      1.03
                rw[59]     -8.54      2.99     -8.65    -13.01     -3.04     10.99      1.03
                rw[60]     -8.44      2.96     -8.53    -13.02     -3.24     11.10      1.03
                rw[61]     -8.34      2.99     -8.52    -12.76     -2.98     10.74      1.03
                rw[62]     -8.21      3.07     -8.30    -13.11     -3.01     11.27      1.04
                rw[63]     -8.10      3.08     -8.12    -12.66     -2.71     11.19      1.03
                rw[64]     -8.05      2.99     -8.04    -13.11     -3.31     10.67      1.03
                rw[65]     -7.96      3.00     -7.89    -12.75     -3.12     10.41      1.03
                rw[66]     -7.91      3.05     -7.92    -12.48     -2.79     10.51      1.04
                rw[67]     -7.79      3.03     -7.72    -12.35     -2.56     10.94      1.04
                rw[68]     -7.74      3.04     -7.79    -12.02     -2.35     10.99      1.04
                rw[69]     -7.70      3.05     -7.61    -12.06     -2.36     11.22      1.04
                rw[70]     -7.71      3.09     -7.72    -12.52     -2.63     11.14      1.03
                rw[71]     -7.68      3.08     -7.64    -11.75     -1.73     10.87      1.04
                rw[72]     -7.71      3.04     -7.65    -12.64     -2.81     10.53      1.04
                rw[73]     -7.72      3.00     -7.61    -12.24     -2.57     10.75      1.04
                rw[74]     -7.62      2.99     -7.57    -12.16     -2.58     10.78      1.03
                rw[75]     -7.58      2.99     -7.53    -12.30     -2.66     10.76      1.04
                rw[76]     -7.50      2.99     -7.49    -11.84     -2.25     10.59      1.04
                rw[77]     -7.49      3.00     -7.49    -12.21     -2.61     10.89      1.04
                rw[78]     -7.49      2.99     -7.55    -12.00     -2.40     10.79      1.04
                rw[79]     -7.49      2.97     -7.55    -11.67     -2.13     10.72      1.04
                rw[80]     -7.46      2.99     -7.43    -12.46     -2.80     10.91      1.04
                rw[81]     -7.43      3.00     -7.37    -11.92     -2.24     11.20      1.04
                rw[82]     -7.34      2.94     -7.31    -11.70     -2.33     11.15      1.04
                rw[83]     -7.31      2.97     -7.29    -11.81     -2.24     10.90      1.04
                rw[84]     -7.29      2.96     -7.23    -11.94     -2.48     10.74      1.04
                rw[85]     -7.23      2.95     -7.18    -11.81     -2.35     10.70      1.05
                rw[86]     -7.17      2.94     -7.17    -11.64     -2.20     10.81      1.05
                rw[87]     -7.14      2.97     -7.19    -12.15     -2.45     10.65      1.04
                rw[88]     -7.11      2.95     -7.30    -11.67     -2.11     11.17      1.04
                rw[89]     -7.07      2.95     -7.08    -11.87     -2.31     11.23      1.04
                rw[90]     -7.05      2.91     -7.11    -11.56     -2.13     11.12      1.04
                rw[91]     -7.02      2.88     -7.14    -11.50     -2.20     10.96      1.04
                rw[92]     -6.94      2.86     -7.01    -11.52     -2.23     10.44      1.03
                rw[93]     -6.86      2.89     -6.87    -11.83     -2.29     10.41      1.04
                rw[94]     -6.77      2.89     -6.90    -11.18     -1.72     10.71      1.03
                rw[95]     -6.73      2.93     -6.87    -11.30     -1.69     10.65      1.03
                rw[96]     -6.65      2.89     -6.78    -11.20     -1.63     10.53      1.03
                rw[97]     -6.56      2.87     -6.69    -10.68     -1.28     10.18      1.03
                rw[98]     -6.53      2.85     -6.62    -11.42     -2.21      9.99      1.03
                rw[99]     -6.43      2.84     -6.55    -10.63     -1.53      9.89      1.03
               rw[100]     -6.42      2.80     -6.56    -10.94     -1.87     10.31      1.04
               rw[101]     -6.37      2.84     -6.47    -10.76     -1.43     10.76      1.03
               rw[102]     -6.38      2.79     -6.40    -10.74     -1.61     10.75      1.03
               rw[103]     -6.34      2.86     -6.41    -10.56     -1.11     10.45      1.03
               rw[104]     -6.26      2.87     -6.26    -11.04     -1.79     10.47      1.03
               rw[105]     -6.18      2.86     -6.21    -10.47     -1.23     10.67      1.03
               rw[106]     -6.07      2.85     -6.17    -10.53     -1.24     10.48      1.03
               rw[107]     -5.94      2.90     -5.96    -10.15     -1.07     10.43      1.03
               rw[108]     -5.86      2.87     -5.94    -10.30     -1.12     10.23      1.03
               rw[109]     -5.80      2.85     -5.87    -10.53     -1.24     10.55      1.03
               rw[110]     -5.74      2.88     -5.81    -10.07     -0.84     10.64      1.04
               rw[111]     -5.70      2.85     -5.77     -9.95     -0.91     10.37      1.04
               rw[112]     -5.68      2.85     -5.73    -10.27     -1.08     11.17      1.03
               rw[113]     -5.55      2.84     -5.55     -9.87     -0.96     11.23      1.04
               rw[114]     -5.48      2.79     -5.55     -9.48     -0.65     11.22      1.04
               rw[115]     -5.49      2.81     -5.52     -9.96     -0.87     11.52      1.03
               rw[116]     -5.49      2.88     -5.64    -10.19     -0.91     10.57      1.03
               rw[117]     -5.51      2.89     -5.72     -9.78     -0.77     10.34      1.04
               rw[118]     -5.49      2.89     -5.58    -10.16     -1.16     10.53      1.04
               rw[119]     -5.48      2.81     -5.57     -9.83     -0.78      9.92      1.05
               rw[120]     -5.45      2.84     -5.50    -10.12     -0.91     10.48      1.04
               rw[121]     -5.42      2.83     -5.52     -9.78     -0.83     10.32      1.04
               rw[122]     -5.45      2.85     -5.52     -9.68     -0.61     10.36      1.04
               rw[123]     -5.47      2.82     -5.59     -9.58     -0.47     10.05      1.04
               rw[124]     -5.50      2.84     -5.59     -9.93     -0.82     10.21      1.04
               rw[125]     -5.48      2.84     -5.49     -9.81     -0.58     10.31      1.04
               rw[126]     -5.54      2.81     -5.64     -9.96     -0.80     10.17      1.04
               rw[127]     -5.54      2.87     -5.66     -9.89     -0.68     10.16      1.04
               rw[128]     -5.62      2.87     -5.76    -10.51     -1.13     10.18      1.04
               rw[129]     -5.64      2.92     -5.72    -10.78     -1.19     10.77      1.03
               rw[130]     -5.75      2.85     -5.82    -10.14     -0.78     10.91      1.03
               rw[131]     -5.82      2.85     -5.90    -10.26     -0.95     10.88      1.03
               rw[132]     -5.95      2.90     -6.11    -10.64     -1.24     10.97      1.03
               rw[133]     -6.10      2.89     -6.17    -10.19     -0.56     10.84      1.03
               rw[134]     -6.20      2.86     -6.32    -10.78     -1.33     10.52      1.03
               rw[135]     -6.32      2.88     -6.40    -10.77     -1.58     10.23      1.04
               rw[136]     -6.47      2.88     -6.55    -10.88     -1.80     10.44      1.03
               rw[137]     -6.61      2.89     -6.68    -11.01     -1.81     10.73      1.03
               rw[138]     -6.80      2.91     -6.87    -11.63     -2.18     10.64      1.03
               rw[139]     -6.94      2.90     -7.03    -11.17     -1.64     10.60      1.03
               rw[140]     -7.09      2.86     -7.15    -11.45     -2.20     10.56      1.03
               rw[141]     -7.22      2.88     -7.27    -11.81     -2.56     10.29      1.03
               rw[142]     -7.36      2.86     -7.41    -11.69     -2.57     10.44      1.03
               rw[143]     -7.48      2.90     -7.69    -11.97     -2.64     10.18      1.03
               rw[144]     -7.57      2.89     -7.70    -11.55     -2.28     10.75      1.03
               rw[145]     -7.66      2.87     -7.68    -12.23     -2.97     10.56      1.03
               rw[146]     -7.75      2.88     -7.75    -11.91     -2.64     10.09      1.03
               rw[147]     -7.86      2.90     -7.83    -12.38     -3.11     10.16      1.03
               rw[148]     -7.95      2.92     -7.89    -12.56     -3.11     10.41      1.03
               rw[149]     -8.06      2.93     -8.16    -12.25     -2.93     10.24      1.02
               rw[150]     -8.17      2.96     -8.25    -12.68     -3.19     10.78      1.03
               rw[151]     -8.30      3.00     -8.31    -12.82     -3.24     10.87      1.03
               rw[152]     -8.39      3.02     -8.33    -13.00     -3.19     11.15      1.03
               rw[153]     -8.47      2.99     -8.52    -13.09     -3.40     10.41      1.03
               rw[154]     -8.51      3.02     -8.62    -13.27     -3.51     10.45      1.03
               rw[155]     -8.57      3.01     -8.73    -13.23     -3.64     10.15      1.03
               rw[156]     -8.61      2.98     -8.74    -12.89     -3.51     10.33      1.03
               rw[157]     -8.64      3.01     -8.78    -12.97     -3.60     10.50      1.03
               rw[158]     -8.67      3.03     -8.71    -13.08     -3.41     10.67      1.03
               rw[159]     -8.73      3.09     -8.73    -13.68     -3.77     11.12      1.03
               rw[160]     -8.70      3.09     -8.76    -13.15     -3.42     10.80      1.03
               rw[161]     -8.66      3.09     -8.72    -13.60     -3.59     11.34      1.03
               rw[162]     -8.64      3.06     -8.76    -12.96     -3.02     11.43      1.03
               rw[163]     -8.68      3.02     -8.75    -13.65     -3.92     11.65      1.04
               rw[164]     -8.55      3.02     -8.52    -12.78     -2.90     11.51      1.04
               rw[165]     -8.46      3.00     -8.53    -13.11     -3.27     11.17      1.04
               rw[166]     -8.44      2.98     -8.42    -12.81     -3.21     11.30      1.04
               rw[167]     -8.33      2.97     -8.50    -12.91     -3.35     11.27      1.04
               rw[168]     -8.28      2.95     -8.44    -12.72     -3.25     11.21      1.03
               rw[169]     -8.18      2.97     -8.25    -13.19     -3.35     11.34      1.03
               rw[170]     -8.11      3.03     -8.22    -12.87     -2.99     11.17      1.03
               rw[171]     -8.03      3.02     -8.18    -12.57     -2.68     11.28      1.02
               rw[172]     -7.91      2.97     -8.07    -12.31     -2.63     11.45      1.02
               rw[173]     -7.80      2.97     -7.99    -12.50     -2.95     11.14      1.03
               rw[174]     -7.73      3.01     -7.90    -11.96     -2.25     10.73      1.03
               rw[175]     -7.68      3.06     -7.81    -12.09     -2.25     10.95      1.03
               rw[176]     -7.59      3.03     -7.78    -12.10     -2.49     10.93      1.03
               rw[177]     -7.52      3.05     -7.58    -12.29     -2.59     11.46      1.03
               rw[178]     -7.47      2.98     -7.42    -11.51     -1.89     11.49      1.02
               rw[179]     -7.40      2.97     -7.40    -11.86     -2.18     10.91      1.02
               rw[180]     -7.39      2.92     -7.47    -11.98     -2.52     10.38      1.03
               rw[181]     -7.38      3.01     -7.46    -11.67     -1.86     10.55      1.03
               rw[182]     -7.40      3.04     -7.48    -11.81     -2.02     10.79      1.03
               rw[183]     -7.44      3.00     -7.45    -11.78     -2.05     10.68      1.03
               rw[184]     -7.43      2.96     -7.45    -11.63     -1.95     11.09      1.04
               rw[185]     -7.41      2.95     -7.43    -11.60     -2.20     10.94      1.03
               rw[186]     -7.43      2.92     -7.42    -12.20     -2.78     11.12      1.03
               rw[187]     -7.46      2.91     -7.48    -12.24     -2.82     10.70      1.03
               rw[188]     -7.47      2.86     -7.50    -12.01     -2.68     10.65      1.03
               rw[189]     -7.50      2.88     -7.55    -12.19     -2.89     10.42      1.03
               rw[190]     -7.53      2.89     -7.61    -11.96     -2.68     10.53      1.03
               rw[191]     -7.54      2.86     -7.68    -11.80     -2.52     10.50      1.03
               rw[192]     -7.50      2.87     -7.53    -11.92     -2.57     10.53      1.02
               rw[193]     -7.47      2.86     -7.53    -11.86     -2.73     10.40      1.02
               rw[194]     -7.48      2.94     -7.55    -12.33     -2.75     10.49      1.02
               rw[195]     -7.44      2.91     -7.53    -12.16     -2.84     10.40      1.03
               rw[196]     -7.36      2.90     -7.40    -12.16     -2.72     10.53      1.03
               rw[197]     -7.30      2.88     -7.38    -11.92     -2.42     10.59      1.03
               rw[198]     -7.29      2.88     -7.40    -11.71     -2.34     10.41      1.03
               rw[199]     -7.21      2.89     -7.34    -11.61     -2.32     10.59      1.03
               rw[200]     -7.14      2.92     -7.16    -11.93     -2.32     10.74      1.03
               rw[201]     -7.08      2.94     -7.08    -11.58     -2.07     10.51      1.04
               rw[202]     -7.00      2.92     -7.04    -11.72     -2.30     10.35      1.03
               rw[203]     -6.96      2.92     -7.00    -11.66     -2.20     10.66      1.03
               rw[204]     -6.95      2.94     -7.09    -11.64     -2.24     10.95      1.03
               rw[205]     -6.87      2.94     -6.97    -11.72     -2.10     10.94      1.04
               rw[206]     -6.86      2.90     -7.02    -11.49     -2.22     10.94      1.04
               rw[207]     -6.75      2.93     -6.79    -11.30     -2.02     10.87      1.04
               rw[208]     -6.74      2.99     -6.76    -11.08     -1.35     10.62      1.04
               rw[209]     -6.63      2.98     -6.75    -11.45     -1.84     10.29      1.05
               rw[210]     -6.58      2.95     -6.63    -11.26     -1.73     10.77      1.04
               rw[211]     -6.55      2.92     -6.61    -11.08     -1.58     10.80      1.04
               rw[212]     -6.50      2.93     -6.58    -10.86     -1.47     11.24      1.04
               rw[213]     -6.45      2.96     -6.45    -11.65     -1.99     11.22      1.03
               rw[214]     -6.43      2.97     -6.41    -10.90     -1.25     10.81      1.04
               rw[215]     -6.49      2.98     -6.50    -11.00     -1.48     10.68      1.03
               rw[216]     -6.44      3.00     -6.44    -10.87     -1.08     10.80      1.04
               rw[217]     -6.49      3.01     -6.42    -10.96     -1.19     10.63      1.04
               rw[218]     -6.48      3.05     -6.40    -10.83     -0.81     10.62      1.04
               rw[219]     -6.47      3.11     -6.40    -11.29     -1.44     10.97      1.03
               rw[220]     -6.49      3.10     -6.57    -11.85     -1.75     10.93      1.03
               rw[221]     -6.42      3.13     -6.50    -11.40     -1.38     11.37      1.04
               rw[222]     -6.39      3.23     -6.42    -11.63     -1.21     11.56      1.04
               rw[223]     -6.40      3.27     -6.44    -12.05     -1.48     12.81      1.03
               rw[224]     -6.38      3.37     -6.38    -12.10     -1.21     13.56      1.03
               rw[225]     -6.39      3.53     -6.39    -11.71     -0.19     14.72      1.03
               rw[226]     -6.36      3.68     -6.25    -12.62     -0.69     14.82      1.03
               rw[227]     -6.36      3.78     -6.24    -12.94     -0.53     15.67      1.02
                 sigma      0.23      0.02      0.23      0.19      0.27    770.64      1.00

Number of divergences: 0
