
                            mean       std    median      5.0%     95.0%     n_eff     r_hat
                    D0      1.06      1.89      0.55      0.00      2.22    885.61      1.00
                    E0     15.65     19.30      9.32      0.09     36.24     69.16      1.00
                    H0      2.38      1.92      1.93      0.00      4.89   1329.25      1.00
                    I0      6.89     11.27      2.99      0.00     16.95     53.35      1.00
                 beta0      2.08      1.18      1.91      0.58      3.56     13.18      1.03
  confirmed_dispersion      0.58      0.07      0.58      0.47      0.69   1832.70      1.00
      death_dispersion      0.47      0.04      0.47      0.40      0.53   2202.78      1.00
            death_prob      0.01      0.00      0.01      0.01      0.02     48.35      1.00
            death_rate      0.06      0.01      0.06      0.05      0.07    189.21      1.00
           det_prob[0]      0.21      0.06      0.21      0.11      0.30    520.85      1.00
           det_prob[1]      0.19      0.06      0.19      0.09      0.28    544.92      1.00
           det_prob[2]      0.18      0.06      0.17      0.08      0.27    455.85      1.00
           det_prob[3]      0.16      0.06      0.15      0.07      0.26    376.46      1.00
           det_prob[4]      0.15      0.06      0.14      0.07      0.24    380.44      1.00
           det_prob[5]      0.14      0.06      0.13      0.06      0.23    362.43      1.00
           det_prob[6]      0.14      0.06      0.13      0.06      0.23    332.60      1.00
           det_prob[7]      0.13      0.05      0.12      0.06      0.22    302.41      1.00
           det_prob[8]      0.13      0.05      0.12      0.06      0.21    288.84      1.00
           det_prob[9]      0.12      0.05      0.11      0.05      0.20    289.16      1.01
          det_prob[10]      0.11      0.05      0.10      0.04      0.19    316.58      1.01
          det_prob[11]      0.11      0.05      0.10      0.04      0.18    315.20      1.01
          det_prob[12]      0.10      0.04      0.09      0.04      0.16    316.57      1.01
          det_prob[13]      0.10      0.04      0.09      0.04      0.16    302.41      1.01
          det_prob[14]      0.10      0.04      0.09      0.04      0.16    243.42      1.01
          det_prob[15]      0.09      0.04      0.08      0.04      0.15    230.09      1.01
          det_prob[16]      0.09      0.04      0.08      0.04      0.15    218.13      1.01
          det_prob[17]      0.09      0.04      0.08      0.04      0.14    199.49      1.01
          det_prob[18]      0.09      0.04      0.08      0.03      0.13    230.09      1.01
          det_prob[19]      0.08      0.04      0.08      0.04      0.14    241.95      1.01
          det_prob[20]      0.08      0.04      0.08      0.03      0.14    203.15      1.01
          det_prob[21]      0.08      0.03      0.08      0.03      0.13    192.56      1.01
          det_prob[22]      0.08      0.03      0.08      0.03      0.13    209.60      1.01
          det_prob[23]      0.08      0.03      0.08      0.03      0.13    212.30      1.02
          det_prob[24]      0.09      0.03      0.08      0.04      0.14    189.74      1.02
          det_prob[25]      0.09      0.04      0.08      0.03      0.14    202.21      1.01
          det_prob[26]      0.09      0.04      0.08      0.04      0.14    200.82      1.01
          det_prob[27]      0.09      0.04      0.09      0.04      0.15    214.08      1.01
          det_prob[28]      0.10      0.04      0.09      0.03      0.14    197.85      1.01
          det_prob[29]      0.10      0.04      0.09      0.04      0.15    191.99      1.01
          det_prob[30]      0.10      0.04      0.10      0.05      0.16    171.49      1.01
          det_prob[31]      0.11      0.04      0.10      0.04      0.17    185.86      1.01
          det_prob[32]      0.11      0.04      0.10      0.05      0.17    193.42      1.01
          det_prob[33]      0.11      0.04      0.11      0.05      0.18    164.21      1.01
          det_prob[34]      0.11      0.04      0.11      0.05      0.18    147.87      1.01
          det_prob[35]      0.12      0.05      0.11      0.05      0.19    147.76      1.01
          det_prob[36]      0.12      0.05      0.12      0.05      0.20    121.76      1.00
          det_prob[37]      0.13      0.05      0.12      0.05      0.20    120.85      1.00
          det_prob[38]      0.13      0.05      0.12      0.06      0.22    114.44      1.00
          det_prob[39]      0.14      0.06      0.13      0.06      0.23    142.06      1.00
          det_prob[40]      0.15      0.06      0.14      0.06      0.24    152.46      1.00
          det_prob[41]      0.16      0.06      0.15      0.07      0.25    162.08      1.00
          det_prob[42]      0.16      0.06      0.15      0.07      0.27    140.02      1.00
          det_prob[43]      0.17      0.07      0.16      0.07      0.27    119.22      1.00
          det_prob[44]      0.18      0.07      0.17      0.08      0.30    113.82      1.00
          det_prob[45]      0.19      0.08      0.18      0.08      0.31    128.71      1.00
          det_prob[46]      0.20      0.08      0.19      0.09      0.33    112.52      1.00
          det_prob[47]      0.22      0.09      0.21      0.08      0.35    114.92      1.00
          det_prob[48]      0.23      0.09      0.22      0.10      0.38    108.54      1.00
          det_prob[49]      0.25      0.10      0.23      0.10      0.39    120.70      1.00
          det_prob[50]      0.26      0.10      0.25      0.10      0.40    119.55      1.00
          det_prob[51]      0.27      0.10      0.26      0.11      0.43    120.43      1.00
          det_prob[52]      0.28      0.11      0.27      0.12      0.45    112.25      1.00
          det_prob[53]      0.30      0.11      0.28      0.13      0.47    108.59      1.00
          det_prob[54]      0.32      0.11      0.30      0.13      0.49    108.01      1.00
          det_prob[55]      0.33      0.12      0.32      0.15      0.52    108.80      1.00
          det_prob[56]      0.35      0.12      0.34      0.15      0.53    109.75      1.00
          det_prob[57]      0.36      0.13      0.35      0.16      0.57    103.96      1.00
          det_prob[58]      0.37      0.13      0.36      0.15      0.58    100.45      1.00
          det_prob[59]      0.38      0.14      0.37      0.16      0.61    107.20      1.00
          det_prob[60]      0.40      0.14      0.38      0.16      0.62    102.04      1.00
          det_prob[61]      0.41      0.15      0.39      0.16      0.63     94.88      1.01
          det_prob[62]      0.42      0.15      0.41      0.19      0.67     89.66      1.01
          det_prob[63]      0.44      0.15      0.42      0.19      0.68     86.65      1.01
          det_prob[64]      0.45      0.15      0.44      0.20      0.70     88.21      1.00
          det_prob[65]      0.46      0.16      0.45      0.20      0.72     88.30      1.00
          det_prob[66]      0.48      0.16      0.46      0.23      0.74     88.11      1.01
          det_prob[67]      0.49      0.16      0.48      0.20      0.73     86.96      1.00
          det_prob[68]      0.51      0.16      0.50      0.26      0.78     90.51      1.00
          det_prob[69]      0.53      0.16      0.52      0.30      0.82     92.67      1.00
          det_prob[70]      0.54      0.16      0.53      0.30      0.82     88.61      1.00
          det_prob[71]      0.55      0.16      0.55      0.30      0.82     89.44      1.00
          det_prob[72]      0.57      0.16      0.55      0.30      0.82     84.92      1.00
          det_prob[73]      0.58      0.16      0.57      0.33      0.85     81.18      1.00
          det_prob[74]      0.59      0.16      0.59      0.34      0.87     77.92      1.00
          det_prob[75]      0.61      0.16      0.61      0.36      0.87     80.16      1.00
          det_prob[76]      0.62      0.16      0.62      0.38      0.89     79.48      1.00
          det_prob[77]      0.62      0.16      0.63      0.37      0.89     80.22      1.00
          det_prob[78]      0.63      0.16      0.63      0.38      0.89     80.59      1.00
          det_prob[79]      0.64      0.16      0.65      0.39      0.90     77.26      1.00
          det_prob[80]      0.65      0.16      0.66      0.40      0.91     77.47      1.00
          det_prob[81]      0.66      0.16      0.67      0.43      0.94     79.74      1.00
          det_prob[82]      0.67      0.16      0.69      0.43      0.94     79.74      1.00
          det_prob[83]      0.68      0.16      0.70      0.45      0.95     76.26      1.00
          det_prob[84]      0.69      0.16      0.71      0.45      0.94     75.44      1.00
          det_prob[85]      0.70      0.16      0.71      0.45      0.94     71.24      1.00
          det_prob[86]      0.70      0.16      0.72      0.46      0.95     69.62      1.00
          det_prob[87]      0.71      0.16      0.73      0.48      0.96     71.34      1.00
          det_prob[88]      0.71      0.16      0.73      0.49      0.97     71.24      1.00
          det_prob[89]      0.72      0.16      0.74      0.48      0.96     71.13      1.00
          det_prob[90]      0.72      0.16      0.75      0.48      0.96     71.36      1.00
          det_prob[91]      0.73      0.16      0.75      0.50      0.98     70.74      1.00
          det_prob[92]      0.73      0.16      0.76      0.50      0.98     69.87      1.00
          det_prob[93]      0.73      0.16      0.76      0.49      0.98     70.91      1.00
          det_prob[94]      0.73      0.17      0.76      0.50      0.99     70.14      1.00
          det_prob[95]      0.73      0.17      0.76      0.49      0.98     68.76      1.00
          det_prob[96]      0.74      0.17      0.77      0.50      0.99     66.75      1.00
          det_prob[97]      0.74      0.17      0.78      0.50      0.99     65.74      1.00
          det_prob[98]      0.74      0.17      0.78      0.51      0.99     61.98      1.00
          det_prob[99]      0.75      0.17      0.78      0.51      0.99     60.78      1.00
         det_prob[100]      0.75      0.17      0.78      0.50      0.99     59.41      1.00
         det_prob[101]      0.76      0.17      0.79      0.51      1.00     57.28      1.00
         det_prob[102]      0.76      0.16      0.79      0.51      0.98     54.36      1.00
         det_prob[103]      0.76      0.16      0.79      0.52      0.99     52.81      1.00
         det_prob[104]      0.77      0.16      0.80      0.53      0.99     50.51      1.00
         det_prob[105]      0.78      0.16      0.81      0.56      1.00     50.08      1.00
         det_prob[106]      0.78      0.16      0.81      0.56      1.00     51.50      1.00
         det_prob[107]      0.78      0.15      0.82      0.57      1.00     50.95      1.00
         det_prob[108]      0.79      0.15      0.82      0.57      0.99     49.24      1.00
         det_prob[109]      0.79      0.15      0.82      0.58      1.00     49.24      1.00
         det_prob[110]      0.80      0.15      0.83      0.60      1.00     49.68      1.00
         det_prob[111]      0.80      0.15      0.83      0.60      1.00     48.44      1.00
         det_prob[112]      0.81      0.14      0.84      0.60      0.99     47.35      1.00
         det_prob[113]      0.81      0.14      0.85      0.61      1.00     48.31      1.00
         det_prob[114]      0.82      0.14      0.85      0.61      1.00     47.38      1.00
         det_prob[115]      0.82      0.14      0.86      0.63      1.00     46.75      1.00
         det_prob[116]      0.83      0.14      0.86      0.63      1.00     46.72      1.00
         det_prob[117]      0.83      0.13      0.86      0.65      1.00     45.05      1.00
         det_prob[118]      0.83      0.13      0.87      0.65      1.00     43.85      1.00
         det_prob[119]      0.84      0.13      0.87      0.66      1.00     42.72      1.00
         det_prob[120]      0.84      0.12      0.87      0.67      1.00     42.25      1.00
         det_prob[121]      0.85      0.12      0.88      0.68      1.00     41.95      1.00
         det_prob[122]      0.85      0.12      0.88      0.69      1.00     41.89      1.00
         det_prob[123]      0.86      0.12      0.89      0.69      1.00     43.23      1.00
         det_prob[124]      0.86      0.12      0.89      0.71      1.00     41.60      1.00
         det_prob[125]      0.86      0.11      0.89      0.72      1.00     40.69      1.00
         det_prob[126]      0.87      0.11      0.89      0.72      1.00     40.30      1.00
         det_prob[127]      0.87      0.11      0.90      0.74      1.00     39.95      1.00
         det_prob[128]      0.87      0.11      0.91      0.74      1.00     38.68      1.00
         det_prob[129]      0.88      0.11      0.91      0.74      1.00     40.67      1.00
         det_prob[130]      0.88      0.10      0.91      0.74      1.00     38.43      1.00
         det_prob[131]      0.88      0.10      0.91      0.74      1.00     38.05      1.00
         det_prob[132]      0.88      0.10      0.91      0.75      1.00     38.85      1.00
         det_prob[133]      0.89      0.10      0.92      0.74      1.00     38.45      1.00
         det_prob[134]      0.89      0.10      0.92      0.75      1.00     41.12      1.00
         det_prob[135]      0.89      0.10      0.92      0.76      1.00     40.79      1.00
         det_prob[136]      0.89      0.10      0.92      0.76      1.00     39.58      1.00
         det_prob[137]      0.89      0.10      0.92      0.76      1.00     39.89      1.00
         det_prob[138]      0.89      0.10      0.92      0.76      1.00     38.61      1.00
         det_prob[139]      0.89      0.10      0.92      0.76      1.00     37.18      1.00
         det_prob[140]      0.89      0.10      0.93      0.76      1.00     36.15      1.00
         det_prob[141]      0.90      0.10      0.93      0.77      1.00     38.00      1.00
         det_prob[142]      0.90      0.10      0.93      0.77      1.00     37.52      1.00
         det_prob[143]      0.90      0.10      0.93      0.77      1.00     38.19      1.00
         det_prob[144]      0.90      0.10      0.93      0.76      1.00     37.96      1.00
         det_prob[145]      0.90      0.10      0.93      0.77      1.00     38.08      1.00
         det_prob[146]      0.90      0.10      0.93      0.77      1.00     38.96      1.00
         det_prob[147]      0.90      0.10      0.93      0.77      1.00     39.05      1.00
         det_prob[148]      0.90      0.10      0.93      0.76      1.00     37.68      1.00
         det_prob[149]      0.90      0.10      0.93      0.77      1.00     36.92      1.00
         det_prob[150]      0.90      0.11      0.94      0.76      1.00     37.42      1.00
         det_prob[151]      0.90      0.11      0.94      0.77      1.00     37.51      1.00
         det_prob[152]      0.90      0.11      0.94      0.76      1.00     37.18      1.00
         det_prob[153]      0.90      0.11      0.94      0.75      1.00     38.48      1.00
         det_prob[154]      0.90      0.11      0.93      0.76      1.00     37.86      1.00
         det_prob[155]      0.90      0.11      0.94      0.76      1.00     37.43      1.00
         det_prob[156]      0.90      0.11      0.94      0.75      1.00     36.62      1.00
         det_prob[157]      0.90      0.11      0.94      0.75      1.00     37.90      1.00
         det_prob[158]      0.90      0.11      0.94      0.75      1.00     36.16      1.00
         det_prob[159]      0.90      0.11      0.94      0.75      1.00     35.62      1.00
         det_prob[160]      0.90      0.11      0.94      0.75      1.00     36.26      1.00
         det_prob[161]      0.90      0.11      0.94      0.75      1.00     36.14      1.00
         det_prob[162]      0.90      0.11      0.94      0.75      1.00     36.16      1.00
         det_prob[163]      0.90      0.11      0.94      0.74      1.00     36.85      1.00
         det_prob[164]      0.90      0.12      0.94      0.74      1.00     37.87      1.00
         det_prob[165]      0.90      0.12      0.94      0.74      1.00     38.73      1.00
         det_prob[166]      0.90      0.12      0.94      0.75      1.00     37.38      1.00
         det_prob[167]      0.90      0.11      0.94      0.75      1.00     37.31      1.00
         det_prob[168]      0.90      0.12      0.94      0.74      1.00     36.63      1.00
         det_prob[169]      0.90      0.12      0.94      0.74      1.00     35.90      1.00
         det_prob[170]      0.90      0.11      0.95      0.75      1.00     36.38      1.00
         det_prob[171]      0.90      0.11      0.95      0.75      1.00     36.31      1.00
         det_prob[172]      0.90      0.11      0.95      0.75      1.00     36.12      1.00
         det_prob[173]      0.90      0.11      0.94      0.76      1.00     35.80      1.00
         det_prob[174]      0.90      0.11      0.94      0.76      1.00     36.14      1.00
         det_prob[175]      0.90      0.11      0.95      0.76      1.00     36.21      1.00
         det_prob[176]      0.90      0.11      0.95      0.76      1.00     35.88      1.00
         det_prob[177]      0.90      0.11      0.95      0.75      1.00     36.71      1.00
         det_prob[178]      0.90      0.11      0.95      0.76      1.00     36.78      1.00
         det_prob[179]      0.90      0.11      0.95      0.76      1.00     37.27      1.00
         det_prob[180]      0.91      0.11      0.95      0.76      1.00     37.53      1.00
         det_prob[181]      0.91      0.11      0.95      0.77      1.00     37.61      1.00
         det_prob[182]      0.91      0.11      0.95      0.77      1.00     38.08      1.00
         det_prob[183]      0.91      0.11      0.95      0.76      1.00     37.34      1.00
         det_prob[184]      0.91      0.11      0.95      0.76      1.00     37.96      1.00
         det_prob[185]      0.91      0.11      0.95      0.77      1.00     38.24      1.00
         det_prob[186]      0.91      0.11      0.95      0.77      1.00     37.27      1.00
         det_prob[187]      0.91      0.11      0.95      0.76      1.00     36.86      1.00
         det_prob[188]      0.91      0.10      0.95      0.76      1.00     37.06      1.00
         det_prob[189]      0.91      0.10      0.95      0.78      1.00     40.76      1.00
         det_prob[190]      0.91      0.11      0.95      0.78      1.00     41.89      1.00
         det_prob[191]      0.91      0.11      0.95      0.78      1.00     43.51      1.00
         det_prob[192]      0.91      0.11      0.95      0.77      1.00     44.57      1.00
         det_prob[193]      0.91      0.11      0.95      0.77      1.00     43.63      1.00
         det_prob[194]      0.91      0.11      0.95      0.77      1.00     43.93      1.00
         det_prob[195]      0.91      0.11      0.95      0.77      1.00     42.54      1.00
         det_prob[196]      0.91      0.11      0.95      0.77      1.00     43.61      1.00
         det_prob[197]      0.91      0.11      0.95      0.77      1.00     42.93      1.00
         det_prob[198]      0.91      0.11      0.95      0.76      1.00     43.80      1.00
         det_prob[199]      0.91      0.11      0.95      0.76      1.00     43.78      1.00
         det_prob[200]      0.91      0.11      0.95      0.77      1.00     45.13      1.00
         det_prob[201]      0.91      0.11      0.95      0.76      1.00     45.86      1.00
         det_prob[202]      0.91      0.10      0.95      0.78      1.00     44.80      1.00
         det_prob[203]      0.91      0.10      0.95      0.77      1.00     46.53      1.00
         det_prob[204]      0.91      0.11      0.95      0.78      1.00     46.49      1.00
         det_prob[205]      0.91      0.11      0.95      0.76      1.00     47.11      1.00
         det_prob[206]      0.91      0.11      0.95      0.77      1.00     49.16      1.00
         det_prob[207]      0.91      0.11      0.95      0.76      1.00     52.94      1.00
         det_prob[208]      0.91      0.11      0.95      0.76      1.00     51.09      1.00
         det_prob[209]      0.91      0.11      0.95      0.76      1.00     52.09      1.00
         det_prob[210]      0.91      0.11      0.95      0.76      1.00     51.80      1.00
         det_prob[211]      0.91      0.12      0.95      0.73      1.00     53.07      1.00
         det_prob[212]      0.90      0.12      0.95      0.73      1.00     53.36      1.00
         det_prob[213]      0.90      0.12      0.95      0.74      1.00     55.36      1.00
         det_prob[214]      0.90      0.12      0.95      0.73      1.00     57.49      1.00
         det_prob[215]      0.90      0.12      0.95      0.72      1.00     59.69      1.00
         det_prob[216]      0.90      0.12      0.95      0.73      1.00     61.16      1.00
         det_prob[217]      0.90      0.12      0.96      0.72      1.00     62.53      1.00
         det_prob[218]      0.90      0.13      0.95      0.73      1.00     62.50      1.00
         det_prob[219]      0.90      0.13      0.95      0.73      1.00     63.91      1.00
         det_prob[220]      0.90      0.13      0.95      0.72      1.00     61.64      1.00
         det_prob[221]      0.90      0.13      0.95      0.71      1.00     61.78      1.00
         det_prob[222]      0.90      0.13      0.95      0.72      1.00     61.23      1.00
         det_prob[223]      0.90      0.13      0.95      0.72      1.00     62.12      1.00
         det_prob[224]      0.90      0.13      0.95      0.71      1.00     64.37      1.00
         det_prob[225]      0.90      0.13      0.95      0.71      1.00     66.31      1.00
         det_prob[226]      0.90      0.13      0.95      0.71      1.00     66.61      1.00
         det_prob[227]      0.90      0.14      0.96      0.70      1.00     69.18      1.00
             det_prob0      0.23      0.06      0.23      0.15      0.33    713.64      1.00
            det_prob_d      0.90      0.03      0.90      0.85      0.95   1707.64      1.00
                 gamma      0.49      0.05      0.49      0.40      0.57    886.41      1.00
                 rw[0]     -0.05      0.98     -0.10     -1.60      1.56    137.48      1.00
                 rw[1]      0.03      1.38      0.00     -2.29      2.31     37.52      1.00
                 rw[2]      0.22      1.71      0.13     -2.74      2.97     27.58      1.00
                 rw[3]      0.50      2.01      0.43     -2.81      3.87     22.12      1.01
                 rw[4]      0.83      2.19      0.72     -2.68      4.53     18.06      1.01
                 rw[5]      1.20      2.40      1.14     -2.83      5.02     15.70      1.01
                 rw[6]      1.61      2.58      1.68     -2.52      6.03     14.40      1.01
                 rw[7]      2.03      2.66      1.95     -2.76      5.93     13.01      1.01
                 rw[8]      2.31      2.78      2.23     -2.41      6.72     12.48      1.02
                 rw[9]      2.54      2.87      2.44     -2.23      7.01     11.97      1.02
                rw[10]      2.75      2.88      2.72     -1.84      7.50     11.23      1.01
                rw[11]      2.93      2.93      2.81     -1.49      7.99     10.99      1.01
                rw[12]      3.01      2.93      2.80     -1.45      8.06     10.80      1.01
                rw[13]      2.95      2.98      2.76     -1.25      8.58     11.44      1.01
                rw[14]      2.68      3.01      2.40     -1.89      8.02     11.40      1.01
                rw[15]      2.20      3.02      1.96     -2.30      7.42     11.26      1.01
                rw[16]      1.53      3.05      1.37     -3.26      6.71     10.61      1.01
                rw[17]      0.76      2.98      0.65     -3.80      5.89     11.08      1.01
                rw[18]     -0.05      2.94     -0.22     -4.60      4.85     10.89      1.01
                rw[19]     -0.90      2.91     -1.05     -4.95      4.45     11.15      1.01
                rw[20]     -1.68      2.91     -1.77     -5.98      3.41     11.26      1.01
                rw[21]     -2.36      2.89     -2.49     -6.44      2.89     11.05      1.01
                rw[22]     -3.01      2.93     -3.11     -7.97      1.52     11.18      1.01
                rw[23]     -3.62      2.93     -3.75     -8.24      1.21     10.92      1.01
                rw[24]     -4.28      2.93     -4.40     -8.57      0.99     10.84      1.01
                rw[25]     -4.82      2.94     -4.92     -9.10      0.63     10.84      1.02
                rw[26]     -5.37      2.99     -5.41     -9.93     -0.19     11.02      1.02
                rw[27]     -5.82      3.01     -5.93    -10.92     -1.07     11.13      1.02
                rw[28]     -6.30      3.02     -6.47    -11.39     -1.63     11.52      1.01
                rw[29]     -6.76      3.00     -6.82    -11.55     -1.74     12.15      1.01
                rw[30]     -7.20      3.07     -7.38    -12.17     -2.34     12.29      1.01
                rw[31]     -7.59      3.09     -7.85    -12.09     -2.31     12.35      1.01
                rw[32]     -7.99      3.11     -8.22    -12.28     -2.31     12.32      1.01
                rw[33]     -8.32      3.15     -8.61    -12.86     -2.85     13.03      1.01
                rw[34]     -8.62      3.18     -8.92    -13.52     -3.30     12.83      1.01
                rw[35]     -8.89      3.18     -9.08    -13.38     -3.34     13.44      1.01
                rw[36]     -9.03      3.22     -9.18    -14.24     -3.74     12.91      1.01
                rw[37]     -9.24      3.27     -9.27    -14.32     -3.80     12.80      1.01
                rw[38]     -9.37      3.32     -9.49    -14.81     -4.13     12.46      1.01
                rw[39]     -9.50      3.33     -9.56    -14.90     -4.11     12.58      1.01
                rw[40]     -9.59      3.35     -9.66    -14.91     -4.28     12.18      1.01
                rw[41]     -9.68      3.30     -9.76    -14.74     -4.33     12.24      1.01
                rw[42]     -9.68      3.32     -9.85    -14.86     -4.24     12.62      1.01
                rw[43]     -9.70      3.35     -9.92    -14.86     -4.16     12.47      1.01
                rw[44]     -9.74      3.30     -9.93    -15.28     -4.48     12.46      1.01
                rw[45]     -9.73      3.34     -9.94    -14.85     -3.93     12.59      1.01
                rw[46]     -9.69      3.34     -9.96    -14.94     -3.95     12.98      1.00
                rw[47]     -9.61      3.32     -9.82    -14.28     -3.48     13.07      1.00
                rw[48]     -9.61      3.30     -9.82    -15.04     -4.12     13.29      1.00
                rw[49]     -9.56      3.31     -9.82    -14.23     -3.29     12.97      1.01
                rw[50]     -9.55      3.26     -9.60    -14.60     -4.02     12.82      1.01
                rw[51]     -9.45      3.24     -9.59    -15.02     -4.58     13.15      1.01
                rw[52]     -9.38      3.23     -9.49    -14.29     -3.97     12.87      1.01
                rw[53]     -9.32      3.26     -9.48    -14.60     -4.14     12.96      1.01
                rw[54]     -9.21      3.19     -9.35    -14.34     -3.91     13.50      1.00
                rw[55]     -9.13      3.15     -9.24    -14.36     -3.84     13.19      1.01
                rw[56]     -9.03      3.21     -9.10    -14.17     -3.53     13.19      1.01
                rw[57]     -8.96      3.27     -9.15    -14.36     -3.67     12.71      1.01
                rw[58]     -8.88      3.25     -9.11    -13.73     -3.29     12.61      1.01
                rw[59]     -8.74      3.23     -8.90    -13.79     -3.33     12.25      1.01
                rw[60]     -8.62      3.23     -8.69    -13.57     -3.01     12.29      1.01
                rw[61]     -8.52      3.24     -8.57    -13.92     -3.20     12.91      1.01
                rw[62]     -8.38      3.25     -8.59    -13.74     -3.12     13.06      1.01
                rw[63]     -8.28      3.19     -8.37    -13.45     -3.08     13.26      1.01
                rw[64]     -8.11      3.22     -8.25    -12.79     -2.37     13.04      1.01
                rw[65]     -8.06      3.20     -8.19    -13.52     -3.17     12.42      1.01
                rw[66]     -7.95      3.26     -8.02    -13.37     -3.00     12.19      1.02
                rw[67]     -7.88      3.22     -8.04    -13.16     -2.83     11.94      1.02
                rw[68]     -7.86      3.25     -7.91    -12.94     -2.52     12.65      1.01
                rw[69]     -7.79      3.28     -7.82    -13.01     -2.33     12.47      1.01
                rw[70]     -7.84      3.31     -7.87    -12.68     -1.97     12.37      1.01
                rw[71]     -7.91      3.27     -7.99    -12.73     -2.28     12.29      1.01
                rw[72]     -7.92      3.24     -7.89    -12.88     -2.54     12.55      1.01
                rw[73]     -7.97      3.23     -7.90    -13.24     -2.79     12.91      1.01
                rw[74]     -8.07      3.21     -7.97    -12.98     -2.79     12.93      1.02
                rw[75]     -8.14      3.21     -8.17    -13.02     -2.76     11.82      1.02
                rw[76]     -8.22      3.18     -8.17    -12.73     -2.56     11.91      1.02
                rw[77]     -8.35      3.16     -8.34    -13.08     -2.96     11.49      1.02
                rw[78]     -8.42      3.20     -8.51    -13.40     -2.93     12.33      1.02
                rw[79]     -8.50      3.15     -8.55    -13.48     -3.43     12.58      1.02
                rw[80]     -8.53      3.14     -8.57    -13.26     -3.33     12.83      1.02
                rw[81]     -8.52      3.17     -8.56    -13.16     -2.99     13.33      1.01
                rw[82]     -8.57      3.14     -8.67    -13.20     -3.16     12.62      1.02
                rw[83]     -8.59      3.18     -8.64    -13.35     -3.31     11.93      1.02
                rw[84]     -8.63      3.17     -8.70    -13.48     -3.33     11.77      1.02
                rw[85]     -8.69      3.20     -8.77    -13.84     -3.56     12.15      1.02
                rw[86]     -8.72      3.18     -8.79    -13.89     -3.49     12.35      1.02
                rw[87]     -8.72      3.14     -8.83    -13.64     -3.47     12.41      1.01
                rw[88]     -8.68      3.18     -8.76    -13.51     -3.47     12.61      1.02
                rw[89]     -8.69      3.14     -8.86    -13.46     -3.45     12.44      1.02
                rw[90]     -8.69      3.13     -8.79    -13.81     -3.58     12.21      1.02
                rw[91]     -8.64      3.18     -8.69    -13.69     -3.50     11.99      1.01
                rw[92]     -8.53      3.19     -8.57    -13.29     -2.98     12.06      1.01
                rw[93]     -8.38      3.16     -8.61    -13.17     -2.84     12.17      1.01
                rw[94]     -8.26      3.17     -8.38    -13.34     -3.11     11.58      1.01
                rw[95]     -8.00      3.14     -8.07    -12.61     -2.37     11.46      1.02
                rw[96]     -7.73      3.14     -7.91    -12.49     -2.31     11.68      1.01
                rw[97]     -7.40      3.08     -7.53    -11.92     -2.04     11.97      1.01
                rw[98]     -7.05      3.07     -7.25    -11.91     -1.93     11.77      1.01
                rw[99]     -6.74      3.09     -7.01    -11.66     -1.61     12.04      1.01
               rw[100]     -6.44      3.05     -6.54    -11.28     -1.55     12.33      1.01
               rw[101]     -6.10      3.04     -6.24    -10.88     -1.01     11.89      1.01
               rw[102]     -5.83      3.05     -5.92    -10.90     -0.85     12.00      1.02
               rw[103]     -5.55      3.02     -5.65    -10.23     -0.35     11.90      1.01
               rw[104]     -5.31      3.05     -5.43     -9.86      0.22     12.13      1.01
               rw[105]     -5.19      3.09     -5.36     -9.99      0.19     12.03      1.01
               rw[106]     -5.09      3.08     -5.19     -9.85      0.05     12.18      1.01
               rw[107]     -5.01      3.12     -5.13     -9.53      0.63     12.03      1.01
               rw[108]     -4.99      3.15     -5.24     -9.56      0.70     12.34      1.01
               rw[109]     -4.97      3.12     -5.02     -9.63      0.60     12.67      1.01
               rw[110]     -5.01      3.14     -5.18     -9.82      0.34     12.26      1.01
               rw[111]     -5.06      3.11     -5.14     -9.53      0.53     11.82      1.02
               rw[112]     -5.14      3.10     -5.19     -9.68      0.23     12.80      1.01
               rw[113]     -5.18      3.06     -5.21     -9.63      0.00     12.94      1.01
               rw[114]     -5.30      3.09     -5.38     -9.89      0.04     12.69      1.01
               rw[115]     -5.41      3.10     -5.42    -10.25     -0.24     13.06      1.01
               rw[116]     -5.55      3.09     -5.67    -10.00      0.05     12.61      1.01
               rw[117]     -5.64      3.12     -5.76    -10.21     -0.21     12.39      1.01
               rw[118]     -5.73      3.12     -5.85    -10.93     -0.98     11.66      1.02
               rw[119]     -5.81      3.08     -5.99    -10.31     -0.47     12.05      1.02
               rw[120]     -5.94      3.04     -6.14    -10.73     -0.96     11.82      1.01
               rw[121]     -6.08      3.08     -6.13    -11.01     -1.22     12.15      1.02
               rw[122]     -6.19      3.05     -6.21    -10.87     -1.08     11.29      1.02
               rw[123]     -6.30      3.06     -6.45    -11.12     -1.24     11.85      1.02
               rw[124]     -6.37      3.06     -6.49    -10.70     -0.68     12.07      1.02
               rw[125]     -6.41      3.04     -6.47    -11.42     -1.62     12.04      1.01
               rw[126]     -6.40      3.05     -6.51    -10.98     -1.25     12.28      1.01
               rw[127]     -6.44      3.02     -6.58    -11.15     -1.39     11.66      1.01
               rw[128]     -6.35      3.05     -6.50    -11.17     -1.47     11.42      1.01
               rw[129]     -6.36      3.06     -6.50    -11.05     -1.27     11.75      1.01
               rw[130]     -6.33      3.02     -6.52    -10.74     -0.75     12.17      1.01
               rw[131]     -6.30      3.02     -6.53    -11.25     -1.38     12.11      1.01
               rw[132]     -6.30      3.03     -6.57    -10.94     -0.96     11.85      1.01
               rw[133]     -6.26      3.03     -6.40    -10.79     -0.95     12.06      1.01
               rw[134]     -6.21      3.03     -6.30    -11.25     -1.25     11.75      1.01
               rw[135]     -6.17      2.99     -6.43    -11.05     -1.31     11.03      1.01
               rw[136]     -6.06      2.99     -6.22    -10.74     -1.19     11.14      1.01
               rw[137]     -5.94      2.99     -6.11    -10.79     -1.06     11.22      1.01
               rw[138]     -5.88      3.00     -6.05    -10.47     -0.68     11.46      1.01
               rw[139]     -5.79      3.01     -5.93    -10.64     -0.95     11.14      1.01
               rw[140]     -5.72      3.01     -5.81    -11.12     -1.22     11.11      1.01
               rw[141]     -5.63      3.02     -5.77    -10.31     -0.59     11.07      1.01
               rw[142]     -5.63      3.02     -5.79     -9.96     -0.31     11.38      1.01
               rw[143]     -5.59      3.02     -5.69     -9.79      0.05     11.57      1.01
               rw[144]     -5.59      3.01     -5.64    -10.39     -0.72     11.43      1.01
               rw[145]     -5.61      2.98     -5.67    -10.33     -0.77     11.86      1.01
               rw[146]     -5.66      3.01     -5.74    -10.09     -0.51     11.40      1.01
               rw[147]     -5.72      3.04     -5.71    -10.48     -0.71     10.99      1.02
               rw[148]     -5.75      3.02     -5.82    -10.36     -0.61     10.94      1.02
               rw[149]     -5.75      3.02     -5.91    -10.58     -0.84     11.38      1.02
               rw[150]     -5.80      3.07     -5.84    -10.74     -0.56     11.55      1.01
               rw[151]     -5.80      3.03     -5.86    -10.65     -0.69     11.83      1.01
               rw[152]     -5.84      3.04     -5.86    -11.37     -1.22     11.92      1.02
               rw[153]     -5.84      3.03     -5.81    -10.23     -0.34     11.78      1.02
               rw[154]     -5.85      3.06     -5.93    -10.57     -0.43     11.66      1.02
               rw[155]     -5.91      3.06     -6.03    -10.69     -0.72     11.24      1.02
               rw[156]     -5.91      3.06     -5.94    -10.61     -0.82     11.26      1.01
               rw[157]     -5.96      3.06     -6.10    -10.31     -0.68     11.45      1.01
               rw[158]     -6.03      3.07     -6.12    -10.38     -0.50     11.61      1.01
               rw[159]     -6.11      3.14     -6.26    -11.00     -0.94     11.78      1.01
               rw[160]     -6.17      3.16     -6.17    -11.13     -0.87     11.85      1.01
               rw[161]     -6.16      3.13     -6.19    -10.54     -0.30     12.15      1.02
               rw[162]     -6.22      3.12     -6.24    -10.79     -0.53     11.96      1.02
               rw[163]     -6.25      3.09     -6.32    -11.07     -0.97     11.82      1.02
               rw[164]     -6.35      3.10     -6.44    -10.97     -1.14     12.01      1.01
               rw[165]     -6.28      3.10     -6.30    -11.68     -1.64     11.80      1.01
               rw[166]     -6.30      3.02     -6.35    -11.14     -1.17     12.17      1.01
               rw[167]     -6.31      3.05     -6.47    -10.94     -1.17     12.21      1.01
               rw[168]     -6.28      3.01     -6.50    -11.09     -1.29     11.91      1.01
               rw[169]     -6.29      3.06     -6.53    -10.70     -0.66     11.65      1.01
               rw[170]     -6.28      3.08     -6.47    -10.80     -0.76     11.98      1.01
               rw[171]     -6.26      3.07     -6.43    -11.38     -1.33     11.78      1.01
               rw[172]     -6.34      3.09     -6.42    -11.03     -0.99     11.74      1.01
               rw[173]     -6.40      3.08     -6.57    -11.04     -0.97     11.68      1.01
               rw[174]     -6.50      3.14     -6.64    -10.99     -0.76     11.35      1.01
               rw[175]     -6.57      3.12     -6.67    -11.20     -1.08     11.84      1.01
               rw[176]     -6.58      3.15     -6.76    -11.36     -1.40     12.08      1.01
               rw[177]     -6.60      3.11     -6.74    -11.39     -1.47     12.13      1.01
               rw[178]     -6.59      3.09     -6.71    -11.71     -1.82     12.65      1.01
               rw[179]     -6.64      3.07     -6.83    -11.68     -1.50     11.94      1.01
               rw[180]     -6.64      3.09     -6.77    -11.12     -1.09     12.04      1.01
               rw[181]     -6.65      3.09     -6.69    -11.31     -1.22     12.02      1.01
               rw[182]     -6.67      3.11     -6.78    -11.47     -1.23     12.51      1.01
               rw[183]     -6.70      3.07     -6.77    -11.29     -1.21     11.91      1.01
               rw[184]     -6.69      3.04     -6.66    -11.50     -1.58     12.44      1.01
               rw[185]     -6.67      3.03     -6.76    -11.12     -1.13     12.15      1.01
               rw[186]     -6.64      3.08     -6.62    -12.11     -1.96     11.75      1.01
               rw[187]     -6.63      3.05     -6.61    -11.52     -1.42     11.69      1.01
               rw[188]     -6.64      3.05     -6.69    -10.93     -0.83     11.48      1.02
               rw[189]     -6.59      3.05     -6.68    -11.05     -1.21     11.38      1.02
               rw[190]     -6.59      3.08     -6.68    -11.33     -1.48     11.53      1.01
               rw[191]     -6.50      3.06     -6.67    -10.88     -0.86     11.24      1.01
               rw[192]     -6.39      3.05     -6.54    -11.07     -1.10     11.35      1.01
               rw[193]     -6.32      3.07     -6.45    -11.02     -0.97     11.25      1.01
               rw[194]     -6.14      3.08     -6.36    -11.16     -1.24     11.10      1.01
               rw[195]     -6.06      3.04     -6.25    -10.70     -0.87     11.37      1.01
               rw[196]     -5.90      3.06     -6.04    -10.85     -1.01     11.46      1.01
               rw[197]     -5.84      3.06     -5.92    -10.47     -0.49     11.82      1.01
               rw[198]     -5.77      3.04     -5.79    -10.21     -0.37     11.56      1.02
               rw[199]     -5.69      3.04     -5.74    -10.21     -0.71     11.91      1.02
               rw[200]     -5.61      3.08     -5.74    -10.65     -0.68     11.62      1.01
               rw[201]     -5.54      3.02     -5.62    -10.14     -0.29     11.74      1.01
               rw[202]     -5.49      3.02     -5.57    -10.19     -0.32     11.21      1.01
               rw[203]     -5.44      3.07     -5.63     -9.92      0.15     11.73      1.01
               rw[204]     -5.42      3.04     -5.75    -10.12     -0.31     11.40      1.01
               rw[205]     -5.45      3.04     -5.64    -10.08     -0.41     11.32      1.01
               rw[206]     -5.43      3.05     -5.57     -9.88     -0.11     11.22      1.01
               rw[207]     -5.41      3.00     -5.49     -9.74      0.04     11.53      1.02
               rw[208]     -5.44      3.04     -5.50    -10.18     -0.25     12.07      1.02
               rw[209]     -5.41      3.04     -5.52     -9.70      0.12     11.51      1.02
               rw[210]     -5.42      3.05     -5.59     -9.97      0.01     11.29      1.02
               rw[211]     -5.46      3.01     -5.64    -10.21     -0.38     11.62      1.01
               rw[212]     -5.44      3.05     -5.58     -9.72      0.14     11.72      1.01
               rw[213]     -5.42      3.06     -5.53     -9.83     -0.11     12.04      1.01
               rw[214]     -5.47      3.07     -5.42    -10.13     -0.30     11.92      1.01
               rw[215]     -5.47      3.03     -5.58    -10.20     -0.42     11.62      1.01
               rw[216]     -5.54      3.04     -5.57    -10.82     -1.02     11.87      1.01
               rw[217]     -5.52      3.10     -5.64    -10.40     -0.32     11.72      1.01
               rw[218]     -5.59      3.11     -5.67    -10.52     -0.40     12.00      1.01
               rw[219]     -5.58      3.13     -5.63    -10.28     -0.22     11.66      1.01
               rw[220]     -5.66      3.17     -5.87    -10.39     -0.19     12.02      1.01
               rw[221]     -5.70      3.22     -5.89    -10.56     -0.26     12.07      1.01
               rw[222]     -5.77      3.29     -5.97    -10.69     -0.07     12.97      1.01
               rw[223]     -5.87      3.37     -5.96    -11.15     -0.13     14.20      1.01
               rw[224]     -5.97      3.44     -6.13    -11.56     -0.20     14.19      1.01
               rw[225]     -6.08      3.56     -6.13    -12.49     -0.92     15.00      1.01
               rw[226]     -6.14      3.66     -6.13    -12.24     -0.05     15.72      1.01
               rw[227]     -6.15      3.82     -6.14    -12.27      0.43     16.48      1.01
                 sigma      0.23      0.02      0.23      0.20      0.27    942.95      1.00

Number of divergences: 0
