
                            mean       std    median      5.0%     95.0%     n_eff     r_hat
                    D0      0.61      0.66      0.39      0.00      1.46    733.77      1.00
                    E0     11.63     11.82      8.36      0.05     25.83    100.88      1.00
                    H0      0.89      0.85      0.65      0.00      1.99    810.19      1.00
                    I0      4.18      5.46      2.43      0.01     10.48    130.05      1.00
                 beta0      2.01      0.88      2.07      0.79      3.31      5.76      1.00
  confirmed_dispersion      0.19      0.03      0.19      0.15      0.25    430.58      1.00
      death_dispersion      0.13      0.02      0.13      0.10      0.15    481.21      1.00
            death_prob      0.01      0.00      0.01      0.01      0.01     42.16      1.00
            death_rate      0.07      0.01      0.07      0.06      0.09     68.52      1.00
           det_prob[0]      0.24      0.06      0.24      0.14      0.34     64.20      1.00
           det_prob[1]      0.23      0.07      0.23      0.13      0.34     53.42      1.00
           det_prob[2]      0.22      0.07      0.22      0.12      0.33     48.73      1.00
           det_prob[3]      0.22      0.07      0.21      0.10      0.32     46.16      1.00
           det_prob[4]      0.21      0.07      0.20      0.09      0.31     40.69      1.00
           det_prob[5]      0.21      0.07      0.20      0.09      0.31     35.04      1.00
           det_prob[6]      0.20      0.08      0.19      0.10      0.32     33.94      1.00
           det_prob[7]      0.20      0.07      0.19      0.10      0.31     32.59      1.00
           det_prob[8]      0.20      0.07      0.19      0.09      0.30     29.18      1.00
           det_prob[9]      0.19      0.07      0.19      0.09      0.29     26.03      1.00
          det_prob[10]      0.19      0.06      0.18      0.10      0.28     27.42      1.00
          det_prob[11]      0.19      0.06      0.19      0.10      0.28     27.61      1.01
          det_prob[12]      0.18      0.06      0.17      0.09      0.27     29.15      1.01
          det_prob[13]      0.17      0.05      0.17      0.09      0.25     38.72      1.01
          det_prob[14]      0.16      0.05      0.16      0.09      0.24     40.85      1.01
          det_prob[15]      0.16      0.05      0.15      0.08      0.22     40.00      1.01
          det_prob[16]      0.15      0.04      0.14      0.08      0.22     52.51      1.01
          det_prob[17]      0.15      0.04      0.14      0.08      0.21     45.95      1.01
          det_prob[18]      0.14      0.04      0.13      0.08      0.20     48.27      1.02
          det_prob[19]      0.13      0.04      0.12      0.07      0.18     37.90      1.02
          det_prob[20]      0.12      0.03      0.11      0.07      0.18     39.41      1.03
          det_prob[21]      0.11      0.03      0.11      0.06      0.16     46.24      1.03
          det_prob[22]      0.11      0.03      0.10      0.06      0.16     52.20      1.04
          det_prob[23]      0.10      0.03      0.10      0.06      0.15     61.88      1.03
          det_prob[24]      0.10      0.03      0.09      0.05      0.15     62.38      1.03
          det_prob[25]      0.09      0.03      0.09      0.05      0.14     61.99      1.03
          det_prob[26]      0.09      0.03      0.08      0.05      0.13     61.73      1.03
          det_prob[27]      0.08      0.03      0.08      0.05      0.12     63.89      1.03
          det_prob[28]      0.08      0.02      0.07      0.04      0.11     71.62      1.03
          det_prob[29]      0.07      0.02      0.07      0.04      0.11     73.63      1.02
          det_prob[30]      0.07      0.02      0.07      0.04      0.10     62.35      1.02
          det_prob[31]      0.07      0.02      0.07      0.04      0.11     58.74      1.01
          det_prob[32]      0.07      0.02      0.06      0.04      0.10     58.89      1.01
          det_prob[33]      0.07      0.02      0.06      0.04      0.10     58.45      1.01
          det_prob[34]      0.06      0.02      0.06      0.03      0.09     60.93      1.01
          det_prob[35]      0.06      0.02      0.06      0.03      0.09     71.22      1.01
          det_prob[36]      0.06      0.02      0.06      0.04      0.09     77.84      1.01
          det_prob[37]      0.06      0.02      0.06      0.03      0.09     78.73      1.01
          det_prob[38]      0.06      0.02      0.06      0.03      0.09     79.56      1.00
          det_prob[39]      0.05      0.02      0.05      0.03      0.08     70.02      1.00
          det_prob[40]      0.05      0.02      0.05      0.03      0.08     78.35      1.00
          det_prob[41]      0.05      0.02      0.05      0.03      0.08     75.17      1.00
          det_prob[42]      0.05      0.02      0.05      0.03      0.08     79.70      1.00
          det_prob[43]      0.06      0.02      0.06      0.03      0.08     77.81      1.00
          det_prob[44]      0.06      0.02      0.06      0.03      0.09     72.54      1.01
          det_prob[45]      0.06      0.02      0.06      0.04      0.09     70.81      1.01
          det_prob[46]      0.06      0.02      0.06      0.03      0.09     64.78      1.01
          det_prob[47]      0.06      0.02      0.06      0.03      0.09     75.71      1.01
          det_prob[48]      0.07      0.02      0.07      0.04      0.10     75.23      1.00
          det_prob[49]      0.08      0.02      0.07      0.05      0.11     75.74      1.00
          det_prob[50]      0.09      0.02      0.08      0.05      0.12     64.28      1.00
          det_prob[51]      0.09      0.03      0.09      0.05      0.13     62.76      1.00
          det_prob[52]      0.10      0.03      0.10      0.06      0.15     64.92      1.00
          det_prob[53]      0.11      0.03      0.11      0.06      0.16     72.04      1.00
          det_prob[54]      0.13      0.04      0.12      0.08      0.19     76.87      1.01
          det_prob[55]      0.15      0.04      0.14      0.09      0.20     80.74      1.01
          det_prob[56]      0.16      0.04      0.16      0.10      0.22     88.46      1.01
          det_prob[57]      0.18      0.04      0.17      0.11      0.25     86.64      1.01
          det_prob[58]      0.19      0.05      0.18      0.12      0.27     78.04      1.02
          det_prob[59]      0.20      0.05      0.20      0.12      0.27     69.77      1.02
          det_prob[60]      0.22      0.05      0.21      0.15      0.31     69.53      1.02
          det_prob[61]      0.23      0.05      0.22      0.15      0.33     75.72      1.02
          det_prob[62]      0.24      0.06      0.24      0.15      0.34     80.23      1.02
          det_prob[63]      0.25      0.06      0.25      0.15      0.35     84.59      1.01
          det_prob[64]      0.26      0.06      0.26      0.17      0.37     84.91      1.01
          det_prob[65]      0.26      0.06      0.26      0.18      0.38     84.58      1.01
          det_prob[66]      0.26      0.07      0.26      0.17      0.39     84.93      1.00
          det_prob[67]      0.27      0.07      0.26      0.16      0.38     88.04      1.00
          det_prob[68]      0.27      0.07      0.27      0.16      0.37     86.96      1.00
          det_prob[69]      0.27      0.07      0.27      0.18      0.40     82.44      1.01
          det_prob[70]      0.28      0.07      0.27      0.15      0.38     80.02      1.01
          det_prob[71]      0.29      0.07      0.28      0.18      0.39     81.94      1.01
          det_prob[72]      0.29      0.07      0.29      0.18      0.40     78.61      1.01
          det_prob[73]      0.30      0.07      0.29      0.19      0.40     85.83      1.01
          det_prob[74]      0.30      0.07      0.30      0.19      0.41     79.28      1.01
          det_prob[75]      0.30      0.07      0.30      0.20      0.41     78.70      1.01
          det_prob[76]      0.31      0.07      0.30      0.19      0.42     81.63      1.01
          det_prob[77]      0.31      0.07      0.31      0.21      0.44     77.80      1.00
          det_prob[78]      0.32      0.08      0.32      0.20      0.44     76.34      1.00
          det_prob[79]      0.33      0.08      0.33      0.21      0.46     66.49      1.00
          det_prob[80]      0.34      0.08      0.34      0.22      0.47     63.21      1.00
          det_prob[81]      0.35      0.08      0.34      0.22      0.48     62.96      1.00
          det_prob[82]      0.36      0.09      0.35      0.22      0.50     62.92      1.00
          det_prob[83]      0.36      0.09      0.36      0.21      0.50     63.95      1.00
          det_prob[84]      0.38      0.09      0.37      0.22      0.52     59.49      1.00
          det_prob[85]      0.39      0.10      0.38      0.23      0.54     58.99      1.01
          det_prob[86]      0.41      0.10      0.40      0.25      0.57     58.86      1.01
          det_prob[87]      0.42      0.11      0.41      0.25      0.59     57.57      1.01
          det_prob[88]      0.44      0.11      0.43      0.26      0.61     57.58      1.02
          det_prob[89]      0.46      0.11      0.44      0.27      0.64     57.76      1.02
          det_prob[90]      0.48      0.11      0.47      0.30      0.66     58.86      1.02
          det_prob[91]      0.51      0.12      0.50      0.34      0.71     58.85      1.03
          det_prob[92]      0.54      0.11      0.53      0.35      0.72     57.98      1.03
          det_prob[93]      0.56      0.12      0.55      0.36      0.74     55.06      1.03
          det_prob[94]      0.58      0.12      0.58      0.38      0.77     55.69      1.04
          det_prob[95]      0.60      0.12      0.59      0.40      0.79     55.53      1.04
          det_prob[96]      0.62      0.12      0.62      0.45      0.83     51.75      1.04
          det_prob[97]      0.64      0.12      0.64      0.45      0.82     50.09      1.05
          det_prob[98]      0.67      0.12      0.67      0.46      0.83     49.22      1.05
          det_prob[99]      0.69      0.12      0.70      0.51      0.87     45.55      1.04
         det_prob[100]      0.71      0.12      0.72      0.51      0.87     44.53      1.05
         det_prob[101]      0.72      0.11      0.74      0.55      0.91     43.62      1.04
         det_prob[102]      0.74      0.11      0.76      0.57      0.91     43.31      1.04
         det_prob[103]      0.75      0.11      0.78      0.57      0.91     42.12      1.03
         det_prob[104]      0.77      0.11      0.80      0.60      0.91     42.87      1.03
         det_prob[105]      0.79      0.10      0.81      0.64      0.93     41.76      1.02
         det_prob[106]      0.80      0.10      0.82      0.65      0.94     42.69      1.02
         det_prob[107]      0.81      0.09      0.83      0.67      0.94     41.05      1.02
         det_prob[108]      0.82      0.09      0.84      0.69      0.95     41.49      1.01
         det_prob[109]      0.83      0.08      0.85      0.71      0.95     42.28      1.00
         det_prob[110]      0.84      0.08      0.85      0.72      0.96     43.32      1.01
         det_prob[111]      0.85      0.08      0.86      0.73      0.96     42.53      1.00
         det_prob[112]      0.86      0.07      0.87      0.76      0.97     41.58      1.00
         det_prob[113]      0.87      0.07      0.88      0.77      0.96     40.59      1.00
         det_prob[114]      0.87      0.07      0.89      0.78      0.97     38.73      1.00
         det_prob[115]      0.88      0.06      0.89      0.78      0.97     37.43      1.00
         det_prob[116]      0.88      0.06      0.90      0.79      0.97     36.95      1.00
         det_prob[117]      0.89      0.06      0.90      0.80      0.97     36.11      1.00
         det_prob[118]      0.89      0.06      0.91      0.80      0.97     33.34      1.00
         det_prob[119]      0.90      0.06      0.91      0.81      0.97     32.76      1.00
         det_prob[120]      0.90      0.06      0.91      0.81      0.97     31.77      1.00
         det_prob[121]      0.90      0.06      0.92      0.82      0.98     32.55      1.00
         det_prob[122]      0.90      0.06      0.92      0.82      0.98     31.98      1.00
         det_prob[123]      0.91      0.06      0.92      0.82      0.98     29.55      1.00
         det_prob[124]      0.91      0.05      0.92      0.83      0.98     28.00      1.01
         det_prob[125]      0.91      0.05      0.92      0.84      0.99     26.49      1.01
         det_prob[126]      0.92      0.05      0.93      0.83      0.98     24.40      1.01
         det_prob[127]      0.92      0.05      0.93      0.84      0.99     24.15      1.01
         det_prob[128]      0.92      0.05      0.93      0.85      0.98     22.59      1.01
         det_prob[129]      0.92      0.05      0.93      0.85      0.99     23.40      1.01
         det_prob[130]      0.92      0.05      0.93      0.86      0.99     24.01      1.02
         det_prob[131]      0.93      0.05      0.93      0.86      0.99     22.08      1.02
         det_prob[132]      0.93      0.05      0.93      0.86      0.99     21.26      1.03
         det_prob[133]      0.93      0.05      0.94      0.86      0.99     21.06      1.03
         det_prob[134]      0.93      0.05      0.94      0.86      1.00     21.17      1.03
         det_prob[135]      0.93      0.05      0.94      0.86      0.99     20.22      1.04
         det_prob[136]      0.93      0.05      0.94      0.86      0.99     20.03      1.05
         det_prob[137]      0.93      0.05      0.94      0.86      0.99     20.26      1.05
         det_prob[138]      0.93      0.05      0.94      0.86      1.00     19.94      1.05
         det_prob[139]      0.93      0.05      0.94      0.86      1.00     19.45      1.06
         det_prob[140]      0.93      0.06      0.94      0.85      1.00     20.28      1.06
         det_prob[141]      0.93      0.06      0.94      0.85      1.00     19.75      1.07
         det_prob[142]      0.93      0.06      0.95      0.85      1.00     19.13      1.07
         det_prob[143]      0.93      0.06      0.95      0.85      1.00     18.75      1.07
         det_prob[144]      0.93      0.06      0.95      0.84      1.00     18.34      1.07
         det_prob[145]      0.93      0.06      0.95      0.84      1.00     18.69      1.07
         det_prob[146]      0.93      0.06      0.95      0.84      1.00     19.14      1.07
         det_prob[147]      0.93      0.07      0.95      0.84      1.00     19.64      1.07
         det_prob[148]      0.93      0.07      0.95      0.83      1.00     20.13      1.07
         det_prob[149]      0.93      0.07      0.95      0.83      1.00     19.18      1.07
         det_prob[150]      0.93      0.07      0.95      0.83      1.00     19.76      1.07
         det_prob[151]      0.93      0.07      0.95      0.83      1.00     19.78      1.07
         det_prob[152]      0.93      0.07      0.95      0.83      1.00     20.11      1.06
         det_prob[153]      0.93      0.07      0.95      0.83      1.00     20.20      1.06
         det_prob[154]      0.93      0.07      0.95      0.83      1.00     19.80      1.06
         det_prob[155]      0.93      0.07      0.95      0.83      1.00     19.21      1.06
         det_prob[156]      0.93      0.07      0.96      0.83      1.00     19.08      1.07
         det_prob[157]      0.93      0.07      0.96      0.82      1.00     18.85      1.06
         det_prob[158]      0.93      0.07      0.96      0.82      1.00     18.65      1.06
         det_prob[159]      0.93      0.07      0.96      0.81      1.00     18.58      1.06
         det_prob[160]      0.93      0.07      0.96      0.82      1.00     18.14      1.06
         det_prob[161]      0.93      0.07      0.96      0.82      1.00     18.06      1.06
         det_prob[162]      0.93      0.07      0.96      0.82      1.00     17.90      1.06
         det_prob[163]      0.93      0.07      0.96      0.83      1.00     17.85      1.06
         det_prob[164]      0.93      0.07      0.96      0.83      1.00     18.24      1.06
         det_prob[165]      0.93      0.07      0.96      0.83      1.00     17.82      1.06
         det_prob[166]      0.93      0.07      0.96      0.83      1.00     17.53      1.06
         det_prob[167]      0.94      0.07      0.96      0.83      1.00     17.27      1.06
         det_prob[168]      0.94      0.07      0.96      0.84      1.00     17.36      1.06
         det_prob[169]      0.94      0.07      0.96      0.85      1.00     17.29      1.06
         det_prob[170]      0.94      0.06      0.97      0.85      1.00     16.98      1.06
         det_prob[171]      0.94      0.06      0.97      0.85      1.00     17.30      1.05
         det_prob[172]      0.94      0.06      0.97      0.85      1.00     17.37      1.05
         det_prob[173]      0.94      0.06      0.97      0.85      1.00     17.37      1.05
         det_prob[174]      0.95      0.06      0.97      0.87      1.00     17.73      1.05
         det_prob[175]      0.95      0.06      0.97      0.86      1.00     18.25      1.05
         det_prob[176]      0.95      0.06      0.97      0.86      1.00     18.23      1.05
         det_prob[177]      0.95      0.06      0.97      0.87      1.00     18.07      1.05
         det_prob[178]      0.95      0.06      0.97      0.87      1.00     18.37      1.04
         det_prob[179]      0.95      0.06      0.97      0.87      1.00     18.76      1.04
         det_prob[180]      0.95      0.05      0.97      0.87      1.00     18.24      1.05
         det_prob[181]      0.95      0.05      0.97      0.88      1.00     18.34      1.04
         det_prob[182]      0.95      0.05      0.97      0.88      1.00     18.81      1.04
         det_prob[183]      0.95      0.05      0.97      0.88      1.00     19.35      1.03
         det_prob[184]      0.95      0.05      0.97      0.88      1.00     19.66      1.03
         det_prob[185]      0.95      0.05      0.97      0.88      1.00     19.72      1.03
         det_prob[186]      0.95      0.05      0.97      0.88      1.00     20.21      1.03
         det_prob[187]      0.95      0.06      0.97      0.88      1.00     20.54      1.03
         det_prob[188]      0.95      0.06      0.97      0.88      1.00     20.69      1.03
         det_prob[189]      0.95      0.06      0.97      0.88      1.00     20.89      1.03
         det_prob[190]      0.95      0.06      0.97      0.89      1.00     21.48      1.02
         det_prob[191]      0.95      0.06      0.97      0.88      1.00     20.70      1.02
         det_prob[192]      0.95      0.06      0.97      0.89      1.00     20.66      1.03
         det_prob[193]      0.95      0.06      0.97      0.88      1.00     19.82      1.03
         det_prob[194]      0.95      0.05      0.97      0.88      1.00     19.02      1.03
         det_prob[195]      0.95      0.05      0.97      0.88      1.00     18.27      1.03
         det_prob[196]      0.95      0.06      0.97      0.88      1.00     18.35      1.03
         det_prob[197]      0.95      0.06      0.97      0.88      1.00     17.59      1.03
         det_prob[198]      0.95      0.06      0.97      0.87      1.00     17.35      1.04
         det_prob[199]      0.95      0.06      0.97      0.87      1.00     17.17      1.04
         det_prob[200]      0.95      0.06      0.97      0.86      1.00     17.24      1.04
         det_prob[201]      0.95      0.06      0.97      0.86      1.00     16.75      1.04
         det_prob[202]      0.95      0.06      0.97      0.87      1.00     16.54      1.04
         det_prob[203]      0.95      0.06      0.97      0.87      1.00     15.60      1.05
         det_prob[204]      0.95      0.06      0.97      0.86      1.00     15.12      1.05
         det_prob[205]      0.94      0.06      0.97      0.86      1.00     15.37      1.05
         det_prob[206]      0.94      0.07      0.97      0.85      1.00     13.97      1.06
         det_prob[207]      0.94      0.07      0.97      0.85      1.00     13.54      1.06
         det_prob[208]      0.94      0.07      0.97      0.84      1.00     13.30      1.07
         det_prob[209]      0.94      0.07      0.97      0.84      1.00     13.98      1.06
         det_prob[210]      0.94      0.07      0.97      0.84      1.00     14.00      1.06
         det_prob[211]      0.94      0.07      0.97      0.83      1.00     13.87      1.07
         det_prob[212]      0.94      0.07      0.97      0.83      1.00     13.67      1.07
         det_prob[213]      0.94      0.08      0.97      0.83      1.00     13.97      1.07
         det_prob[214]      0.94      0.08      0.97      0.81      1.00     14.68      1.06
         det_prob[215]      0.93      0.08      0.97      0.81      1.00     15.15      1.06
         det_prob[216]      0.93      0.08      0.97      0.82      1.00     14.76      1.06
         det_prob[217]      0.93      0.09      0.97      0.81      1.00     15.13      1.06
         det_prob[218]      0.93      0.09      0.97      0.80      1.00     15.50      1.06
         det_prob[219]      0.93      0.09      0.97      0.80      1.00     15.47      1.06
         det_prob[220]      0.93      0.09      0.97      0.80      1.00     15.70      1.06
         det_prob[221]      0.93      0.09      0.97      0.80      1.00     16.25      1.06
         det_prob[222]      0.93      0.10      0.97      0.80      1.00     16.30      1.06
         det_prob[223]      0.93      0.10      0.97      0.79      1.00     16.46      1.06
         det_prob[224]      0.93      0.10      0.97      0.80      1.00     16.27      1.06
         det_prob[225]      0.93      0.10      0.97      0.79      1.00     16.74      1.06
         det_prob[226]      0.93      0.10      0.97      0.78      1.00     16.90      1.06
         det_prob[227]      0.92      0.11      0.97      0.77      1.00     16.95      1.05
             det_prob0      0.25      0.06      0.25      0.17      0.35     84.73      1.00
            det_prob_d      0.90      0.03      0.90      0.85      0.95    387.00      1.00
                 gamma      0.48      0.05      0.47      0.40      0.56    205.52      1.00
                 rw[0]     -0.27      1.01     -0.31     -1.80      1.44     71.44      1.00
                 rw[1]     -0.41      1.36     -0.41     -2.66      1.79     29.21      1.00
                 rw[2]     -0.46      1.63     -0.55     -2.99      2.35     16.48      1.00
                 rw[3]     -0.48      1.84     -0.55     -3.39      2.53     12.76      1.00
                 rw[4]     -0.41      2.05     -0.61     -3.79      2.78     10.30      1.00
                 rw[5]     -0.34      2.20     -0.50     -3.73      3.40      9.15      1.00
                 rw[6]     -0.25      2.36     -0.57     -3.81      3.50      8.02      1.00
                 rw[7]     -0.28      2.48     -0.61     -4.03      3.70      7.80      1.00
                 rw[8]     -0.28      2.56     -0.59     -3.77      4.20      7.45      1.00
                 rw[9]     -0.32      2.74     -0.73     -4.60      3.88      7.13      1.00
                rw[10]     -0.36      2.80     -0.77     -4.32      4.43      6.74      1.00
                rw[11]     -0.53      2.85     -0.90     -4.76      4.05      6.62      1.00
                rw[12]     -0.73      2.91     -1.23     -5.06      4.05      6.49      1.00
                rw[13]     -0.88      2.95     -1.34     -4.85      4.27      6.30      1.00
                rw[14]     -1.05      2.96     -1.62     -5.53      3.54      6.20      1.00
                rw[15]     -1.22      2.94     -1.86     -5.59      3.38      6.23      1.00
                rw[16]     -1.34      2.92     -1.95     -5.50      3.25      6.27      1.00
                rw[17]     -1.58      2.88     -2.11     -5.70      3.03      6.38      1.00
                rw[18]     -1.96      2.87     -2.39     -6.18      2.48      6.35      1.00
                rw[19]     -2.31      2.82     -2.62     -6.53      2.08      6.37      1.00
                rw[20]     -2.67      2.75     -2.99     -6.41      2.08      6.47      1.00
                rw[21]     -3.08      2.70     -3.43     -7.38      1.14      6.37      1.00
                rw[22]     -3.47      2.71     -3.82     -7.82      0.67      6.33      1.00
                rw[23]     -3.81      2.69     -4.07     -7.75      0.62      6.21      1.00
                rw[24]     -4.07      2.69     -4.36     -8.02      0.24      6.28      1.00
                rw[25]     -4.33      2.70     -4.71     -8.22      0.02      6.23      1.00
                rw[26]     -4.52      2.70     -4.92     -8.43      0.00      6.32      1.00
                rw[27]     -4.57      2.68     -4.87     -8.68     -0.42      6.16      1.00
                rw[28]     -4.61      2.67     -4.94     -8.69     -0.40      6.23      1.00
                rw[29]     -4.62      2.69     -5.04     -8.49     -0.31      6.29      1.00
                rw[30]     -4.61      2.70     -4.95     -8.33     -0.19      6.36      1.00
                rw[31]     -4.57      2.73     -5.03     -8.84     -0.49      6.32      1.00
                rw[32]     -4.53      2.68     -5.03     -8.09      0.04      6.31      1.00
                rw[33]     -4.49      2.69     -4.97     -8.31     -0.10      6.33      1.00
                rw[34]     -4.51      2.73     -4.96     -8.68     -0.51      6.42      1.00
                rw[35]     -4.43      2.75     -4.89     -8.29      0.13      6.35      1.00
                rw[36]     -4.39      2.74     -4.73     -8.17      0.03      6.26      1.00
                rw[37]     -4.38      2.75     -4.73     -8.32      0.00      6.32      1.00
                rw[38]     -4.43      2.78     -4.71     -8.35      0.20      6.39      1.00
                rw[39]     -4.51      2.78     -4.88     -8.50      0.06      6.29      1.00
                rw[40]     -4.56      2.81     -4.93     -8.26      0.60      6.33      1.00
                rw[41]     -4.69      2.78     -5.04     -8.86     -0.28      6.33      1.00
                rw[42]     -4.90      2.75     -5.23     -9.24     -0.60      6.41      1.00
                rw[43]     -5.17      2.76     -5.41     -9.16     -0.51      6.51      1.00
                rw[44]     -5.46      2.77     -5.78     -9.53     -0.82      6.37      1.00
                rw[45]     -5.77      2.76     -6.13     -9.84     -1.17      6.38      1.00
                rw[46]     -6.06      2.76     -6.41    -10.38     -1.91      6.21      1.00
                rw[47]     -6.31      2.74     -6.54    -10.15     -1.80      6.39      1.00
                rw[48]     -6.57      2.78     -6.85    -10.78     -2.23      6.33      1.00
                rw[49]     -6.70      2.79     -7.07    -10.77     -2.17      6.48      1.00
                rw[50]     -6.87      2.73     -7.27    -10.63     -2.19      6.57      1.00
                rw[51]     -7.07      2.79     -7.50    -11.03     -2.38      6.64      1.00
                rw[52]     -7.15      2.78     -7.55    -11.21     -2.81      6.71      1.00
                rw[53]     -7.13      2.75     -7.57    -11.22     -2.86      6.80      1.00
                rw[54]     -7.18      2.75     -7.70    -11.03     -2.63      6.71      1.00
                rw[55]     -7.19      2.75     -7.67    -11.18     -2.67      6.59      1.00
                rw[56]     -7.20      2.79     -7.60    -11.05     -2.50      6.64      1.00
                rw[57]     -7.23      2.77     -7.62    -11.06     -2.49      6.51      1.00
                rw[58]     -7.24      2.74     -7.71    -11.24     -2.71      6.52      1.00
                rw[59]     -7.23      2.80     -7.64    -11.31     -2.67      6.62      1.00
                rw[60]     -7.22      2.77     -7.59    -11.16     -2.55      6.55      1.00
                rw[61]     -7.21      2.77     -7.61    -11.21     -2.74      6.41      1.00
                rw[62]     -7.22      2.71     -7.54    -10.88     -2.65      6.33      1.00
                rw[63]     -7.22      2.77     -7.49    -11.23     -2.69      6.34      1.00
                rw[64]     -7.22      2.77     -7.45    -11.04     -2.48      6.53      1.00
                rw[65]     -7.16      2.77     -7.45    -11.19     -2.48      6.41      1.00
                rw[66]     -7.06      2.77     -7.29    -11.70     -3.02      6.31      1.00
                rw[67]     -6.94      2.77     -7.31    -11.03     -2.49      6.26      1.00
                rw[68]     -6.84      2.81     -7.11    -11.31     -2.52      6.24      1.00
                rw[69]     -6.67      2.80     -6.90    -11.02     -2.47      6.09      1.00
                rw[70]     -6.56      2.84     -6.68    -10.78     -1.90      6.03      1.00
                rw[71]     -6.51      2.82     -6.84    -11.13     -2.36      6.08      1.00
                rw[72]     -6.50      2.85     -6.74    -10.52     -1.75      5.98      1.00
                rw[73]     -6.49      2.91     -6.69    -10.62     -1.71      5.91      1.00
                rw[74]     -6.57      2.91     -6.88    -10.62     -1.64      6.18      1.00
                rw[75]     -6.73      2.90     -6.96    -11.28     -2.20      6.38      1.00
                rw[76]     -6.88      2.95     -7.21    -11.18     -1.91      6.43      1.00
                rw[77]     -7.05      2.98     -7.34    -11.77     -2.29      6.58      1.00
                rw[78]     -7.32      2.92     -7.51    -11.99     -2.67      6.72      1.00
                rw[79]     -7.61      2.98     -7.82    -11.85     -2.66      6.72      1.00
                rw[80]     -7.94      2.98     -8.26    -12.47     -3.12      6.57      1.00
                rw[81]     -8.31      2.97     -8.66    -12.50     -3.12      6.63      1.01
                rw[82]     -8.65      3.00     -8.92    -12.97     -3.67      6.76      1.01
                rw[83]     -8.88      3.03     -9.25    -13.22     -3.62      6.82      1.01
                rw[84]     -9.13      2.98     -9.51    -13.87     -4.54      6.83      1.01
                rw[85]     -9.40      2.99     -9.72    -13.48     -4.06      6.92      1.01
                rw[86]     -9.60      3.01     -9.82    -13.74     -4.28      7.06      1.01
                rw[87]     -9.81      2.99    -10.05    -14.07     -4.59      7.13      1.01
                rw[88]     -9.93      2.95    -10.39    -14.06     -4.76      7.16      1.01
                rw[89]    -10.07      2.91    -10.41    -14.53     -5.38      7.36      1.01
                rw[90]    -10.15      2.87    -10.51    -14.58     -5.70      7.48      1.01
                rw[91]    -10.16      2.83    -10.64    -14.15     -5.37      7.36      1.00
                rw[92]    -10.20      2.80    -10.54    -14.52     -5.87      7.30      1.00
                rw[93]    -10.16      2.78    -10.58    -14.47     -5.73      7.33      1.00
                rw[94]    -10.15      2.82    -10.56    -14.35     -5.45      7.18      1.00
                rw[95]    -10.07      2.81    -10.37    -14.10     -5.30      7.33      1.00
                rw[96]     -9.90      2.79    -10.23    -14.04     -5.28      7.01      1.00
                rw[97]     -9.70      2.77    -10.13    -13.77     -5.21      6.87      1.00
                rw[98]     -9.52      2.73     -9.89    -13.66     -5.16      6.55      1.00
                rw[99]     -9.32      2.77     -9.75    -13.46     -5.10      6.49      1.00
               rw[100]     -9.09      2.76     -9.46    -13.27     -4.80      6.32      1.00
               rw[101]     -8.85      2.76     -9.17    -12.97     -4.69      6.28      1.00
               rw[102]     -8.55      2.79     -8.85    -12.64     -4.06      6.53      1.00
               rw[103]     -8.22      2.73     -8.50    -12.33     -3.75      6.60      1.00
               rw[104]     -7.93      2.73     -8.22    -11.85     -3.15      6.51      1.00
               rw[105]     -7.64      2.72     -8.03    -11.65     -3.18      6.63      1.00
               rw[106]     -7.48      2.69     -7.73    -11.43     -3.06      6.63      1.00
               rw[107]     -7.33      2.68     -7.49    -11.46     -3.14      6.67      1.00
               rw[108]     -7.14      2.70     -7.33    -11.22     -2.91      6.65      1.00
               rw[109]     -7.00      2.75     -7.23    -11.06     -2.34      6.63      1.00
               rw[110]     -6.85      2.79     -7.15    -10.85     -2.12      6.73      1.00
               rw[111]     -6.75      2.77     -7.02    -10.93     -2.30      6.67      1.00
               rw[112]     -6.65      2.78     -6.91    -10.78     -2.12      6.64      1.00
               rw[113]     -6.58      2.81     -6.97    -10.45     -1.78      6.64      1.00
               rw[114]     -6.56      2.84     -6.93    -11.06     -2.12      6.57      1.00
               rw[115]     -6.59      2.80     -7.00    -10.96     -2.38      6.53      1.00
               rw[116]     -6.56      2.78     -6.96    -10.50     -2.04      6.63      1.00
               rw[117]     -6.48      2.78     -6.80    -10.84     -2.39      6.65      1.00
               rw[118]     -6.41      2.75     -6.78    -10.61     -2.07      6.55      1.00
               rw[119]     -6.31      2.73     -6.69    -10.19     -1.89      6.68      1.00
               rw[120]     -6.16      2.71     -6.53    -10.38     -2.12      6.57      1.00
               rw[121]     -5.93      2.75     -6.32    -10.13     -1.60      6.36      1.00
               rw[122]     -5.76      2.68     -6.14     -9.97     -1.69      6.33      1.00
               rw[123]     -5.64      2.71     -6.04     -9.56     -1.24      6.32      1.00
               rw[124]     -5.56      2.71     -5.93     -9.44     -1.09      6.33      1.00
               rw[125]     -5.55      2.70     -5.93     -9.62     -1.28      6.45      1.00
               rw[126]     -5.66      2.72     -6.14     -9.54     -1.14      6.38      1.00
               rw[127]     -5.74      2.70     -6.10     -9.58     -1.39      6.14      1.00
               rw[128]     -5.88      2.67     -6.23     -9.74     -1.58      6.26      1.00
               rw[129]     -6.05      2.69     -6.48    -10.20     -1.87      6.21      1.00
               rw[130]     -6.13      2.68     -6.59     -9.85     -1.67      6.27      1.00
               rw[131]     -6.17      2.67     -6.54     -9.97     -1.81      6.26      1.00
               rw[132]     -6.20      2.70     -6.56    -10.30     -1.76      6.32      1.00
               rw[133]     -6.15      2.72     -6.56    -10.25     -1.93      6.36      1.00
               rw[134]     -6.09      2.69     -6.42    -10.09     -1.84      6.53      1.00
               rw[135]     -6.08      2.73     -6.51     -9.84     -1.40      6.60      1.00
               rw[136]     -6.00      2.70     -6.43     -9.97     -1.70      6.49      1.00
               rw[137]     -5.95      2.70     -6.29     -9.84     -1.55      6.49      1.00
               rw[138]     -5.91      2.76     -6.38     -9.91     -1.39      6.33      1.00
               rw[139]     -5.82      2.75     -6.26     -9.82     -1.48      6.37      1.00
               rw[140]     -5.79      2.70     -6.15     -9.59     -1.32      6.38      1.00
               rw[141]     -5.80      2.71     -6.18     -9.58     -1.26      6.29      1.00
               rw[142]     -5.84      2.67     -6.31     -9.54     -1.46      6.29      1.00
               rw[143]     -5.88      2.66     -6.18     -9.76     -1.75      6.25      1.00
               rw[144]     -5.87      2.73     -6.18     -9.94     -1.57      6.24      1.00
               rw[145]     -5.89      2.76     -6.17    -10.15     -1.59      6.38      1.00
               rw[146]     -5.91      2.75     -6.28     -9.72     -1.24      6.43      1.00
               rw[147]     -5.95      2.74     -6.26    -10.20     -1.76      6.49      1.00
               rw[148]     -5.99      2.76     -6.35    -10.04     -1.70      6.39      1.00
               rw[149]     -6.03      2.76     -6.37    -10.27     -1.71      6.34      1.00
               rw[150]     -6.07      2.77     -6.51    -10.11     -1.66      6.47      1.00
               rw[151]     -6.19      2.73     -6.47    -10.37     -1.92      6.45      1.00
               rw[152]     -6.27      2.78     -6.68    -10.32     -1.79      6.29      1.00
               rw[153]     -6.37      2.77     -6.76    -10.57     -2.04      6.38      1.00
               rw[154]     -6.54      2.79     -6.90    -10.89     -2.16      6.39      1.00
               rw[155]     -6.67      2.80     -7.14    -10.84     -2.20      6.38      1.00
               rw[156]     -6.80      2.82     -7.16    -11.31     -2.42      6.34      1.00
               rw[157]     -6.94      2.82     -7.27    -11.33     -2.66      6.43      1.00
               rw[158]     -7.06      2.80     -7.30    -11.27     -2.69      6.45      1.00
               rw[159]     -7.10      2.81     -7.44    -11.35     -2.78      6.41      1.00
               rw[160]     -7.08      2.81     -7.42    -11.13     -2.37      6.48      1.00
               rw[161]     -7.12      2.82     -7.49    -11.69     -2.89      6.51      1.00
               rw[162]     -7.16      2.85     -7.51    -11.47     -2.55      6.68      1.00
               rw[163]     -7.20      2.81     -7.46    -11.22     -2.55      6.66      1.00
               rw[164]     -7.23      2.79     -7.55    -11.22     -2.57      6.65      1.00
               rw[165]     -7.23      2.76     -7.60    -10.95     -2.33      6.63      1.00
               rw[166]     -7.17      2.73     -7.50    -10.95     -2.57      6.59      1.00
               rw[167]     -7.08      2.72     -7.41    -11.28     -2.72      6.63      1.00
               rw[168]     -7.01      2.69     -7.39    -10.81     -2.39      6.65      1.00
               rw[169]     -6.89      2.69     -7.30    -10.47     -2.20      6.38      1.00
               rw[170]     -6.79      2.70     -7.18    -10.83     -2.59      6.55      1.00
               rw[171]     -6.72      2.69     -7.03    -10.54     -2.31      6.46      1.00
               rw[172]     -6.64      2.74     -6.96    -10.68     -2.04      6.42      1.00
               rw[173]     -6.44      2.74     -6.78    -10.30     -1.71      6.34      1.00
               rw[174]     -6.32      2.78     -6.69    -10.31     -1.73      6.39      1.00
               rw[175]     -6.28      2.78     -6.62    -10.26     -1.78      6.39      1.00
               rw[176]     -6.20      2.77     -6.58    -10.16     -1.87      6.29      1.00
               rw[177]     -6.32      2.81     -6.78    -10.37     -1.86      6.48      1.00
               rw[178]     -6.42      2.82     -6.90    -10.40     -1.61      6.50      1.00
               rw[179]     -6.50      2.85     -6.86    -10.44     -1.66      6.50      1.00
               rw[180]     -6.57      2.82     -6.97    -10.90     -2.05      6.52      1.00
               rw[181]     -6.68      2.83     -6.92    -10.96     -2.08      6.63      1.00
               rw[182]     -6.79      2.83     -7.10    -10.84     -2.26      6.71      1.00
               rw[183]     -6.90      2.80     -7.19    -11.26     -2.58      6.59      1.00
               rw[184]     -7.08      2.78     -7.40    -11.24     -2.61      6.55      1.00
               rw[185]     -7.22      2.79     -7.63    -11.30     -2.57      6.45      1.00
               rw[186]     -7.25      2.76     -7.50    -11.27     -2.71      6.36      1.00
               rw[187]     -7.21      2.72     -7.52    -11.48     -3.10      6.35      1.00
               rw[188]     -7.12      2.72     -7.38    -10.89     -2.49      6.30      1.00
               rw[189]     -6.91      2.72     -7.16    -11.15     -2.67      6.38      1.00
               rw[190]     -6.68      2.71     -6.95    -10.50     -2.10      6.54      1.00
               rw[191]     -6.51      2.69     -6.93    -10.44     -2.09      6.51      1.00
               rw[192]     -6.32      2.70     -6.68    -10.23     -2.00      6.47      1.00
               rw[193]     -6.15      2.68     -6.56    -10.05     -1.84      6.41      1.00
               rw[194]     -5.92      2.68     -6.32     -9.64     -1.51      6.52      1.00
               rw[195]     -5.68      2.65     -6.20     -9.41     -1.49      6.46      1.00
               rw[196]     -5.54      2.67     -6.01     -9.34     -1.38      6.15      1.00
               rw[197]     -5.45      2.73     -5.85     -9.31     -0.99      6.22      1.00
               rw[198]     -5.41      2.69     -5.85     -9.18     -0.88      6.24      1.00
               rw[199]     -5.43      2.73     -5.80     -9.27     -1.14      6.10      1.00
               rw[200]     -5.41      2.74     -5.93     -9.49     -1.20      6.13      1.00
               rw[201]     -5.34      2.72     -5.73     -9.27     -1.06      6.10      1.00
               rw[202]     -5.35      2.73     -5.82     -9.38     -1.06      6.11      1.00
               rw[203]     -5.44      2.68     -5.75     -9.30     -1.05      6.24      1.00
               rw[204]     -5.52      2.68     -5.98     -9.40     -1.21      6.46      1.00
               rw[205]     -5.66      2.68     -6.07     -9.65     -1.41      6.38      1.00
               rw[206]     -5.84      2.70     -6.19     -9.86     -1.47      6.63      1.00
               rw[207]     -5.96      2.71     -6.23    -10.21     -1.76      6.62      1.00
               rw[208]     -6.04      2.73     -6.46    -10.36     -1.96      6.30      1.00
               rw[209]     -6.06      2.70     -6.39    -10.01     -1.55      6.40      1.00
               rw[210]     -6.06      2.77     -6.48    -10.09     -1.56      6.46      1.00
               rw[211]     -5.97      2.77     -6.27    -10.21     -1.65      6.51      1.00
               rw[212]     -5.89      2.78     -6.17    -10.32     -1.59      6.48      1.00
               rw[213]     -5.82      2.81     -6.14    -10.22     -1.51      6.43      1.00
               rw[214]     -5.68      2.80     -6.06    -10.19     -1.50      6.45      1.00
               rw[215]     -5.59      2.78     -5.95     -9.51     -1.13      6.44      1.00
               rw[216]     -5.49      2.81     -5.77     -9.66     -1.15      6.21      1.00
               rw[217]     -5.44      2.78     -5.85     -9.32     -0.80      6.09      1.00
               rw[218]     -5.43      2.81     -5.82     -9.40     -0.69      6.17      1.00
               rw[219]     -5.47      2.82     -5.77     -9.80     -1.06      6.43      1.00
               rw[220]     -5.60      2.83     -5.94     -9.72     -1.03      6.39      1.00
               rw[221]     -5.63      2.82     -5.95    -10.04     -1.39      6.50      1.00
               rw[222]     -5.65      2.85     -5.98     -9.98     -1.17      6.57      1.00
               rw[223]     -5.65      2.89     -5.99     -9.86     -0.74      6.84      1.00
               rw[224]     -5.64      2.94     -5.86    -10.15     -0.86      7.16      1.00
               rw[225]     -5.62      3.05     -5.90    -10.29     -0.79      7.73      1.00
               rw[226]     -5.58      3.19     -5.80    -10.17     -0.13      8.47      1.00
               rw[227]     -5.57      3.34     -5.72    -10.94     -0.33      9.19      1.00
                 sigma      0.22      0.02      0.22      0.19      0.26    326.11      1.00

Number of divergences: 0
