
                            mean       std    median      5.0%     95.0%     n_eff     r_hat
                    D0      0.90      1.56      0.49      0.00      1.93   1165.83      1.00
                    E0      7.79     10.07      4.23      0.01     19.84    411.80      1.00
                    H0      2.46      1.28      2.26      0.46      4.48   1103.41      1.00
                    I0     11.59     25.27      4.14      0.01     27.36    253.56      1.00
                 beta0      0.43      0.35      0.31      0.03      0.89     34.56      1.02
  confirmed_dispersion      0.52      0.13      0.51      0.29      0.72   1059.50      1.00
      death_dispersion      0.34      0.12      0.34      0.14      0.53    627.30      1.00
            death_prob      0.00      0.00      0.00      0.00      0.01    379.66      1.00
            death_rate      0.04      0.01      0.04      0.02      0.05   1515.63      1.00
           det_prob[0]      0.27      0.07      0.27      0.16      0.39    277.56      1.01
           det_prob[1]      0.27      0.08      0.26      0.14      0.41    223.36      1.01
           det_prob[2]      0.27      0.09      0.26      0.13      0.43    198.28      1.01
           det_prob[3]      0.27      0.10      0.25      0.11      0.44    171.88      1.01
           det_prob[4]      0.27      0.11      0.25      0.09      0.43    156.74      1.01
           det_prob[5]      0.27      0.11      0.25      0.09      0.44    153.07      1.01
           det_prob[6]      0.27      0.12      0.25      0.10      0.45    150.02      1.01
           det_prob[7]      0.27      0.12      0.25      0.07      0.44    135.73      1.01
           det_prob[8]      0.27      0.13      0.25      0.07      0.46    125.53      1.01
           det_prob[9]      0.27      0.13      0.26      0.06      0.46    114.26      1.01
          det_prob[10]      0.28      0.14      0.26      0.06      0.47    107.08      1.01
          det_prob[11]      0.28      0.14      0.26      0.06      0.49    101.95      1.01
          det_prob[12]      0.29      0.15      0.26      0.06      0.51     97.99      1.01
          det_prob[13]      0.29      0.15      0.27      0.06      0.54     93.90      1.01
          det_prob[14]      0.30      0.16      0.28      0.04      0.52     93.09      1.01
          det_prob[15]      0.30      0.16      0.28      0.05      0.54     87.97      1.00
          det_prob[16]      0.31      0.17      0.29      0.05      0.56     85.72      1.01
          det_prob[17]      0.32      0.17      0.30      0.05      0.58     81.49      1.01
          det_prob[18]      0.33      0.18      0.31      0.06      0.61     77.49      1.01
          det_prob[19]      0.33      0.18      0.30      0.05      0.59     76.54      1.01
          det_prob[20]      0.34      0.18      0.31      0.06      0.62     76.17      1.01
          det_prob[21]      0.35      0.19      0.32      0.06      0.65     73.86      1.01
          det_prob[22]      0.36      0.19      0.34      0.04      0.63     69.40      1.00
          det_prob[23]      0.37      0.19      0.35      0.04      0.62     65.98      1.00
          det_prob[24]      0.38      0.19      0.36      0.05      0.66     64.61      1.01
          det_prob[25]      0.40      0.20      0.38      0.08      0.69     62.67      1.00
          det_prob[26]      0.41      0.20      0.40      0.08      0.71     60.27      1.00
          det_prob[27]      0.42      0.20      0.41      0.13      0.76     57.73      1.00
          det_prob[28]      0.43      0.20      0.41      0.08      0.72     56.93      1.00
          det_prob[29]      0.43      0.21      0.42      0.08      0.73     54.44      1.00
          det_prob[30]      0.43      0.21      0.41      0.09      0.74     54.72      1.00
          det_prob[31]      0.43      0.21      0.41      0.09      0.75     53.03      1.00
          det_prob[32]      0.44      0.21      0.42      0.08      0.77     50.83      1.00
          det_prob[33]      0.44      0.22      0.42      0.09      0.78     50.54      1.00
          det_prob[34]      0.44      0.22      0.42      0.06      0.76     50.49      1.00
          det_prob[35]      0.44      0.22      0.42      0.09      0.80     50.27      1.00
          det_prob[36]      0.44      0.22      0.43      0.07      0.78     49.39      1.00
          det_prob[37]      0.44      0.23      0.44      0.07      0.79     48.31      1.00
          det_prob[38]      0.45      0.23      0.44      0.11      0.84     47.97      1.00
          det_prob[39]      0.45      0.23      0.44      0.07      0.80     46.95      1.00
          det_prob[40]      0.45      0.24      0.43      0.07      0.81     45.87      1.00
          det_prob[41]      0.46      0.24      0.44      0.06      0.80     45.50      1.00
          det_prob[42]      0.46      0.24      0.44      0.08      0.82     45.55      1.00
          det_prob[43]      0.46      0.24      0.43      0.08      0.83     44.19      1.00
          det_prob[44]      0.46      0.24      0.44      0.06      0.82     44.69      1.00
          det_prob[45]      0.46      0.24      0.43      0.07      0.83     44.07      1.00
          det_prob[46]      0.46      0.25      0.43      0.06      0.83     44.24      1.00
          det_prob[47]      0.46      0.25      0.44      0.08      0.85     43.48      1.00
          det_prob[48]      0.46      0.25      0.45      0.07      0.85     43.77      1.00
          det_prob[49]      0.46      0.25      0.44      0.07      0.85     43.01      1.00
          det_prob[50]      0.46      0.25      0.43      0.07      0.84     42.74      1.00
          det_prob[51]      0.46      0.25      0.44      0.06      0.84     42.44      1.00
          det_prob[52]      0.46      0.25      0.44      0.08      0.86     42.37      1.00
          det_prob[53]      0.47      0.25      0.44      0.07      0.85     42.62      1.00
          det_prob[54]      0.47      0.25      0.44      0.10      0.89     42.60      1.00
          det_prob[55]      0.48      0.26      0.45      0.09      0.89     42.10      1.00
          det_prob[56]      0.48      0.26      0.46      0.11      0.90     42.32      1.00
          det_prob[57]      0.49      0.26      0.47      0.10      0.90     41.12      1.00
          det_prob[58]      0.49      0.26      0.49      0.11      0.90     40.44      1.00
          det_prob[59]      0.50      0.26      0.49      0.10      0.90     40.48      1.00
          det_prob[60]      0.50      0.25      0.50      0.10      0.90     40.27      1.00
          det_prob[61]      0.51      0.26      0.51      0.14      0.94     39.30      1.00
          det_prob[62]      0.52      0.25      0.52      0.12      0.92     38.90      1.00
          det_prob[63]      0.52      0.25      0.54      0.14      0.94     39.13      1.00
          det_prob[64]      0.53      0.25      0.54      0.15      0.94     38.86      1.00
          det_prob[65]      0.53      0.25      0.55      0.14      0.93     39.42      1.00
          det_prob[66]      0.54      0.25      0.55      0.17      0.96     39.59      1.00
          det_prob[67]      0.54      0.25      0.56      0.14      0.93     38.19      1.00
          det_prob[68]      0.54      0.25      0.55      0.16      0.95     38.31      1.00
          det_prob[69]      0.55      0.25      0.57      0.15      0.95     38.09      1.00
          det_prob[70]      0.55      0.26      0.57      0.18      0.98     38.31      1.00
          det_prob[71]      0.55      0.26      0.57      0.18      0.97     38.73      1.00
          det_prob[72]      0.56      0.26      0.58      0.19      0.99     38.16      1.00
          det_prob[73]      0.56      0.26      0.58      0.18      0.98     37.38      1.00
          det_prob[74]      0.56      0.26      0.58      0.17      0.97     37.13      1.00
          det_prob[75]      0.56      0.26      0.58      0.18      0.99     36.65      1.00
          det_prob[76]      0.56      0.26      0.58      0.17      0.98     36.62      1.00
          det_prob[77]      0.56      0.26      0.58      0.18      0.99     36.67      1.00
          det_prob[78]      0.56      0.27      0.59      0.18      0.99     36.37      1.00
          det_prob[79]      0.57      0.27      0.59      0.18      0.98     36.89      1.00
          det_prob[80]      0.57      0.27      0.60      0.18      0.99     36.25      1.00
          det_prob[81]      0.57      0.27      0.60      0.18      0.99     37.33      1.00
          det_prob[82]      0.57      0.27      0.61      0.19      0.99     37.37      1.00
          det_prob[83]      0.58      0.27      0.61      0.19      0.99     37.41      1.00
          det_prob[84]      0.58      0.27      0.61      0.20      0.99     37.12      1.00
          det_prob[85]      0.59      0.27      0.62      0.20      1.00     37.18      1.00
          det_prob[86]      0.59      0.27      0.62      0.20      0.99     36.60      1.00
          det_prob[87]      0.59      0.27      0.63      0.21      0.99     36.45      1.00
          det_prob[88]      0.60      0.26      0.63      0.20      0.98     36.62      1.00
          det_prob[89]      0.60      0.26      0.64      0.22      0.99     36.20      1.00
          det_prob[90]      0.61      0.26      0.64      0.22      0.99     36.21      1.00
          det_prob[91]      0.61      0.26      0.64      0.23      1.00     35.15      1.00
          det_prob[92]      0.61      0.26      0.66      0.22      0.99     34.35      1.00
          det_prob[93]      0.61      0.26      0.65      0.22      0.99     34.12      1.00
          det_prob[94]      0.62      0.26      0.65      0.23      1.00     34.29      1.00
          det_prob[95]      0.62      0.26      0.66      0.23      1.00     34.29      1.00
          det_prob[96]      0.62      0.27      0.65      0.21      1.00     34.71      1.00
          det_prob[97]      0.61      0.27      0.65      0.20      1.00     34.50      1.00
          det_prob[98]      0.61      0.27      0.65      0.20      1.00     35.04      1.00
          det_prob[99]      0.61      0.27      0.66      0.20      1.00     34.97      1.00
         det_prob[100]      0.61      0.28      0.66      0.19      0.99     35.25      1.00
         det_prob[101]      0.61      0.28      0.66      0.20      1.00     34.98      1.00
         det_prob[102]      0.61      0.28      0.66      0.19      0.99     34.96      1.00
         det_prob[103]      0.61      0.28      0.65      0.18      1.00     34.79      1.00
         det_prob[104]      0.61      0.28      0.66      0.19      1.00     33.99      1.00
         det_prob[105]      0.61      0.28      0.66      0.19      1.00     34.48      1.00
         det_prob[106]      0.61      0.28      0.65      0.19      1.00     33.57      1.00
         det_prob[107]      0.61      0.28      0.66      0.19      1.00     33.21      1.00
         det_prob[108]      0.61      0.28      0.66      0.18      1.00     32.86      1.00
         det_prob[109]      0.61      0.29      0.66      0.18      1.00     32.15      1.00
         det_prob[110]      0.62      0.29      0.67      0.18      1.00     32.19      1.00
         det_prob[111]      0.62      0.29      0.67      0.18      1.00     31.79      1.00
         det_prob[112]      0.62      0.28      0.67      0.18      1.00     31.73      1.00
         det_prob[113]      0.62      0.29      0.67      0.18      1.00     31.68      1.00
         det_prob[114]      0.62      0.28      0.66      0.19      1.00     31.39      1.00
         det_prob[115]      0.63      0.28      0.67      0.19      1.00     31.22      1.00
         det_prob[116]      0.63      0.28      0.67      0.19      1.00     31.40      1.00
         det_prob[117]      0.63      0.28      0.68      0.20      1.00     30.97      1.00
         det_prob[118]      0.63      0.28      0.69      0.20      1.00     30.57      1.00
         det_prob[119]      0.64      0.28      0.70      0.20      1.00     30.26      1.00
         det_prob[120]      0.64      0.28      0.71      0.21      1.00     30.19      1.00
         det_prob[121]      0.64      0.28      0.71      0.22      1.00     29.84      1.00
         det_prob[122]      0.64      0.28      0.71      0.21      1.00     29.22      1.00
         det_prob[123]      0.64      0.28      0.71      0.22      1.00     29.23      1.00
         det_prob[124]      0.65      0.28      0.72      0.23      1.00     28.74      1.00
         det_prob[125]      0.65      0.28      0.72      0.24      1.00     28.24      1.00
         det_prob[126]      0.66      0.27      0.72      0.24      1.00     27.91      1.00
         det_prob[127]      0.66      0.27      0.73      0.25      1.00     27.81      1.00
         det_prob[128]      0.67      0.27      0.74      0.25      1.00     27.51      1.00
         det_prob[129]      0.67      0.27      0.74      0.25      1.00     27.88      1.00
         det_prob[130]      0.67      0.27      0.73      0.26      1.00     27.85      1.00
         det_prob[131]      0.67      0.27      0.74      0.27      1.00     28.19      1.00
         det_prob[132]      0.68      0.27      0.74      0.27      1.00     28.07      1.00
         det_prob[133]      0.68      0.27      0.75      0.26      1.00     27.32      1.00
         det_prob[134]      0.68      0.27      0.75      0.26      1.00     27.28      1.00
         det_prob[135]      0.68      0.27      0.76      0.27      1.00     27.15      1.00
         det_prob[136]      0.68      0.27      0.76      0.25      1.00     26.74      1.00
         det_prob[137]      0.68      0.27      0.75      0.25      1.00     26.75      1.00
         det_prob[138]      0.68      0.27      0.75      0.25      1.00     26.63      1.00
         det_prob[139]      0.68      0.27      0.76      0.26      1.00     25.88      1.00
         det_prob[140]      0.68      0.27      0.76      0.27      1.00     26.34      1.00
         det_prob[141]      0.69      0.27      0.76      0.27      1.00     26.52      1.00
         det_prob[142]      0.69      0.27      0.77      0.27      1.00     26.60      1.00
         det_prob[143]      0.69      0.27      0.77      0.26      1.00     26.32      1.00
         det_prob[144]      0.69      0.27      0.77      0.27      1.00     26.38      1.00
         det_prob[145]      0.69      0.27      0.78      0.28      1.00     26.30      1.00
         det_prob[146]      0.69      0.27      0.78      0.28      1.00     26.30      1.00
         det_prob[147]      0.70      0.27      0.78      0.28      1.00     26.44      1.00
         det_prob[148]      0.70      0.27      0.79      0.29      1.00     26.77      1.00
         det_prob[149]      0.70      0.26      0.79      0.30      1.00     26.73      1.00
         det_prob[150]      0.70      0.26      0.79      0.30      1.00     26.89      1.00
         det_prob[151]      0.70      0.26      0.80      0.29      1.00     27.02      1.00
         det_prob[152]      0.70      0.27      0.80      0.29      1.00     26.70      1.00
         det_prob[153]      0.70      0.27      0.80      0.28      1.00     26.66      1.00
         det_prob[154]      0.71      0.27      0.79      0.28      1.00     26.60      1.00
         det_prob[155]      0.71      0.27      0.79      0.28      1.00     26.42      1.00
         det_prob[156]      0.71      0.27      0.79      0.27      1.00     26.81      1.00
         det_prob[157]      0.71      0.27      0.80      0.28      1.00     26.08      1.00
         det_prob[158]      0.71      0.27      0.80      0.28      1.00     26.02      1.00
         det_prob[159]      0.70      0.27      0.80      0.26      1.00     25.91      1.00
         det_prob[160]      0.70      0.27      0.79      0.27      1.00     25.92      1.00
         det_prob[161]      0.71      0.27      0.79      0.26      1.00     25.59      1.00
         det_prob[162]      0.71      0.27      0.80      0.27      1.00     25.86      1.00
         det_prob[163]      0.71      0.27      0.81      0.26      1.00     26.17      1.00
         det_prob[164]      0.71      0.27      0.81      0.26      1.00     26.46      1.00
         det_prob[165]      0.71      0.27      0.81      0.26      1.00     26.81      1.00
         det_prob[166]      0.71      0.27      0.80      0.26      1.00     26.56      1.00
         det_prob[167]      0.71      0.28      0.80      0.25      1.00     26.66      1.00
         det_prob[168]      0.70      0.28      0.80      0.24      1.00     26.39      1.00
         det_prob[169]      0.70      0.28      0.81      0.25      1.00     26.29      1.00
         det_prob[170]      0.70      0.28      0.81      0.25      1.00     25.98      1.00
         det_prob[171]      0.70      0.28      0.81      0.25      1.00     25.42      1.00
         det_prob[172]      0.70      0.28      0.81      0.24      1.00     25.79      1.00
         det_prob[173]      0.70      0.29      0.81      0.23      1.00     26.35      1.00
         det_prob[174]      0.70      0.29      0.81      0.24      1.00     27.39      1.00
         det_prob[175]      0.70      0.29      0.81      0.25      1.00     27.62      1.00
         det_prob[176]      0.70      0.29      0.82      0.24      1.00     27.41      1.00
         det_prob[177]      0.70      0.29      0.82      0.24      1.00     27.58      1.00
         det_prob[178]      0.71      0.28      0.82      0.24      1.00     27.87      1.00
         det_prob[179]      0.71      0.28      0.82      0.25      1.00     27.57      1.00
         det_prob[180]      0.71      0.28      0.82      0.25      1.00     28.16      1.00
         det_prob[181]      0.71      0.28      0.83      0.25      1.00     28.41      1.00
         det_prob[182]      0.71      0.28      0.83      0.24      1.00     28.39      1.00
         det_prob[183]      0.71      0.29      0.82      0.24      1.00     28.40      1.00
         det_prob[184]      0.71      0.29      0.83      0.24      1.00     28.41      1.00
         det_prob[185]      0.71      0.29      0.83      0.24      1.00     28.50      1.00
         det_prob[186]      0.71      0.29      0.84      0.24      1.00     29.04      1.00
         det_prob[187]      0.71      0.29      0.84      0.23      1.00     29.17      1.00
         det_prob[188]      0.71      0.29      0.83      0.23      1.00     29.74      1.00
         det_prob[189]      0.71      0.29      0.83      0.24      1.00     29.59      1.00
         det_prob[190]      0.71      0.29      0.84      0.24      1.00     29.75      1.00
         det_prob[191]      0.71      0.29      0.84      0.24      1.00     30.29      1.00
         det_prob[192]      0.71      0.29      0.84      0.24      1.00     30.47      1.00
         det_prob[193]      0.72      0.29      0.84      0.24      1.00     31.02      1.00
         det_prob[194]      0.72      0.29      0.85      0.23      1.00     31.34      1.00
         det_prob[195]      0.72      0.29      0.85      0.25      1.00     31.78      1.00
         det_prob[196]      0.72      0.29      0.85      0.25      1.00     31.89      1.00
         det_prob[197]      0.73      0.29      0.85      0.25      1.00     31.87      1.00
         det_prob[198]      0.73      0.28      0.86      0.25      1.00     32.79      1.00
         det_prob[199]      0.72      0.29      0.86      0.23      1.00     33.38      1.00
         det_prob[200]      0.72      0.29      0.86      0.23      1.00     33.64      1.00
         det_prob[201]      0.72      0.29      0.85      0.22      1.00     34.30      1.00
         det_prob[202]      0.72      0.29      0.85      0.23      1.00     34.59      1.00
         det_prob[203]      0.72      0.29      0.85      0.23      1.00     34.89      1.00
         det_prob[204]      0.71      0.30      0.85      0.23      1.00     35.30      1.00
         det_prob[205]      0.71      0.30      0.85      0.24      1.00     35.96      1.00
         det_prob[206]      0.71      0.30      0.86      0.23      1.00     36.57      1.00
         det_prob[207]      0.71      0.30      0.85      0.23      1.00     37.31      1.00
         det_prob[208]      0.71      0.30      0.85      0.23      1.00     37.08      1.00
         det_prob[209]      0.71      0.30      0.85      0.22      1.00     37.95      1.00
         det_prob[210]      0.72      0.30      0.85      0.22      1.00     38.88      1.00
         det_prob[211]      0.71      0.30      0.85      0.22      1.00     38.96      1.00
         det_prob[212]      0.71      0.30      0.85      0.22      1.00     39.31      1.00
         det_prob[213]      0.71      0.30      0.84      0.21      1.00     39.68      1.00
         det_prob[214]      0.71      0.30      0.85      0.23      1.00     40.55      1.00
         det_prob[215]      0.71      0.30      0.85      0.21      1.00     40.86      1.00
         det_prob[216]      0.71      0.30      0.85      0.20      1.00     41.19      1.00
         det_prob[217]      0.71      0.31      0.85      0.20      1.00     41.01      1.00
         det_prob[218]      0.71      0.31      0.85      0.20      1.00     41.16      1.00
         det_prob[219]      0.71      0.31      0.86      0.20      1.00     41.70      1.00
         det_prob[220]      0.71      0.31      0.86      0.20      1.00     41.62      1.00
         det_prob[221]      0.72      0.30      0.86      0.19      1.00     42.18      1.00
         det_prob[222]      0.72      0.30      0.87      0.21      1.00     41.18      1.00
         det_prob[223]      0.72      0.30      0.87      0.21      1.00     41.59      1.00
         det_prob[224]      0.72      0.30      0.86      0.23      1.00     42.05      1.00
         det_prob[225]      0.72      0.30      0.87      0.23      1.00     42.93      1.00
         det_prob[226]      0.72      0.30      0.86      0.23      1.00     43.22      1.00
         det_prob[227]      0.72      0.30      0.87      0.22      1.00     43.52      1.00
             det_prob0      0.28      0.06      0.28      0.19      0.39    370.52      1.01
            det_prob_d      0.90      0.03      0.90      0.85      0.95   1335.29      1.00
                 gamma      0.49      0.05      0.49      0.42      0.58   1235.39      1.00
                 rw[0]     -0.10      0.96     -0.07     -1.71      1.40    280.34      1.00
                 rw[1]     -0.17      1.38     -0.20     -2.28      2.13    190.70      1.00
                 rw[2]     -0.12      1.71     -0.15     -2.92      2.63    120.78      1.00
                 rw[3]     -0.10      2.03     -0.06     -3.22      3.32     94.25      1.00
                 rw[4]     -0.03      2.32     -0.05     -3.87      3.77     78.76      1.01
                 rw[5]      0.02      2.52      0.00     -3.80      4.62     70.27      1.01
                 rw[6]      0.14      2.73      0.22     -4.48      4.52     66.73      1.01
                 rw[7]      0.24      2.88      0.35     -4.73      4.68     61.63      1.01
                 rw[8]      0.37      3.01      0.58     -4.38      5.36     59.43      1.01
                 rw[9]      0.50      3.18      0.70     -4.60      5.48     55.42      1.01
                rw[10]      0.64      3.32      0.78     -4.43      6.20     54.01      1.01
                rw[11]      0.89      3.49      1.11     -4.70      6.40     53.53      1.01
                rw[12]      1.05      3.60      1.35     -4.79      6.80     51.98      1.01
                rw[13]      1.25      3.75      1.46     -4.88      7.31     50.48      1.01
                rw[14]      1.47      3.82      1.72     -5.35      7.10     49.65      1.01
                rw[15]      1.64      3.86      1.86     -5.30      7.54     47.29      1.01
                rw[16]      1.85      3.99      2.07     -5.48      7.57     45.90      1.01
                rw[17]      2.01      4.05      2.35     -4.23      9.12     46.18      1.01
                rw[18]      2.15      4.10      2.32     -3.86      9.77     46.43      1.01
                rw[19]      2.27      4.18      2.41     -5.24      8.64     44.56      1.01
                rw[20]      2.42      4.21      2.56     -4.49      9.66     45.06      1.00
                rw[21]      2.49      4.27      2.61     -5.04      9.15     43.87      1.00
                rw[22]      2.55      4.32      2.77     -4.80      9.55     44.56      1.00
                rw[23]      2.60      4.42      2.82     -5.76      8.60     43.40      1.01
                rw[24]      2.54      4.43      2.78     -5.65      8.87     42.82      1.00
                rw[25]      2.49      4.42      2.69     -5.18      9.26     41.79      1.00
                rw[26]      2.34      4.44      2.57     -5.57      8.96     42.39      1.00
                rw[27]      2.16      4.49      2.34     -6.17      8.60     41.29      1.00
                rw[28]      1.87      4.49      1.96     -5.71      9.00     42.43      1.00
                rw[29]      1.60      4.51      1.65     -5.51      8.96     42.02      1.00
                rw[30]      1.38      4.48      1.42     -5.95      8.71     40.30      1.00
                rw[31]      1.24      4.42      1.41     -6.66      7.99     39.47      1.00
                rw[32]      1.08      4.43      1.18     -6.45      8.18     39.20      1.00
                rw[33]      0.93      4.40      0.89     -7.10      7.47     40.65      1.00
                rw[34]      0.71      4.40      0.82     -7.07      7.45     41.14      1.00
                rw[35]      0.62      4.41      0.59     -7.19      7.48     41.57      1.00
                rw[36]      0.47      4.38      0.60     -6.79      7.71     40.85      1.00
                rw[37]      0.43      4.38      0.47     -7.53      6.97     40.92      1.00
                rw[38]      0.37      4.35      0.31     -7.14      7.05     40.53      1.00
                rw[39]      0.29      4.36      0.25     -6.94      7.18     41.01      1.00
                rw[40]      0.27      4.29      0.40     -6.54      7.62     41.48      1.00
                rw[41]      0.27      4.31      0.42     -7.75      6.41     40.87      1.00
                rw[42]      0.26      4.27      0.37     -6.44      7.74     40.68      1.00
                rw[43]      0.33      4.23      0.41     -7.31      6.50     41.55      1.00
                rw[44]      0.35      4.25      0.39     -6.90      6.86     41.69      1.00
                rw[45]      0.36      4.22      0.48     -6.97      6.91     41.62      1.00
                rw[46]      0.42      4.20      0.55     -7.17      6.61     40.21      1.00
                rw[47]      0.46      4.14      0.39     -6.37      7.35     40.78      1.00
                rw[48]      0.53      4.13      0.59     -6.84      6.71     40.28      1.00
                rw[49]      0.60      4.17      0.58     -6.10      7.48     39.80      1.00
                rw[50]      0.74      4.17      0.72     -6.51      7.24     39.30      1.00
                rw[51]      0.99      4.18      1.03     -6.00      7.95     39.38      1.00
                rw[52]      1.13      4.23      1.23     -6.29      7.31     39.38      1.00
                rw[53]      1.27      4.26      1.30     -5.84      8.02     39.59      1.00
                rw[54]      1.45      4.28      1.46     -5.20      8.72     38.93      1.00
                rw[55]      1.61      4.36      1.71     -5.40      8.87     38.26      1.00
                rw[56]      1.80      4.34      1.93     -6.19      8.03     38.77      1.00
                rw[57]      1.91      4.34      2.00     -5.64      8.65     39.77      1.00
                rw[58]      2.08      4.36      2.06     -4.76      9.64     41.23      1.00
                rw[59]      2.15      4.34      2.31     -5.69      8.63     42.09      1.00
                rw[60]      2.24      4.37      2.35     -4.42      9.63     41.85      1.00
                rw[61]      2.29      4.34      2.38     -5.49      8.61     42.17      1.00
                rw[62]      2.31      4.34      2.55     -4.95      9.13     41.26      1.00
                rw[63]      2.30      4.33      2.50     -4.41      9.75     41.73      1.00
                rw[64]      2.33      4.35      2.54     -4.59      9.62     41.57      1.00
                rw[65]      2.28      4.38      2.52     -4.57      9.56     41.81      1.00
                rw[66]      2.23      4.38      2.41     -5.28      8.83     43.43      1.00
                rw[67]      2.08      4.34      2.15     -5.44      8.81     43.47      1.00
                rw[68]      2.01      4.32      2.19     -5.40      8.63     43.22      1.00
                rw[69]      1.91      4.29      2.03     -5.25      8.75     41.77      1.00
                rw[70]      1.81      4.34      1.95     -5.34      8.59     42.07      1.00
                rw[71]      1.72      4.32      1.86     -5.62      8.73     43.22      1.00
                rw[72]      1.68      4.31      1.94     -5.60      8.39     43.25      1.00
                rw[73]      1.61      4.33      1.75     -5.56      8.74     43.77      1.00
                rw[74]      1.58      4.33      1.84     -5.55      8.76     42.68      1.00
                rw[75]      1.59      4.31      1.69     -6.13      8.08     40.59      1.00
                rw[76]      1.62      4.27      1.66     -6.15      7.87     39.75      1.00
                rw[77]      1.64      4.27      1.67     -5.41      8.44     39.34      1.00
                rw[78]      1.61      4.28      1.67     -4.96      8.60     38.88      1.00
                rw[79]      1.59      4.34      1.73     -5.06      8.83     39.68      1.00
                rw[80]      1.59      4.31      1.73     -5.81      7.90     39.40      1.00
                rw[81]      1.62      4.31      1.84     -5.51      8.13     39.16      1.00
                rw[82]      1.66      4.35      1.83     -5.87      7.99     38.91      1.00
                rw[83]      1.62      4.36      1.53     -6.18      7.75     38.52      1.00
                rw[84]      1.63      4.36      1.69     -5.44      8.41     37.98      1.00
                rw[85]      1.67      4.33      1.64     -5.35      8.59     38.36      1.00
                rw[86]      1.67      4.30      1.59     -4.95      8.76     38.80      1.00
                rw[87]      1.62      4.33      1.71     -5.50      8.44     38.10      1.00
                rw[88]      1.59      4.36      1.61     -5.80      8.26     38.54      1.00
                rw[89]      1.50      4.42      1.53     -5.36      9.08     38.40      1.00
                rw[90]      1.38      4.38      1.47     -6.38      8.01     38.49      1.00
                rw[91]      1.27      4.35      1.36     -5.78      8.26     38.45      1.00
                rw[92]      1.09      4.28      1.08     -5.97      8.00     37.63      1.00
                rw[93]      0.89      4.24      0.90     -6.77      7.23     37.61      1.00
                rw[94]      0.77      4.26      0.64     -6.07      7.87     38.20      1.00
                rw[95]      0.64      4.29      0.73     -6.20      8.01     38.12      1.00
                rw[96]      0.54      4.30      0.63     -6.01      8.34     38.22      1.00
                rw[97]      0.44      4.32      0.53     -6.71      7.72     39.15      1.01
                rw[98]      0.37      4.28      0.56     -6.72      7.41     39.53      1.00
                rw[99]      0.36      4.23      0.48     -6.56      7.34     39.40      1.00
               rw[100]      0.29      4.24      0.49     -7.42      6.54     39.37      1.00
               rw[101]      0.26      4.27      0.56     -6.96      6.95     40.16      1.00
               rw[102]      0.30      4.24      0.48     -6.79      7.10     39.79      1.01
               rw[103]      0.38      4.24      0.51     -6.43      7.21     40.25      1.01
               rw[104]      0.50      4.23      0.62     -6.63      7.11     40.67      1.01
               rw[105]      0.56      4.28      0.63     -6.46      7.59     41.30      1.01
               rw[106]      0.69      4.28      0.70     -6.85      7.33     40.80      1.00
               rw[107]      0.81      4.24      0.89     -5.67      8.26     41.00      1.01
               rw[108]      0.98      4.19      1.10     -5.84      7.86     40.70      1.01
               rw[109]      1.16      4.14      1.44     -6.21      7.38     40.27      1.01
               rw[110]      1.35      4.12      1.55     -5.71      7.87     40.83      1.01
               rw[111]      1.53      4.12      1.80     -5.54      7.94     40.43      1.01
               rw[112]      1.70      4.16      1.82     -5.46      8.28     40.40      1.01
               rw[113]      1.92      4.12      2.08     -4.76      8.73     40.72      1.01
               rw[114]      2.10      4.16      2.25     -4.61      9.10     40.92      1.01
               rw[115]      2.30      4.18      2.43     -3.89      9.66     41.05      1.01
               rw[116]      2.50      4.19      2.64     -3.61      9.70     41.07      1.00
               rw[117]      2.67      4.15      2.78     -3.84      9.61     39.76      1.00
               rw[118]      2.72      4.13      2.79     -4.03      9.47     40.43      1.00
               rw[119]      2.83      4.16      2.88     -4.23      9.85     39.06      1.00
               rw[120]      3.01      4.17      3.10     -3.74     10.13     37.97      1.00
               rw[121]      3.13      4.18      3.21     -3.73     10.14     37.84      1.00
               rw[122]      3.27      4.17      3.27     -3.14     10.50     38.50      1.00
               rw[123]      3.38      4.18      3.49     -3.44     10.28     38.41      1.00
               rw[124]      3.44      4.17      3.36     -3.62      9.95     39.00      1.00
               rw[125]      3.49      4.17      3.58     -3.32     10.42     38.91      1.00
               rw[126]      3.48      4.13      3.56     -4.29      9.29     39.40      1.00
               rw[127]      3.45      4.14      3.52     -3.62      9.83     38.83      1.00
               rw[128]      3.46      4.19      3.51     -3.91      9.81     38.05      1.00
               rw[129]      3.37      4.21      3.44     -3.30     10.86     39.19      1.00
               rw[130]      3.29      4.27      3.31     -3.14     10.86     39.00      1.00
               rw[131]      3.19      4.30      3.28     -4.10      9.98     39.34      1.00
               rw[132]      3.10      4.24      3.29     -4.08      9.57     39.88      1.00
               rw[133]      3.00      4.26      2.98     -3.89      9.71     40.55      1.00
               rw[134]      2.91      4.24      3.00     -4.13      9.87     41.78      1.00
               rw[135]      2.88      4.22      3.09     -4.27      9.62     41.33      1.00
               rw[136]      2.76      4.22      2.97     -4.02      9.83     40.46      1.00
               rw[137]      2.70      4.24      2.84     -4.09      9.43     40.07      1.00
               rw[138]      2.63      4.20      2.68     -3.58      9.69     40.53      1.00
               rw[139]      2.62      4.20      2.77     -3.66      9.95     40.37      1.00
               rw[140]      2.56      4.19      2.67     -3.89      9.61     40.40      1.00
               rw[141]      2.50      4.16      2.69     -4.79      8.75     40.16      1.00
               rw[142]      2.45      4.16      2.59     -4.17      9.43     40.17      1.00
               rw[143]      2.38      4.14      2.66     -4.70      8.68     40.29      1.00
               rw[144]      2.26      4.15      2.43     -4.87      8.72     39.99      1.00
               rw[145]      2.22      4.15      2.39     -5.10      8.39     39.82      1.00
               rw[146]      2.09      4.14      2.32     -4.83      8.61     39.77      1.01
               rw[147]      2.01      4.13      2.23     -4.79      8.53     39.86      1.00
               rw[148]      1.90      4.15      2.11     -5.11      8.46     39.38      1.00
               rw[149]      1.73      4.14      1.86     -5.61      8.04     39.78      1.00
               rw[150]      1.65      4.12      1.83     -5.20      8.44     39.74      1.00
               rw[151]      1.53      4.11      1.70     -5.62      8.00     39.24      1.00
               rw[152]      1.46      4.09      1.59     -4.96      8.59     39.28      1.00
               rw[153]      1.34      4.13      1.57     -6.14      7.57     39.07      1.00
               rw[154]      1.31      4.18      1.53     -5.04      9.04     39.17      1.01
               rw[155]      1.27      4.16      1.43     -5.36      8.51     39.67      1.01
               rw[156]      1.23      4.18      1.29     -5.67      8.19     39.90      1.01
               rw[157]      1.20      4.17      1.27     -5.43      8.37     40.61      1.00
               rw[158]      1.16      4.19      1.20     -5.23      8.44     40.34      1.00
               rw[159]      1.14      4.19      1.27     -5.29      8.35     39.67      1.00
               rw[160]      1.14      4.19      1.37     -5.66      8.02     40.08      1.00
               rw[161]      1.13      4.22      1.37     -6.20      7.43     39.92      1.00
               rw[162]      1.11      4.22      1.44     -5.99      7.77     39.98      1.00
               rw[163]      1.08      4.28      1.44     -6.36      7.62     39.90      1.00
               rw[164]      1.07      4.28      1.37     -6.08      8.04     40.12      1.00
               rw[165]      1.02      4.20      1.26     -6.37      7.46     39.51      1.00
               rw[166]      1.00      4.25      1.09     -6.29      7.46     40.71      1.00
               rw[167]      1.00      4.26      1.12     -6.09      7.53     41.26      1.00
               rw[168]      1.01      4.25      1.19     -5.82      7.84     40.91      1.00
               rw[169]      1.11      4.21      1.33     -5.50      7.98     40.92      1.00
               rw[170]      1.25      4.19      1.54     -5.94      7.60     39.94      1.00
               rw[171]      1.36      4.16      1.57     -5.75      7.56     39.62      1.00
               rw[172]      1.50      4.16      1.74     -5.50      7.53     39.18      1.00
               rw[173]      1.61      4.18      1.68     -4.83      8.36     37.73      1.00
               rw[174]      1.65      4.16      1.68     -4.66      8.88     36.97      1.00
               rw[175]      1.77      4.15      1.92     -5.11      8.53     36.17      1.00
               rw[176]      1.88      4.17      1.91     -5.09      8.56     36.11      1.00
               rw[177]      1.98      4.16      2.21     -4.96      8.99     36.52      1.00
               rw[178]      2.04      4.18      2.18     -4.66      9.05     37.29      1.00
               rw[179]      2.08      4.15      2.15     -4.69      8.82     37.37      1.00
               rw[180]      2.15      4.16      2.28     -4.62      9.13     37.65      1.00
               rw[181]      2.22      4.13      2.38     -4.40      9.16     37.03      1.00
               rw[182]      2.31      4.16      2.42     -4.95      8.61     37.60      1.00
               rw[183]      2.37      4.21      2.42     -4.58      9.36     38.02      1.00
               rw[184]      2.43      4.19      2.49     -4.21      9.34     36.86      1.00
               rw[185]      2.46      4.21      2.54     -4.43      8.99     37.53      1.00
               rw[186]      2.49      4.13      2.55     -4.85      8.55     37.93      1.00
               rw[187]      2.53      4.12      2.65     -4.15      9.51     39.34      1.00
               rw[188]      2.59      4.07      2.58     -4.68      8.55     38.70      1.01
               rw[189]      2.62      4.09      2.69     -4.06      9.07     38.45      1.01
               rw[190]      2.69      4.12      2.79     -4.02      9.09     39.70      1.00
               rw[191]      2.71      4.12      2.82     -4.13      9.32     40.22      1.00
               rw[192]      2.71      4.17      2.91     -4.26      9.36     41.61      1.00
               rw[193]      2.70      4.20      2.91     -4.79      9.13     41.03      1.00
               rw[194]      2.69      4.17      2.73     -4.04      9.39     42.57      1.01
               rw[195]      2.60      4.14      2.70     -4.21      9.06     42.32      1.00
               rw[196]      2.51      4.13      2.66     -4.35      8.98     43.56      1.01
               rw[197]      2.42      4.16      2.54     -4.69      8.91     42.18      1.01
               rw[198]      2.28      4.14      2.40     -4.55      8.79     41.87      1.01
               rw[199]      2.16      4.14      2.23     -4.91      8.53     40.55      1.00
               rw[200]      2.06      4.14      2.10     -4.45      9.04     40.23      1.00
               rw[201]      1.95      4.19      1.96     -4.16      9.35     40.38      1.00
               rw[202]      1.88      4.15      1.83     -4.94      8.51     40.25      1.00
               rw[203]      1.90      4.15      1.89     -5.28      7.78     38.86      1.00
               rw[204]      1.86      4.12      1.90     -4.28      8.74     39.50      1.00
               rw[205]      1.92      4.10      2.03     -4.82      8.32     40.06      1.00
               rw[206]      1.98      4.07      2.11     -5.18      7.81     40.03      1.00
               rw[207]      2.02      4.07      2.08     -5.00      8.23     40.05      1.00
               rw[208]      2.12      4.11      2.20     -5.43      8.12     39.41      1.00
               rw[209]      2.20      4.15      2.27     -4.95      8.41     39.18      1.00
               rw[210]      2.27      4.12      2.34     -4.91      8.43     40.38      1.00
               rw[211]      2.37      4.12      2.49     -4.59      8.80     39.41      1.00
               rw[212]      2.45      4.16      2.54     -5.18      8.45     39.32      1.00
               rw[213]      2.56      4.15      2.69     -3.98      9.81     38.16      1.00
               rw[214]      2.68      4.16      2.66     -5.13      8.79     37.66      1.00
               rw[215]      2.80      4.11      2.86     -3.92      9.43     38.52      1.00
               rw[216]      2.93      4.14      2.89     -4.41      9.46     39.27      1.00
               rw[217]      3.09      4.18      3.13     -4.85      9.04     40.47      1.00
               rw[218]      3.29      4.19      3.49     -3.85      9.78     40.78      1.00
               rw[219]      3.44      4.20      3.52     -4.16      9.65     40.43      1.00
               rw[220]      3.58      4.24      3.64     -4.04     10.12     41.58      1.00
               rw[221]      3.70      4.30      3.80     -3.54     10.65     42.92      1.00
               rw[222]      3.77      4.36      3.85     -3.37     10.70     43.53      1.00
               rw[223]      3.89      4.41      4.00     -4.09     10.30     45.53      1.00
               rw[224]      3.97      4.48      3.97     -3.81     10.69     47.74      1.00
               rw[225]      3.99      4.52      4.09     -3.09     11.42     47.61      1.00
               rw[226]      4.00      4.57      4.00     -3.74     11.03     49.16      1.00
               rw[227]      3.99      4.66      3.96     -3.18     11.89     51.38      1.00
                 sigma      0.24      0.02      0.24      0.20      0.27   1361.73      1.00

Number of divergences: 0
