
                            mean       std    median      5.0%     95.0%     n_eff     r_hat
                    D0      0.94      1.38      0.50      0.00      2.36    989.84      1.00
                    E0      6.43      7.23      4.18      0.02     14.94     58.65      1.00
                    H0      1.38      1.31      0.99      0.00      3.00   1031.08      1.00
                    I0      3.29      4.20      1.86      0.01      8.16     50.41      1.01
                 beta0      1.31      0.72      1.30      0.37      2.27      7.25      1.01
  confirmed_dispersion      0.17      0.04      0.17      0.12      0.23    736.25      1.00
      death_dispersion      0.39      0.08      0.38      0.26      0.52   1859.69      1.00
            death_prob      0.02      0.00      0.02      0.01      0.02     19.92      1.03
            death_rate      0.05      0.01      0.05      0.03      0.07    935.44      1.00
           det_prob[0]      0.27      0.07      0.26      0.16      0.37    223.48      1.01
           det_prob[1]      0.26      0.07      0.25      0.14      0.39    178.06      1.01
           det_prob[2]      0.26      0.08      0.25      0.12      0.38    174.08      1.01
           det_prob[3]      0.25      0.09      0.24      0.12      0.39    151.56      1.01
           det_prob[4]      0.25      0.09      0.24      0.10      0.38    148.84      1.01
           det_prob[5]      0.25      0.09      0.24      0.10      0.39    140.39      1.02
           det_prob[6]      0.25      0.10      0.24      0.10      0.39    131.51      1.02
           det_prob[7]      0.25      0.10      0.24      0.11      0.40    115.00      1.02
           det_prob[8]      0.26      0.10      0.25      0.10      0.40     87.81      1.03
           det_prob[9]      0.27      0.10      0.25      0.10      0.42     82.83      1.03
          det_prob[10]      0.26      0.11      0.25      0.09      0.41     52.23      1.03
          det_prob[11]      0.27      0.11      0.25      0.10      0.43     47.42      1.04
          det_prob[12]      0.27      0.11      0.26      0.10      0.45     34.34      1.05
          det_prob[13]      0.28      0.11      0.26      0.11      0.46     31.23      1.05
          det_prob[14]      0.29      0.11      0.27      0.12      0.47     30.56      1.05
          det_prob[15]      0.31      0.12      0.29      0.12      0.48     30.25      1.06
          det_prob[16]      0.32      0.12      0.30      0.14      0.52     26.33      1.07
          det_prob[17]      0.33      0.12      0.31      0.16      0.52     27.33      1.07
          det_prob[18]      0.34      0.12      0.33      0.17      0.55     26.68      1.07
          det_prob[19]      0.37      0.12      0.35      0.16      0.56     26.00      1.07
          det_prob[20]      0.39      0.12      0.37      0.19      0.60     25.91      1.07
          det_prob[21]      0.40      0.13      0.39      0.20      0.60     25.09      1.07
          det_prob[22]      0.42      0.13      0.41      0.22      0.64     23.87      1.08
          det_prob[23]      0.43      0.13      0.43      0.22      0.64     23.20      1.08
          det_prob[24]      0.45      0.13      0.43      0.23      0.66     23.09      1.07
          det_prob[25]      0.46      0.14      0.45      0.24      0.67     22.26      1.07
          det_prob[26]      0.47      0.14      0.45      0.26      0.71     22.28      1.06
          det_prob[27]      0.47      0.14      0.46      0.23      0.69     22.07      1.06
          det_prob[28]      0.49      0.14      0.47      0.26      0.73     21.11      1.06
          det_prob[29]      0.49      0.15      0.48      0.27      0.75     21.49      1.06
          det_prob[30]      0.50      0.15      0.49      0.28      0.76     21.06      1.05
          det_prob[31]      0.52      0.15      0.51      0.31      0.79     19.65      1.06
          det_prob[32]      0.52      0.15      0.52      0.30      0.80     18.91      1.06
          det_prob[33]      0.54      0.15      0.53      0.28      0.77     20.41      1.06
          det_prob[34]      0.54      0.16      0.54      0.29      0.80     19.72      1.05
          det_prob[35]      0.55      0.16      0.55      0.28      0.80     20.04      1.04
          det_prob[36]      0.56      0.16      0.55      0.30      0.85     20.47      1.04
          det_prob[37]      0.56      0.17      0.55      0.30      0.85     20.59      1.03
          det_prob[38]      0.56      0.17      0.56      0.30      0.85     20.75      1.03
          det_prob[39]      0.56      0.17      0.56      0.29      0.86     20.96      1.03
          det_prob[40]      0.56      0.17      0.56      0.28      0.85     22.03      1.03
          det_prob[41]      0.57      0.17      0.57      0.29      0.87     21.29      1.02
          det_prob[42]      0.57      0.18      0.57      0.27      0.85     21.13      1.03
          det_prob[43]      0.57      0.18      0.56      0.30      0.89     20.85      1.02
          det_prob[44]      0.57      0.18      0.56      0.30      0.89     21.55      1.02
          det_prob[45]      0.57      0.19      0.57      0.28      0.88     21.37      1.01
          det_prob[46]      0.56      0.19      0.56      0.24      0.86     21.50      1.01
          det_prob[47]      0.56      0.19      0.57      0.28      0.91     22.81      1.01
          det_prob[48]      0.56      0.20      0.56      0.29      0.92     22.24      1.01
          det_prob[49]      0.56      0.20      0.55      0.26      0.90     22.40      1.01
          det_prob[50]      0.56      0.20      0.56      0.29      0.94     22.78      1.00
          det_prob[51]      0.56      0.20      0.56      0.26      0.90     22.99      1.01
          det_prob[52]      0.56      0.20      0.55      0.27      0.93     22.35      1.01
          det_prob[53]      0.56      0.20      0.55      0.25      0.91     22.96      1.01
          det_prob[54]      0.56      0.21      0.56      0.26      0.92     23.56      1.01
          det_prob[55]      0.56      0.21      0.55      0.27      0.94     23.82      1.00
          det_prob[56]      0.56      0.21      0.56      0.27      0.95     23.33      1.00
          det_prob[57]      0.56      0.21      0.56      0.26      0.94     23.56      1.00
          det_prob[58]      0.56      0.21      0.56      0.26      0.94     23.85      1.00
          det_prob[59]      0.56      0.21      0.56      0.28      0.95     24.45      1.00
          det_prob[60]      0.56      0.21      0.56      0.25      0.92     24.71      1.00
          det_prob[61]      0.56      0.21      0.56      0.26      0.95     24.36      1.00
          det_prob[62]      0.57      0.21      0.57      0.27      0.96     24.73      1.00
          det_prob[63]      0.57      0.21      0.57      0.28      0.96     26.29      1.00
          det_prob[64]      0.58      0.21      0.58      0.27      0.94     26.24      1.00
          det_prob[65]      0.58      0.21      0.58      0.28      0.96     27.31      1.00
          det_prob[66]      0.58      0.21      0.58      0.25      0.92     27.18      1.00
          det_prob[67]      0.59      0.21      0.59      0.31      0.96     26.84      1.00
          det_prob[68]      0.60      0.20      0.60      0.30      0.94     27.32      1.00
          det_prob[69]      0.60      0.20      0.60      0.30      0.94     28.00      1.00
          det_prob[70]      0.61      0.20      0.61      0.33      0.96     28.32      1.00
          det_prob[71]      0.61      0.19      0.62      0.34      0.97     29.61      1.00
          det_prob[72]      0.62      0.20      0.62      0.34      0.96     32.46      1.00
          det_prob[73]      0.62      0.20      0.62      0.34      0.96     32.29      1.00
          det_prob[74]      0.62      0.19      0.63      0.34      0.96     30.06      1.00
          det_prob[75]      0.62      0.19      0.63      0.36      0.97     29.22      1.00
          det_prob[76]      0.63      0.19      0.63      0.36      0.96     31.83      1.00
          det_prob[77]      0.62      0.19      0.63      0.37      0.98     31.15      1.00
          det_prob[78]      0.62      0.20      0.63      0.35      0.98     32.39      1.01
          det_prob[79]      0.62      0.20      0.62      0.33      0.96     32.58      1.01
          det_prob[80]      0.62      0.20      0.63      0.35      0.98     33.37      1.01
          det_prob[81]      0.63      0.20      0.63      0.34      0.96     33.08      1.01
          det_prob[82]      0.64      0.19      0.64      0.35      0.96     31.67      1.01
          det_prob[83]      0.65      0.19      0.65      0.39      0.98     30.82      1.01
          det_prob[84]      0.66      0.19      0.66      0.39      0.97     30.62      1.01
          det_prob[85]      0.67      0.18      0.67      0.41      0.98     29.37      1.01
          det_prob[86]      0.67      0.18      0.68      0.43      0.98     30.05      1.01
          det_prob[87]      0.67      0.18      0.68      0.41      0.97     29.23      1.01
          det_prob[88]      0.67      0.18      0.67      0.41      0.99     28.58      1.02
          det_prob[89]      0.67      0.19      0.67      0.40      0.99     28.56      1.02
          det_prob[90]      0.66      0.19      0.67      0.40      0.99     28.36      1.02
          det_prob[91]      0.66      0.20      0.67      0.39      0.98     26.96      1.02
          det_prob[92]      0.67      0.20      0.68      0.38      0.99     26.57      1.02
          det_prob[93]      0.67      0.20      0.67      0.38      0.98     25.73      1.02
          det_prob[94]      0.67      0.20      0.68      0.38      0.99     25.40      1.02
          det_prob[95]      0.67      0.20      0.68      0.38      0.99     25.71      1.02
          det_prob[96]      0.67      0.20      0.68      0.39      0.99     25.56      1.02
          det_prob[97]      0.68      0.20      0.69      0.40      0.99     25.28      1.02
          det_prob[98]      0.68      0.19      0.69      0.41      0.99     24.52      1.02
          det_prob[99]      0.69      0.19      0.70      0.42      1.00     23.76      1.02
         det_prob[100]      0.70      0.19      0.72      0.42      1.00     22.57      1.02
         det_prob[101]      0.70      0.19      0.73      0.44      0.99     22.64      1.02
         det_prob[102]      0.70      0.19      0.73      0.43      0.99     22.11      1.02
         det_prob[103]      0.71      0.19      0.73      0.43      1.00     21.77      1.02
         det_prob[104]      0.71      0.18      0.74      0.46      1.00     20.91      1.02
         det_prob[105]      0.72      0.18      0.74      0.47      1.00     21.15      1.02
         det_prob[106]      0.72      0.18      0.75      0.45      0.99     20.34      1.02
         det_prob[107]      0.72      0.18      0.74      0.47      0.99     19.54      1.02
         det_prob[108]      0.73      0.18      0.75      0.47      1.00     18.79      1.02
         det_prob[109]      0.72      0.18      0.75      0.47      1.00     18.46      1.02
         det_prob[110]      0.73      0.18      0.75      0.47      1.00     17.69      1.02
         det_prob[111]      0.73      0.18      0.75      0.47      1.00     18.54      1.02
         det_prob[112]      0.73      0.18      0.76      0.48      1.00     18.12      1.02
         det_prob[113]      0.73      0.18      0.76      0.48      1.00     17.73      1.01
         det_prob[114]      0.73      0.18      0.76      0.47      0.99     16.91      1.01
         det_prob[115]      0.73      0.18      0.76      0.48      1.00     16.44      1.01
         det_prob[116]      0.74      0.18      0.77      0.49      1.00     16.56      1.02
         det_prob[117]      0.74      0.18      0.78      0.50      1.00     16.50      1.02
         det_prob[118]      0.74      0.18      0.77      0.50      1.00     15.97      1.02
         det_prob[119]      0.74      0.18      0.78      0.50      0.99     15.79      1.02
         det_prob[120]      0.74      0.18      0.78      0.49      1.00     15.89      1.02
         det_prob[121]      0.75      0.18      0.78      0.49      1.00     15.90      1.02
         det_prob[122]      0.75      0.18      0.79      0.47      1.00     16.07      1.01
         det_prob[123]      0.75      0.18      0.78      0.48      1.00     15.91      1.01
         det_prob[124]      0.76      0.18      0.78      0.49      0.99     15.78      1.02
         det_prob[125]      0.76      0.18      0.80      0.50      1.00     15.74      1.02
         det_prob[126]      0.77      0.17      0.80      0.52      1.00     15.57      1.02
         det_prob[127]      0.77      0.17      0.80      0.52      1.00     15.30      1.02
         det_prob[128]      0.78      0.17      0.80      0.54      1.00     15.26      1.02
         det_prob[129]      0.78      0.16      0.81      0.54      1.00     15.28      1.02
         det_prob[130]      0.79      0.16      0.81      0.55      1.00     15.17      1.01
         det_prob[131]      0.79      0.16      0.82      0.56      1.00     15.05      1.01
         det_prob[132]      0.80      0.15      0.83      0.57      0.99     15.11      1.01
         det_prob[133]      0.80      0.16      0.84      0.57      1.00     15.02      1.01
         det_prob[134]      0.80      0.15      0.84      0.57      0.99     14.93      1.01
         det_prob[135]      0.81      0.15      0.84      0.58      1.00     15.14      1.01
         det_prob[136]      0.81      0.15      0.85      0.57      0.99     15.04      1.01
         det_prob[137]      0.81      0.15      0.85      0.58      0.99     15.27      1.01
         det_prob[138]      0.82      0.15      0.85      0.59      0.99     15.26      1.01
         det_prob[139]      0.82      0.14      0.86      0.61      1.00     15.07      1.01
         det_prob[140]      0.83      0.14      0.87      0.63      1.00     15.21      1.01
         det_prob[141]      0.84      0.13      0.87      0.63      1.00     15.44      1.01
         det_prob[142]      0.84      0.13      0.87      0.65      1.00     15.63      1.01
         det_prob[143]      0.84      0.13      0.88      0.65      1.00     15.70      1.01
         det_prob[144]      0.85      0.13      0.88      0.65      1.00     15.65      1.01
         det_prob[145]      0.85      0.13      0.89      0.67      1.00     15.62      1.01
         det_prob[146]      0.86      0.12      0.89      0.68      1.00     15.68      1.01
         det_prob[147]      0.86      0.12      0.90      0.69      1.00     15.93      1.01
         det_prob[148]      0.87      0.12      0.90      0.69      1.00     15.97      1.01
         det_prob[149]      0.87      0.12      0.90      0.69      1.00     15.94      1.01
         det_prob[150]      0.87      0.12      0.90      0.70      1.00     16.24      1.01
         det_prob[151]      0.87      0.12      0.90      0.70      1.00     16.62      1.01
         det_prob[152]      0.87      0.12      0.91      0.71      1.00     16.62      1.01
         det_prob[153]      0.88      0.11      0.91      0.72      1.00     16.50      1.01
         det_prob[154]      0.88      0.11      0.92      0.73      1.00     16.25      1.01
         det_prob[155]      0.88      0.11      0.92      0.72      1.00     16.01      1.01
         det_prob[156]      0.88      0.11      0.92      0.72      1.00     15.75      1.02
         det_prob[157]      0.88      0.11      0.92      0.73      1.00     16.04      1.02
         det_prob[158]      0.88      0.11      0.92      0.72      1.00     16.27      1.01
         det_prob[159]      0.89      0.11      0.93      0.72      1.00     15.91      1.02
         det_prob[160]      0.89      0.11      0.93      0.73      1.00     15.95      1.02
         det_prob[161]      0.89      0.11      0.93      0.73      1.00     15.85      1.02
         det_prob[162]      0.89      0.11      0.93      0.72      1.00     15.44      1.02
         det_prob[163]      0.89      0.11      0.93      0.71      1.00     15.40      1.02
         det_prob[164]      0.89      0.12      0.93      0.71      1.00     15.37      1.02
         det_prob[165]      0.89      0.12      0.93      0.71      1.00     15.35      1.02
         det_prob[166]      0.89      0.12      0.93      0.71      1.00     15.18      1.03
         det_prob[167]      0.89      0.12      0.94      0.70      1.00     15.26      1.03
         det_prob[168]      0.89      0.12      0.94      0.72      1.00     14.92      1.03
         det_prob[169]      0.89      0.12      0.94      0.71      1.00     14.93      1.03
         det_prob[170]      0.89      0.12      0.94      0.71      1.00     14.91      1.03
         det_prob[171]      0.89      0.12      0.94      0.70      1.00     15.25      1.03
         det_prob[172]      0.89      0.12      0.94      0.70      1.00     15.21      1.04
         det_prob[173]      0.89      0.12      0.94      0.71      1.00     15.08      1.04
         det_prob[174]      0.89      0.12      0.94      0.71      1.00     15.24      1.04
         det_prob[175]      0.89      0.12      0.95      0.71      1.00     15.61      1.04
         det_prob[176]      0.89      0.12      0.95      0.72      1.00     15.58      1.04
         det_prob[177]      0.90      0.12      0.95      0.71      1.00     15.51      1.04
         det_prob[178]      0.90      0.12      0.95      0.71      1.00     15.57      1.04
         det_prob[179]      0.90      0.12      0.95      0.71      1.00     15.24      1.04
         det_prob[180]      0.90      0.12      0.95      0.72      1.00     15.44      1.04
         det_prob[181]      0.90      0.12      0.95      0.72      1.00     15.27      1.04
         det_prob[182]      0.90      0.12      0.95      0.73      1.00     15.10      1.05
         det_prob[183]      0.90      0.12      0.95      0.74      1.00     15.28      1.05
         det_prob[184]      0.90      0.12      0.95      0.73      1.00     15.32      1.05
         det_prob[185]      0.90      0.12      0.95      0.73      1.00     15.64      1.05
         det_prob[186]      0.90      0.12      0.95      0.72      1.00     15.67      1.05
         det_prob[187]      0.90      0.12      0.96      0.73      1.00     15.72      1.05
         det_prob[188]      0.91      0.12      0.96      0.74      1.00     16.12      1.05
         det_prob[189]      0.91      0.12      0.96      0.73      1.00     16.45      1.05
         det_prob[190]      0.91      0.11      0.96      0.74      1.00     16.73      1.05
         det_prob[191]      0.91      0.11      0.96      0.75      1.00     16.86      1.05
         det_prob[192]      0.91      0.11      0.96      0.74      1.00     16.93      1.05
         det_prob[193]      0.91      0.11      0.96      0.75      1.00     17.44      1.04
         det_prob[194]      0.92      0.10      0.96      0.76      1.00     17.14      1.05
         det_prob[195]      0.92      0.10      0.96      0.77      1.00     17.19      1.05
         det_prob[196]      0.92      0.09      0.96      0.79      1.00     17.16      1.05
         det_prob[197]      0.93      0.09      0.96      0.81      1.00     17.11      1.05
         det_prob[198]      0.93      0.08      0.96      0.81      1.00     17.32      1.05
         det_prob[199]      0.93      0.08      0.96      0.81      1.00     18.02      1.04
         det_prob[200]      0.93      0.08      0.96      0.81      1.00     17.87      1.04
         det_prob[201]      0.93      0.08      0.96      0.82      1.00     18.09      1.04
         det_prob[202]      0.93      0.08      0.96      0.83      1.00     17.94      1.03
         det_prob[203]      0.93      0.07      0.96      0.83      1.00     18.31      1.03
         det_prob[204]      0.94      0.07      0.96      0.83      1.00     18.43      1.03
         det_prob[205]      0.94      0.07      0.96      0.83      1.00     18.58      1.03
         det_prob[206]      0.94      0.07      0.96      0.83      1.00     18.96      1.03
         det_prob[207]      0.94      0.07      0.96      0.84      1.00     19.68      1.02
         det_prob[208]      0.94      0.07      0.96      0.84      1.00     20.02      1.02
         det_prob[209]      0.94      0.07      0.97      0.84      1.00     19.58      1.03
         det_prob[210]      0.94      0.07      0.97      0.84      1.00     20.29      1.03
         det_prob[211]      0.94      0.07      0.97      0.84      1.00     21.36      1.02
         det_prob[212]      0.94      0.07      0.97      0.84      1.00     21.82      1.02
         det_prob[213]      0.94      0.07      0.97      0.84      1.00     23.33      1.02
         det_prob[214]      0.94      0.07      0.97      0.84      1.00     23.11      1.02
         det_prob[215]      0.94      0.07      0.97      0.85      1.00     24.25      1.01
         det_prob[216]      0.94      0.07      0.97      0.85      1.00     24.08      1.02
         det_prob[217]      0.94      0.07      0.97      0.85      1.00     25.22      1.01
         det_prob[218]      0.94      0.07      0.97      0.85      1.00     26.02      1.01
         det_prob[219]      0.94      0.07      0.97      0.85      1.00     26.56      1.01
         det_prob[220]      0.94      0.07      0.97      0.84      1.00     26.46      1.01
         det_prob[221]      0.94      0.08      0.97      0.84      1.00     28.46      1.01
         det_prob[222]      0.94      0.08      0.97      0.83      1.00     29.25      1.01
         det_prob[223]      0.94      0.08      0.97      0.83      1.00     29.94      1.01
         det_prob[224]      0.94      0.08      0.97      0.84      1.00     31.30      1.01
         det_prob[225]      0.94      0.08      0.97      0.84      1.00     32.51      1.01
         det_prob[226]      0.94      0.08      0.97      0.84      1.00     33.06      1.01
         det_prob[227]      0.94      0.09      0.97      0.84      1.00     34.69      1.01
             det_prob0      0.27      0.06      0.27      0.18      0.37    296.22      1.00
            det_prob_d      0.90      0.03      0.90      0.85      0.95   2063.42      1.00
                 gamma      0.49      0.05      0.49      0.41      0.57   1019.81      1.00
                 rw[0]     -0.20      1.03     -0.22     -2.01      1.35     55.17      1.00
                 rw[1]     -0.35      1.44     -0.43     -2.70      2.01     28.76      1.00
                 rw[2]     -0.41      1.74     -0.47     -3.37      2.26     18.47      1.00
                 rw[3]     -0.39      1.98     -0.53     -3.45      2.95     14.45      1.01
                 rw[4]     -0.25      2.24     -0.46     -3.60      3.63     11.79      1.01
                 rw[5]     -0.17      2.44     -0.35     -3.83      4.00      9.92      1.01
                 rw[6]     -0.08      2.60     -0.23     -4.37      4.01      9.64      1.01
                 rw[7]      0.05      2.76     -0.16     -4.02      4.77      8.79      1.01
                 rw[8]      0.20      2.94     -0.02     -4.19      5.33      8.15      1.01
                 rw[9]      0.31      3.06     -0.11     -4.14      5.54      7.73      1.01
                rw[10]      0.39      3.14      0.09     -4.00      5.91      7.20      1.02
                rw[11]      0.47      3.26      0.05     -4.29      5.86      7.06      1.02
                rw[12]      0.52      3.37      0.26     -4.51      6.09      7.09      1.02
                rw[13]      0.58      3.42      0.30     -4.79      5.94      7.04      1.01
                rw[14]      0.60      3.45      0.14     -4.71      5.91      6.96      1.01
                rw[15]      0.45      3.52     -0.13     -4.57      6.29      7.03      1.00
                rw[16]      0.24      3.54     -0.32     -4.78      6.10      6.91      1.00
                rw[17]     -0.09      3.58     -0.55     -5.13      5.63      6.91      1.01
                rw[18]     -0.41      3.53     -0.89     -5.56      5.39      7.14      1.00
                rw[19]     -0.89      3.52     -1.38     -6.64      4.27      7.10      1.00
                rw[20]     -1.46      3.47     -2.03     -6.45      4.42      7.12      1.00
                rw[21]     -2.01      3.42     -2.53     -6.63      3.97      7.09      1.00
                rw[22]     -2.70      3.38     -3.16     -7.82      2.72      7.06      1.00
                rw[23]     -3.32      3.40     -3.77     -8.27      2.54      6.96      1.00
                rw[24]     -3.89      3.41     -4.39     -9.00      1.78      7.06      1.00
                rw[25]     -4.45      3.39     -4.92     -9.59      1.00      6.91      1.00
                rw[26]     -4.91      3.37     -5.49    -10.14      0.34      6.92      1.00
                rw[27]     -5.34      3.37     -5.91    -10.55     -0.10      6.85      1.01
                rw[28]     -5.70      3.41     -6.26    -10.57     -0.17      7.02      1.00
                rw[29]     -6.04      3.41     -6.64    -10.85     -0.43      6.98      1.01
                rw[30]     -6.35      3.44     -6.93    -11.32     -0.82      6.97      1.01
                rw[31]     -6.69      3.44     -7.24    -11.56     -0.94      7.04      1.00
                rw[32]     -7.00      3.49     -7.41    -12.02     -1.30      7.21      1.00
                rw[33]     -7.30      3.51     -7.66    -12.54     -1.70      7.29      1.00
                rw[34]     -7.65      3.51     -8.04    -13.07     -2.12      7.45      1.00
                rw[35]     -8.02      3.50     -8.45    -13.17     -2.13      7.26      1.00
                rw[36]     -8.31      3.50     -8.69    -13.85     -2.91      7.46      1.00
                rw[37]     -8.60      3.52     -8.87    -14.16     -3.19      7.50      1.00
                rw[38]     -8.80      3.51     -9.07    -14.20     -3.32      7.45      1.00
                rw[39]     -8.99      3.54     -9.40    -14.53     -3.42      7.40      1.00
                rw[40]     -9.18      3.53     -9.54    -15.01     -3.62      7.40      1.00
                rw[41]     -9.32      3.49     -9.59    -14.73     -3.55      7.35      1.00
                rw[42]     -9.45      3.43     -9.87    -14.90     -4.03      7.19      1.00
                rw[43]     -9.56      3.47     -9.91    -14.91     -4.19      7.32      1.00
                rw[44]     -9.57      3.45     -9.88    -14.79     -3.87      7.47      1.00
                rw[45]     -9.53      3.45    -10.04    -14.66     -3.79      7.45      1.00
                rw[46]     -9.51      3.46     -9.82    -14.38     -3.53      7.39      1.00
                rw[47]     -9.48      3.45     -9.79    -15.02     -4.24      7.33      1.00
                rw[48]     -9.38      3.46     -9.61    -14.50     -3.50      7.44      1.00
                rw[49]     -9.27      3.46     -9.59    -14.04     -3.07      7.54      1.00
                rw[50]     -9.12      3.44     -9.35    -14.48     -3.65      7.54      1.00
                rw[51]     -8.94      3.45     -9.20    -13.84     -3.04      7.56      1.00
                rw[52]     -8.71      3.49     -9.01    -13.74     -2.87      7.62      1.00
                rw[53]     -8.50      3.47     -8.86    -14.03     -3.10      7.51      1.00
                rw[54]     -8.25      3.49     -8.70    -13.75     -2.80      7.48      1.00
                rw[55]     -7.95      3.45     -8.33    -12.84     -2.12      7.41      1.00
                rw[56]     -7.70      3.43     -7.95    -12.98     -2.35      7.33      1.00
                rw[57]     -7.32      3.44     -7.68    -12.34     -1.67      7.29      1.00
                rw[58]     -6.97      3.43     -7.38    -12.16     -1.32      7.12      1.00
                rw[59]     -6.56      3.45     -6.88    -12.09     -1.29      7.26      1.00
                rw[60]     -6.20      3.47     -6.60    -11.31     -0.62      7.40      1.00
                rw[61]     -5.81      3.42     -6.25    -10.83     -0.41      7.18      1.00
                rw[62]     -5.46      3.40     -5.87    -10.68     -0.08      7.19      1.00
                rw[63]     -5.06      3.45     -5.50    -10.19      0.68      7.16      1.01
                rw[64]     -4.68      3.44     -5.05     -9.53      1.16      7.20      1.00
                rw[65]     -4.34      3.51     -4.72     -9.33      1.62      7.32      1.00
                rw[66]     -4.02      3.49     -4.28     -9.25      1.58      7.45      1.00
                rw[67]     -3.71      3.48     -3.88     -8.86      2.09      7.57      1.00
                rw[68]     -3.45      3.48     -3.63     -9.29      1.83      7.62      1.00
                rw[69]     -3.23      3.48     -3.55     -8.04      2.81      7.35      1.01
                rw[70]     -3.04      3.45     -3.33     -8.04      2.48      7.28      1.00
                rw[71]     -2.86      3.48     -3.20     -7.65      3.01      7.35      1.01
                rw[72]     -2.82      3.46     -3.22     -7.94      2.76      7.37      1.01
                rw[73]     -2.71      3.42     -2.90     -7.87      2.91      7.49      1.01
                rw[74]     -2.56      3.42     -2.86     -7.97      2.95      7.26      1.01
                rw[75]     -2.47      3.41     -2.52     -7.07      3.77      7.34      1.01
                rw[76]     -2.47      3.42     -2.65     -7.89      3.06      7.51      1.00
                rw[77]     -2.39      3.36     -2.68     -7.29      3.50      7.33      1.01
                rw[78]     -2.22      3.35     -2.41     -7.14      3.56      7.33      1.01
                rw[79]     -2.07      3.33     -2.32     -7.13      3.21      7.20      1.01
                rw[80]     -1.85      3.35     -2.15     -6.73      3.75      7.14      1.01
                rw[81]     -1.64      3.36     -2.12     -6.83      3.65      7.25      1.01
                rw[82]     -1.50      3.36     -1.90     -6.38      3.97      7.16      1.01
                rw[83]     -1.39      3.31     -1.65     -6.46      3.93      7.09      1.01
                rw[84]     -1.39      3.33     -1.58     -5.97      4.49      7.06      1.01
                rw[85]     -1.56      3.39     -1.92     -6.08      4.40      7.10      1.01
                rw[86]     -1.87      3.37     -2.30     -6.97      3.65      7.05      1.02
                rw[87]     -2.22      3.35     -2.68     -7.46      3.17      7.11      1.01
                rw[88]     -2.50      3.30     -3.03     -7.72      2.61      7.26      1.01
                rw[89]     -2.74      3.27     -3.23     -7.36      2.79      7.27      1.01
                rw[90]     -2.87      3.29     -3.30     -7.59      2.85      7.26      1.01
                rw[91]     -2.94      3.26     -3.34     -7.61      2.68      7.18      1.01
                rw[92]     -2.92      3.23     -3.34     -7.22      2.71      7.04      1.01
                rw[93]     -2.87      3.23     -3.36     -7.65      2.50      6.99      1.00
                rw[94]     -2.77      3.25     -3.24     -7.70      2.59      7.00      1.01
                rw[95]     -2.64      3.27     -2.99     -7.83      2.41      6.88      1.01
                rw[96]     -2.57      3.22     -2.97     -7.00      2.97      6.80      1.00
                rw[97]     -2.39      3.25     -2.91     -6.95      3.14      6.79      1.00
                rw[98]     -2.19      3.24     -2.61     -7.04      3.13      6.60      1.00
                rw[99]     -2.06      3.22     -2.32     -6.78      3.14      6.61      1.01
               rw[100]     -2.07      3.21     -2.43     -7.03      2.69      6.71      1.00
               rw[101]     -2.05      3.22     -2.42     -6.86      3.17      6.87      1.00
               rw[102]     -1.99      3.22     -2.46     -6.96      3.06      6.75      1.00
               rw[103]     -1.94      3.25     -2.43     -6.70      3.35      6.76      1.00
               rw[104]     -1.91      3.19     -2.35     -6.33      3.48      6.91      1.00
               rw[105]     -1.94      3.22     -2.28     -7.09      3.13      6.89      1.00
               rw[106]     -2.00      3.17     -2.37     -6.56      3.32      6.82      1.00
               rw[107]     -2.07      3.19     -2.54     -6.51      3.39      6.77      1.00
               rw[108]     -2.11      3.23     -2.45     -6.77      3.10      6.57      1.00
               rw[109]     -2.11      3.22     -2.40     -7.21      2.86      6.83      1.00
               rw[110]     -2.07      3.21     -2.50     -6.69      3.31      6.86      1.01
               rw[111]     -1.96      3.20     -2.28     -6.85      3.11      6.94      1.01
               rw[112]     -1.87      3.21     -2.29     -6.24      3.77      7.06      1.01
               rw[113]     -1.81      3.24     -2.16     -6.91      3.29      6.84      1.01
               rw[114]     -1.69      3.23     -1.91     -6.18      3.97      6.73      1.00
               rw[115]     -1.60      3.23     -2.02     -6.04      3.92      6.90      1.01
               rw[116]     -1.53      3.25     -1.88     -6.33      3.69      6.82      1.01
               rw[117]     -1.58      3.23     -2.00     -5.99      3.98      6.83      1.01
               rw[118]     -1.72      3.23     -2.18     -6.27      3.73      6.75      1.01
               rw[119]     -1.81      3.24     -2.25     -6.64      3.32      6.77      1.01
               rw[120]     -1.89      3.22     -2.33     -6.26      3.65      6.77      1.01
               rw[121]     -1.92      3.19     -2.35     -6.74      3.02      6.72      1.01
               rw[122]     -1.99      3.19     -2.54     -6.44      3.32      6.54      1.01
               rw[123]     -2.11      3.22     -2.52     -6.56      3.19      6.69      1.01
               rw[124]     -2.22      3.20     -2.73     -6.79      3.06      6.66      1.00
               rw[125]     -2.36      3.21     -2.86     -6.91      3.16      6.67      1.00
               rw[126]     -2.49      3.22     -3.03     -7.31      2.62      6.60      1.01
               rw[127]     -2.74      3.22     -3.27     -7.01      2.84      6.49      1.01
               rw[128]     -2.96      3.22     -3.40     -7.70      2.26      6.74      1.01
               rw[129]     -3.17      3.20     -3.55     -7.76      2.35      6.63      1.00
               rw[130]     -3.32      3.23     -3.69     -8.31      1.83      6.68      1.00
               rw[131]     -3.48      3.27     -3.89     -8.63      1.64      6.77      1.00
               rw[132]     -3.63      3.28     -4.09     -8.59      1.49      6.67      1.00
               rw[133]     -3.84      3.27     -4.37     -8.44      1.78      6.73      1.00
               rw[134]     -3.99      3.30     -4.46     -8.80      1.42      6.71      1.00
               rw[135]     -4.11      3.24     -4.59     -8.73      1.24      6.77      1.00
               rw[136]     -4.16      3.27     -4.63     -8.66      1.38      6.69      1.00
               rw[137]     -4.18      3.31     -4.56     -9.39      0.89      6.62      1.00
               rw[138]     -4.17      3.28     -4.66     -9.01      1.27      6.63      1.00
               rw[139]     -4.19      3.31     -4.73     -9.09      0.95      6.67      1.01
               rw[140]     -4.21      3.27     -4.59     -9.03      1.26      6.58      1.01
               rw[141]     -4.29      3.25     -4.61     -8.92      1.09      6.73      1.00
               rw[142]     -4.37      3.22     -4.68     -9.34      0.61      6.67      1.00
               rw[143]     -4.45      3.22     -4.78     -8.84      1.17      6.61      1.00
               rw[144]     -4.49      3.25     -5.02     -9.31      0.72      6.44      1.01
               rw[145]     -4.54      3.30     -5.01     -9.36      0.91      6.61      1.01
               rw[146]     -4.58      3.26     -5.00     -9.06      0.99      6.71      1.01
               rw[147]     -4.68      3.22     -4.96     -9.57      0.38      6.81      1.00
               rw[148]     -4.78      3.20     -5.24     -9.59      0.35      6.78      1.00
               rw[149]     -4.82      3.30     -5.32     -9.65      0.56      6.84      1.00
               rw[150]     -4.82      3.26     -5.13     -9.48      0.57      6.80      1.01
               rw[151]     -4.75      3.21     -5.25     -9.76      0.17      6.65      1.01
               rw[152]     -4.63      3.23     -4.98     -9.16      0.91      6.76      1.01
               rw[153]     -4.59      3.27     -5.08     -9.55      0.61      6.76      1.00
               rw[154]     -4.58      3.30     -5.12     -9.32      0.86      6.72      1.01
               rw[155]     -4.58      3.24     -4.97     -9.16      0.80      6.77      1.01
               rw[156]     -4.59      3.23     -5.20     -9.28      0.46      6.59      1.01
               rw[157]     -4.50      3.20     -5.01     -9.22      0.42      6.60      1.01
               rw[158]     -4.41      3.30     -4.88     -9.29      0.75      6.62      1.01
               rw[159]     -4.23      3.32     -4.74     -8.91      1.16      6.65      1.01
               rw[160]     -4.19      3.35     -4.58     -9.42      0.81      6.82      1.01
               rw[161]     -4.20      3.32     -4.67     -8.85      1.35      6.83      1.01
               rw[162]     -4.17      3.30     -4.62     -8.64      1.54      6.97      1.01
               rw[163]     -4.13      3.27     -4.57     -9.00      0.89      7.11      1.01
               rw[164]     -4.06      3.19     -4.60     -8.63      1.30      6.87      1.01
               rw[165]     -3.93      3.22     -4.47     -8.62      1.11      6.64      1.01
               rw[166]     -3.77      3.24     -4.28     -8.30      1.52      6.64      1.01
               rw[167]     -3.66      3.22     -4.17     -8.11      1.88      6.76      1.01
               rw[168]     -3.53      3.21     -4.04     -8.33      1.66      6.82      1.01
               rw[169]     -3.50      3.24     -4.05     -8.19      1.66      6.84      1.01
               rw[170]     -3.46      3.26     -3.94     -8.06      1.95      6.78      1.01
               rw[171]     -3.51      3.26     -4.11     -8.20      1.97      6.77      1.00
               rw[172]     -3.44      3.26     -3.92     -7.99      1.88      6.67      1.01
               rw[173]     -3.45      3.27     -3.99     -8.20      1.73      6.54      1.01
               rw[174]     -3.48      3.25     -4.00     -8.16      1.88      6.76      1.00
               rw[175]     -3.54      3.27     -4.06     -8.03      1.99      6.76      1.01
               rw[176]     -3.70      3.31     -4.10     -7.99      2.14      6.59      1.00
               rw[177]     -3.85      3.30     -4.24     -8.70      1.41      6.78      1.01
               rw[178]     -3.97      3.31     -4.42     -8.48      1.56      6.70      1.00
               rw[179]     -4.04      3.31     -4.53     -9.03      1.36      6.84      1.01
               rw[180]     -4.03      3.32     -4.45     -8.54      1.72      6.97      1.01
               rw[181]     -4.13      3.28     -4.60     -8.53      1.50      7.07      1.01
               rw[182]     -4.21      3.31     -4.70     -8.83      1.53      6.98      1.01
               rw[183]     -4.37      3.31     -4.71     -9.73      0.77      6.84      1.01
               rw[184]     -4.43      3.27     -4.67     -9.78      0.44      6.92      1.01
               rw[185]     -4.38      3.26     -4.75     -8.73      1.47      6.92      1.01
               rw[186]     -4.27      3.27     -4.73     -9.15      1.06      6.83      1.01
               rw[187]     -4.16      3.22     -4.51     -9.41      0.82      6.81      1.00
               rw[188]     -3.94      3.20     -4.31     -8.53      1.63      6.85      1.00
               rw[189]     -3.83      3.20     -4.19     -8.75      1.18      6.73      1.01
               rw[190]     -3.70      3.20     -4.14     -8.45      1.38      6.69      1.00
               rw[191]     -3.58      3.22     -4.12     -7.94      1.95      6.68      1.00
               rw[192]     -3.43      3.20     -3.79     -8.26      1.67      6.89      1.00
               rw[193]     -3.25      3.19     -3.66     -7.78      2.07      6.80      1.00
               rw[194]     -3.10      3.20     -3.63     -7.60      2.32      6.79      1.00
               rw[195]     -3.05      3.20     -3.71     -7.59      2.34      6.74      1.00
               rw[196]     -3.03      3.17     -3.52     -7.25      2.48      6.81      1.00
               rw[197]     -3.06      3.16     -3.59     -7.63      2.12      6.80      1.00
               rw[198]     -3.07      3.22     -3.62     -8.00      1.94      6.51      1.00
               rw[199]     -3.02      3.21     -3.48     -7.37      2.74      6.65      1.00
               rw[200]     -2.92      3.23     -3.41     -7.51      2.51      6.57      1.00
               rw[201]     -2.83      3.22     -3.32     -7.73      2.11      6.56      1.01
               rw[202]     -2.81      3.18     -3.34     -7.27      2.60      6.63      1.01
               rw[203]     -2.78      3.19     -3.36     -7.41      2.36      6.57      1.01
               rw[204]     -2.79      3.18     -3.34     -7.49      2.36      6.50      1.01
               rw[205]     -2.80      3.17     -3.30     -7.42      2.38      6.68      1.00
               rw[206]     -2.74      3.20     -3.33     -7.28      2.43      6.73      1.00
               rw[207]     -2.70      3.22     -3.23     -7.26      2.53      6.70      1.01
               rw[208]     -2.60      3.20     -3.01     -7.08      2.68      6.68      1.01
               rw[209]     -2.60      3.18     -3.14     -7.42      2.36      6.63      1.01
               rw[210]     -2.55      3.19     -3.06     -6.99      2.81      6.60      1.01
               rw[211]     -2.50      3.23     -3.02     -7.26      2.64      6.64      1.01
               rw[212]     -2.47      3.24     -2.88     -7.16      2.98      6.67      1.01
               rw[213]     -2.42      3.19     -2.89     -7.08      3.04      6.61      1.00
               rw[214]     -2.37      3.20     -2.97     -6.92      2.85      6.57      1.01
               rw[215]     -2.39      3.26     -2.97     -6.88      3.12      6.61      1.00
               rw[216]     -2.47      3.23     -3.00     -6.89      2.75      6.56      1.00
               rw[217]     -2.59      3.24     -3.00     -7.33      2.57      6.62      1.00
               rw[218]     -2.81      3.26     -3.30     -7.54      2.34      6.48      1.00
               rw[219]     -3.03      3.23     -3.41     -7.76      2.10      6.66      1.00
               rw[220]     -3.17      3.22     -3.64     -7.97      1.72      6.58      1.01
               rw[221]     -3.26      3.29     -3.79     -7.92      2.18      6.63      1.01
               rw[222]     -3.36      3.25     -3.74     -8.19      1.75      6.79      1.01
               rw[223]     -3.34      3.33     -3.76     -8.15      2.03      6.84      1.00
               rw[224]     -3.38      3.44     -3.72     -8.33      2.30      7.34      1.00
               rw[225]     -3.37      3.48     -3.73     -8.46      2.29      7.83      1.01
               rw[226]     -3.43      3.61     -3.83     -9.31      1.97      8.24      1.00
               rw[227]     -3.44      3.71     -3.74     -9.01      2.78      9.00      1.00
                 sigma      0.23      0.02      0.23      0.20      0.27    744.74      1.00

Number of divergences: 0
