
                            mean       std    median      5.0%     95.0%     n_eff     r_hat
                    D0      1.94      5.26      0.72      0.00      4.06    841.05      1.00
                    E0     12.43     14.43      7.47      0.01     30.09     92.96      1.00
                    H0      1.10      1.03      0.79      0.00      2.50   2143.01      1.00
                    I0     10.90     12.83      6.80      0.34     23.96     40.36      1.02
                 beta0      1.11      0.69      0.99      0.27      1.86     11.55      1.06
  confirmed_dispersion      0.39      0.06      0.38      0.29      0.49   1323.60      1.00
      death_dispersion      0.70      0.07      0.70      0.59      0.83   2541.41      1.00
            death_prob      0.02      0.01      0.02      0.01      0.02     15.96      1.01
            death_rate      0.05      0.01      0.05      0.04      0.07    106.53      1.00
           det_prob[0]      0.26      0.07      0.26      0.16      0.37    252.53      1.01
           det_prob[1]      0.26      0.07      0.25      0.13      0.37    200.54      1.01
           det_prob[2]      0.25      0.08      0.24      0.12      0.38    214.60      1.01
           det_prob[3]      0.25      0.08      0.23      0.11      0.38    154.47      1.01
           det_prob[4]      0.24      0.09      0.23      0.09      0.37    145.97      1.01
           det_prob[5]      0.23      0.09      0.22      0.10      0.38    138.49      1.01
           det_prob[6]      0.23      0.09      0.22      0.10      0.38    133.53      1.01
           det_prob[7]      0.23      0.09      0.22      0.09      0.38    109.62      1.02
           det_prob[8]      0.23      0.09      0.22      0.07      0.37     93.27      1.02
           det_prob[9]      0.24      0.10      0.22      0.09      0.39     76.98      1.02
          det_prob[10]      0.24      0.10      0.23      0.09      0.40     77.12      1.01
          det_prob[11]      0.25      0.10      0.23      0.07      0.39     72.05      1.02
          det_prob[12]      0.25      0.10      0.24      0.09      0.42     66.34      1.02
          det_prob[13]      0.26      0.10      0.24      0.10      0.42     63.56      1.03
          det_prob[14]      0.25      0.10      0.24      0.09      0.40     59.04      1.03
          det_prob[15]      0.25      0.10      0.23      0.08      0.40     50.59      1.03
          det_prob[16]      0.25      0.10      0.23      0.09      0.40     49.80      1.03
          det_prob[17]      0.24      0.10      0.23      0.09      0.40     47.67      1.03
          det_prob[18]      0.24      0.10      0.23      0.09      0.40     46.89      1.03
          det_prob[19]      0.24      0.10      0.22      0.07      0.39     43.92      1.02
          det_prob[20]      0.23      0.10      0.22      0.08      0.40     39.98      1.02
          det_prob[21]      0.24      0.10      0.22      0.08      0.40     36.71      1.03
          det_prob[22]      0.24      0.10      0.22      0.08      0.39     34.98      1.03
          det_prob[23]      0.24      0.10      0.23      0.08      0.40     34.33      1.02
          det_prob[24]      0.24      0.10      0.23      0.08      0.40     32.16      1.02
          det_prob[25]      0.24      0.10      0.23      0.09      0.41     32.00      1.02
          det_prob[26]      0.24      0.10      0.22      0.07      0.39     31.99      1.01
          det_prob[27]      0.23      0.10      0.22      0.08      0.39     30.45      1.02
          det_prob[28]      0.23      0.10      0.22      0.07      0.39     28.24      1.02
          det_prob[29]      0.23      0.10      0.21      0.07      0.38     29.68      1.02
          det_prob[30]      0.22      0.10      0.21      0.07      0.38     27.53      1.02
          det_prob[31]      0.22      0.10      0.20      0.08      0.39     27.71      1.02
          det_prob[32]      0.22      0.10      0.20      0.07      0.36     27.49      1.01
          det_prob[33]      0.21      0.10      0.19      0.06      0.36     27.20      1.01
          det_prob[34]      0.21      0.10      0.19      0.06      0.35     26.46      1.02
          det_prob[35]      0.21      0.10      0.19      0.06      0.35     25.50      1.02
          det_prob[36]      0.20      0.10      0.19      0.05      0.34     25.94      1.01
          det_prob[37]      0.20      0.10      0.19      0.06      0.35     24.29      1.01
          det_prob[38]      0.21      0.10      0.19      0.06      0.35     25.37      1.01
          det_prob[39]      0.21      0.10      0.19      0.05      0.35     25.28      1.01
          det_prob[40]      0.21      0.10      0.19      0.06      0.35     24.71      1.01
          det_prob[41]      0.21      0.10      0.20      0.05      0.34     24.62      1.01
          det_prob[42]      0.21      0.10      0.20      0.05      0.34     24.94      1.01
          det_prob[43]      0.22      0.10      0.20      0.07      0.35     25.75      1.01
          det_prob[44]      0.21      0.10      0.19      0.07      0.36     26.21      1.01
          det_prob[45]      0.21      0.10      0.19      0.05      0.34     26.48      1.00
          det_prob[46]      0.20      0.09      0.19      0.05      0.34     25.36      1.00
          det_prob[47]      0.20      0.09      0.18      0.06      0.34     24.46      1.00
          det_prob[48]      0.20      0.09      0.18      0.06      0.33     24.33      1.00
          det_prob[49]      0.20      0.09      0.18      0.06      0.33     24.21      1.00
          det_prob[50]      0.19      0.09      0.18      0.05      0.33     25.29      1.00
          det_prob[51]      0.19      0.09      0.18      0.04      0.32     26.89      1.00
          det_prob[52]      0.19      0.09      0.17      0.06      0.33     25.87      1.00
          det_prob[53]      0.19      0.09      0.17      0.06      0.32     27.07      1.00
          det_prob[54]      0.19      0.09      0.17      0.05      0.32     26.12      1.00
          det_prob[55]      0.19      0.09      0.17      0.06      0.33     27.16      1.00
          det_prob[56]      0.19      0.09      0.18      0.06      0.32     27.02      1.00
          det_prob[57]      0.19      0.09      0.18      0.06      0.34     26.70      1.00
          det_prob[58]      0.19      0.09      0.18      0.06      0.32     27.54      1.00
          det_prob[59]      0.19      0.09      0.18      0.05      0.32     26.64      1.00
          det_prob[60]      0.19      0.09      0.17      0.06      0.33     26.84      1.00
          det_prob[61]      0.19      0.09      0.17      0.06      0.32     28.90      1.00
          det_prob[62]      0.19      0.09      0.17      0.05      0.32     29.11      1.00
          det_prob[63]      0.19      0.09      0.17      0.05      0.32     28.48      1.00
          det_prob[64]      0.19      0.09      0.17      0.06      0.33     30.58      1.00
          det_prob[65]      0.19      0.09      0.18      0.05      0.32     32.31      1.00
          det_prob[66]      0.19      0.09      0.18      0.06      0.33     32.28      1.00
          det_prob[67]      0.19      0.09      0.18      0.06      0.33     29.97      1.00
          det_prob[68]      0.19      0.09      0.18      0.06      0.33     30.88      1.00
          det_prob[69]      0.20      0.09      0.18      0.06      0.34     31.64      1.00
          det_prob[70]      0.20      0.09      0.19      0.07      0.34     32.43      1.00
          det_prob[71]      0.21      0.09      0.19      0.07      0.35     32.53      1.00
          det_prob[72]      0.21      0.09      0.19      0.06      0.35     31.00      1.00
          det_prob[73]      0.21      0.10      0.20      0.06      0.36     30.34      1.00
          det_prob[74]      0.22      0.10      0.20      0.07      0.37     32.21      1.00
          det_prob[75]      0.23      0.10      0.21      0.07      0.38     31.58      1.00
          det_prob[76]      0.23      0.10      0.22      0.08      0.40     30.33      1.00
          det_prob[77]      0.24      0.11      0.22      0.08      0.40     32.54      1.00
          det_prob[78]      0.24      0.11      0.23      0.07      0.41     31.27      1.01
          det_prob[79]      0.25      0.11      0.23      0.09      0.43     31.23      1.01
          det_prob[80]      0.26      0.12      0.23      0.07      0.43     31.65      1.01
          det_prob[81]      0.26      0.12      0.24      0.09      0.45     32.36      1.01
          det_prob[82]      0.27      0.12      0.25      0.09      0.46     32.44      1.01
          det_prob[83]      0.28      0.13      0.26      0.09      0.49     32.80      1.01
          det_prob[84]      0.29      0.13      0.27      0.09      0.50     33.17      1.01
          det_prob[85]      0.31      0.14      0.28      0.10      0.53     32.33      1.02
          det_prob[86]      0.31      0.14      0.29      0.09      0.53     33.46      1.02
          det_prob[87]      0.33      0.15      0.31      0.10      0.55     33.40      1.02
          det_prob[88]      0.34      0.15      0.31      0.09      0.56     35.01      1.02
          det_prob[89]      0.34      0.16      0.32      0.10      0.59     34.56      1.02
          det_prob[90]      0.35      0.16      0.32      0.10      0.61     36.34      1.02
          det_prob[91]      0.37      0.16      0.33      0.10      0.62     35.48      1.02
          det_prob[92]      0.38      0.17      0.34      0.13      0.67     35.07      1.03
          det_prob[93]      0.38      0.17      0.35      0.13      0.67     34.75      1.03
          det_prob[94]      0.38      0.18      0.35      0.12      0.68     35.53      1.03
          det_prob[95]      0.39      0.18      0.36      0.12      0.70     35.70      1.03
          det_prob[96]      0.40      0.19      0.36      0.11      0.70     36.05      1.03
          det_prob[97]      0.42      0.19      0.39      0.14      0.73     36.09      1.02
          det_prob[98]      0.43      0.19      0.39      0.13      0.75     34.58      1.02
          det_prob[99]      0.43      0.19      0.40      0.12      0.75     33.80      1.02
         det_prob[100]      0.45      0.20      0.41      0.11      0.75     32.99      1.02
         det_prob[101]      0.45      0.20      0.43      0.16      0.80     33.53      1.02
         det_prob[102]      0.46      0.20      0.44      0.17      0.82     33.19      1.02
         det_prob[103]      0.47      0.20      0.45      0.19      0.84     31.64      1.02
         det_prob[104]      0.48      0.20      0.46      0.19      0.83     30.06      1.02
         det_prob[105]      0.49      0.20      0.47      0.18      0.82     30.32      1.02
         det_prob[106]      0.50      0.20      0.48      0.20      0.86     29.63      1.02
         det_prob[107]      0.51      0.21      0.48      0.21      0.86     28.35      1.02
         det_prob[108]      0.52      0.21      0.50      0.20      0.85     27.66      1.01
         det_prob[109]      0.53      0.21      0.50      0.23      0.88     27.32      1.01
         det_prob[110]      0.54      0.21      0.52      0.23      0.88     27.09      1.01
         det_prob[111]      0.55      0.21      0.54      0.26      0.90     27.03      1.01
         det_prob[112]      0.56      0.21      0.55      0.25      0.89     26.80      1.01
         det_prob[113]      0.58      0.21      0.56      0.26      0.91     26.01      1.01
         det_prob[114]      0.59      0.21      0.57      0.28      0.91     24.99      1.01
         det_prob[115]      0.59      0.21      0.58      0.29      0.92     24.60      1.01
         det_prob[116]      0.60      0.21      0.59      0.27      0.91     23.77      1.01
         det_prob[117]      0.61      0.21      0.60      0.29      0.92     23.19      1.01
         det_prob[118]      0.61      0.21      0.61      0.32      0.95     22.83      1.01
         det_prob[119]      0.62      0.21      0.63      0.31      0.93     22.16      1.01
         det_prob[120]      0.63      0.20      0.65      0.33      0.95     21.71      1.01
         det_prob[121]      0.64      0.20      0.66      0.35      0.96     22.20      1.01
         det_prob[122]      0.65      0.20      0.67      0.36      0.96     22.58      1.01
         det_prob[123]      0.65      0.20      0.67      0.36      0.96     22.23      1.01
         det_prob[124]      0.66      0.20      0.69      0.36      0.96     22.26      1.01
         det_prob[125]      0.67      0.20      0.70      0.36      0.96     21.62      1.01
         det_prob[126]      0.68      0.20      0.71      0.38      0.97     21.10      1.01
         det_prob[127]      0.69      0.20      0.72      0.39      0.97     20.50      1.01
         det_prob[128]      0.69      0.20      0.73      0.40      0.97     20.20      1.01
         det_prob[129]      0.70      0.20      0.74      0.39      0.96     19.64      1.01
         det_prob[130]      0.71      0.19      0.74      0.40      0.97     19.43      1.01
         det_prob[131]      0.71      0.19      0.75      0.42      0.98     19.62      1.01
         det_prob[132]      0.72      0.19      0.76      0.40      0.97     19.50      1.01
         det_prob[133]      0.72      0.19      0.77      0.42      0.98     19.06      1.01
         det_prob[134]      0.73      0.19      0.77      0.43      0.98     18.67      1.01
         det_prob[135]      0.74      0.18      0.78      0.45      0.99     18.46      1.01
         det_prob[136]      0.74      0.18      0.79      0.48      0.99     18.29      1.01
         det_prob[137]      0.75      0.18      0.79      0.48      0.99     18.51      1.01
         det_prob[138]      0.76      0.18      0.80      0.48      0.98     18.48      1.00
         det_prob[139]      0.76      0.17      0.80      0.51      0.99     18.09      1.01
         det_prob[140]      0.77      0.17      0.81      0.50      0.99     18.02      1.01
         det_prob[141]      0.78      0.16      0.82      0.53      0.99     18.30      1.00
         det_prob[142]      0.78      0.16      0.82      0.53      0.99     18.18      1.00
         det_prob[143]      0.78      0.17      0.83      0.52      0.99     18.14      1.00
         det_prob[144]      0.79      0.17      0.83      0.52      0.99     18.08      1.00
         det_prob[145]      0.79      0.16      0.83      0.55      0.99     18.09      1.00
         det_prob[146]      0.79      0.16      0.84      0.55      0.99     17.70      1.00
         det_prob[147]      0.80      0.16      0.85      0.56      0.99     17.99      1.00
         det_prob[148]      0.80      0.15      0.85      0.56      0.99     17.83      1.00
         det_prob[149]      0.81      0.15      0.85      0.58      1.00     17.69      1.00
         det_prob[150]      0.81      0.15      0.86      0.59      0.99     18.28      1.00
         det_prob[151]      0.81      0.15      0.86      0.58      1.00     18.10      1.00
         det_prob[152]      0.82      0.15      0.86      0.59      1.00     18.25      1.00
         det_prob[153]      0.82      0.15      0.87      0.59      1.00     17.66      1.00
         det_prob[154]      0.82      0.15      0.87      0.60      1.00     17.73      1.00
         det_prob[155]      0.82      0.15      0.87      0.60      0.99     17.70      1.00
         det_prob[156]      0.82      0.15      0.87      0.61      1.00     17.70      1.00
         det_prob[157]      0.82      0.15      0.87      0.60      0.99     17.43      1.00
         det_prob[158]      0.82      0.15      0.87      0.60      0.99     17.59      1.01
         det_prob[159]      0.82      0.15      0.87      0.60      1.00     16.90      1.01
         det_prob[160]      0.83      0.15      0.88      0.59      1.00     16.96      1.01
         det_prob[161]      0.83      0.15      0.88      0.60      1.00     17.00      1.01
         det_prob[162]      0.83      0.15      0.88      0.60      1.00     17.03      1.01
         det_prob[163]      0.83      0.15      0.88      0.60      1.00     16.81      1.01
         det_prob[164]      0.83      0.15      0.88      0.59      0.99     16.84      1.01
         det_prob[165]      0.83      0.15      0.88      0.59      1.00     16.84      1.01
         det_prob[166]      0.83      0.15      0.88      0.59      1.00     16.84      1.01
         det_prob[167]      0.83      0.15      0.88      0.60      1.00     16.89      1.01
         det_prob[168]      0.83      0.15      0.88      0.59      0.99     16.90      1.01
         det_prob[169]      0.83      0.15      0.88      0.60      1.00     16.78      1.01
         det_prob[170]      0.83      0.15      0.88      0.60      1.00     16.92      1.01
         det_prob[171]      0.83      0.15      0.89      0.59      1.00     16.70      1.01
         det_prob[172]      0.83      0.15      0.89      0.60      1.00     16.29      1.01
         det_prob[173]      0.83      0.15      0.89      0.61      1.00     16.25      1.01
         det_prob[174]      0.83      0.15      0.89      0.60      1.00     16.25      1.01
         det_prob[175]      0.83      0.15      0.88      0.61      1.00     16.16      1.01
         det_prob[176]      0.83      0.15      0.88      0.60      1.00     16.26      1.01
         det_prob[177]      0.83      0.15      0.88      0.60      1.00     16.61      1.01
         det_prob[178]      0.83      0.15      0.88      0.60      1.00     16.70      1.01
         det_prob[179]      0.83      0.15      0.88      0.60      1.00     16.78      1.01
         det_prob[180]      0.83      0.15      0.88      0.61      1.00     16.66      1.01
         det_prob[181]      0.83      0.15      0.88      0.61      1.00     16.53      1.02
         det_prob[182]      0.83      0.15      0.88      0.61      1.00     16.16      1.01
         det_prob[183]      0.83      0.15      0.88      0.60      1.00     16.02      1.01
         det_prob[184]      0.83      0.15      0.87      0.60      1.00     15.67      1.02
         det_prob[185]      0.82      0.16      0.87      0.60      1.00     15.42      1.02
         det_prob[186]      0.82      0.16      0.87      0.59      1.00     15.47      1.02
         det_prob[187]      0.82      0.16      0.87      0.58      1.00     15.98      1.02
         det_prob[188]      0.81      0.17      0.87      0.56      1.00     16.29      1.02
         det_prob[189]      0.82      0.17      0.86      0.56      1.00     16.03      1.02
         det_prob[190]      0.81      0.17      0.86      0.56      1.00     15.86      1.02
         det_prob[191]      0.81      0.18      0.86      0.54      1.00     15.57      1.02
         det_prob[192]      0.80      0.18      0.85      0.53      1.00     15.36      1.02
         det_prob[193]      0.79      0.18      0.85      0.52      1.00     15.33      1.02
         det_prob[194]      0.79      0.19      0.85      0.50      1.00     15.58      1.01
         det_prob[195]      0.78      0.19      0.84      0.48      1.00     15.67      1.01
         det_prob[196]      0.77      0.20      0.83      0.47      1.00     15.56      1.01
         det_prob[197]      0.76      0.21      0.82      0.45      1.00     15.29      1.01
         det_prob[198]      0.76      0.21      0.81      0.43      1.00     15.19      1.01
         det_prob[199]      0.75      0.22      0.80      0.41      1.00     15.10      1.01
         det_prob[200]      0.74      0.23      0.80      0.39      1.00     14.88      1.01
         det_prob[201]      0.73      0.24      0.79      0.37      1.00     14.69      1.01
         det_prob[202]      0.72      0.24      0.78      0.36      1.00     14.81      1.01
         det_prob[203]      0.71      0.24      0.77      0.35      1.00     14.82      1.01
         det_prob[204]      0.71      0.25      0.77      0.34      1.00     14.91      1.01
         det_prob[205]      0.70      0.25      0.76      0.32      1.00     14.72      1.01
         det_prob[206]      0.69      0.26      0.74      0.31      1.00     14.34      1.01
         det_prob[207]      0.68      0.26      0.74      0.30      1.00     14.22      1.01
         det_prob[208]      0.68      0.27      0.74      0.29      1.00     14.07      1.01
         det_prob[209]      0.67      0.27      0.73      0.28      1.00     13.89      1.01
         det_prob[210]      0.67      0.28      0.72      0.27      1.00     13.90      1.01
         det_prob[211]      0.66      0.28      0.72      0.26      1.00     14.00      1.01
         det_prob[212]      0.66      0.28      0.72      0.25      1.00     14.05      1.01
         det_prob[213]      0.65      0.29      0.71      0.25      1.00     14.22      1.01
         det_prob[214]      0.65      0.29      0.70      0.25      1.00     14.31      1.01
         det_prob[215]      0.65      0.29      0.71      0.24      1.00     14.30      1.01
         det_prob[216]      0.65      0.29      0.71      0.25      1.00     14.38      1.01
         det_prob[217]      0.65      0.29      0.71      0.25      1.00     14.47      1.01
         det_prob[218]      0.65      0.29      0.71      0.24      1.00     14.45      1.01
         det_prob[219]      0.65      0.29      0.70      0.23      1.00     14.57      1.01
         det_prob[220]      0.65      0.29      0.69      0.23      1.00     14.65      1.01
         det_prob[221]      0.64      0.29      0.69      0.22      1.00     14.90      1.01
         det_prob[222]      0.64      0.29      0.68      0.22      1.00     14.90      1.01
         det_prob[223]      0.64      0.30      0.69      0.21      1.00     14.92      1.01
         det_prob[224]      0.64      0.30      0.68      0.21      1.00     15.07      1.01
         det_prob[225]      0.64      0.30      0.69      0.21      1.00     15.17      1.01
         det_prob[226]      0.64      0.30      0.69      0.20      1.00     15.09      1.01
         det_prob[227]      0.63      0.30      0.67      0.19      1.00     15.31      1.01
             det_prob0      0.27      0.06      0.27      0.17      0.36    352.65      1.01
            det_prob_d      0.90      0.03      0.90      0.85      0.95   2598.74      1.00
                 gamma      0.48      0.05      0.48      0.40      0.57   1378.95      1.00
                 rw[0]     -0.17      1.02     -0.20     -1.85      1.43     61.31      1.01
                 rw[1]     -0.25      1.46     -0.30     -2.49      2.31     33.77      1.01
                 rw[2]     -0.22      1.75     -0.25     -3.07      2.62     19.93      1.02
                 rw[3]     -0.12      2.05     -0.19     -3.48      3.25     17.49      1.03
                 rw[4]      0.04      2.29      0.01     -3.86      3.67     14.74      1.04
                 rw[5]      0.22      2.50      0.16     -3.83      4.40     12.79      1.03
                 rw[6]      0.44      2.66      0.46     -3.78      4.97     11.82      1.04
                 rw[7]      0.69      2.80      0.67     -3.94      5.16     10.75      1.05
                 rw[8]      0.98      2.96      0.92     -3.74      5.94     10.44      1.06
                 rw[9]      1.20      3.14      1.06     -3.74      6.38      9.93      1.04
                rw[10]      1.38      3.21      1.28     -3.07      7.20      9.60      1.04
                rw[11]      1.52      3.30      1.25     -2.95      7.78      9.36      1.05
                rw[12]      1.51      3.31      1.40     -3.38      7.35      9.02      1.05
                rw[13]      1.50      3.38      1.29     -3.80      7.23      9.35      1.04
                rw[14]      1.42      3.41      1.20     -3.44      7.53      9.39      1.04
                rw[15]      1.35      3.42      1.09     -3.24      7.84      9.18      1.03
                rw[16]      1.24      3.47      0.96     -3.89      7.25      9.11      1.04
                rw[17]      1.13      3.44      0.86     -4.04      7.00      9.34      1.03
                rw[18]      1.05      3.41      0.79     -4.19      6.78      9.16      1.04
                rw[19]      0.93      3.39      0.60     -3.74      6.99      9.33      1.03
                rw[20]      0.89      3.38      0.71     -4.21      6.47      9.25      1.03
                rw[21]      0.80      3.35      0.60     -3.92      6.76      9.17      1.03
                rw[22]      0.68      3.36      0.48     -4.80      5.85      9.59      1.03
                rw[23]      0.47      3.36      0.31     -4.75      6.16      9.21      1.04
                rw[24]      0.15      3.31      0.04     -4.76      5.77      9.44      1.03
                rw[25]     -0.20      3.27     -0.42     -4.93      5.53      9.22      1.04
                rw[26]     -0.63      3.27     -0.87     -6.22      4.32      9.32      1.04
                rw[27]     -1.07      3.25     -1.34     -6.05      4.20      9.12      1.04
                rw[28]     -1.45      3.25     -1.69     -6.14      3.93      9.22      1.04
                rw[29]     -1.83      3.27     -2.13     -6.81      3.54      9.57      1.04
                rw[30]     -2.17      3.22     -2.47     -7.27      3.04      9.59      1.04
                rw[31]     -2.49      3.24     -2.74     -7.45      2.64      9.54      1.04
                rw[32]     -2.77      3.19     -3.06     -7.44      2.60      9.60      1.04
                rw[33]     -3.04      3.23     -3.28     -8.01      2.33      9.85      1.04
                rw[34]     -3.10      3.21     -3.40     -7.90      2.25      9.95      1.04
                rw[35]     -3.15      3.23     -3.34     -7.86      2.32     10.10      1.04
                rw[36]     -3.15      3.28     -3.31     -8.52      2.15     10.07      1.04
                rw[37]     -3.10      3.29     -3.26     -8.04      2.67     10.05      1.04
                rw[38]     -2.93      3.29     -3.03     -8.33      2.33     10.14      1.03
                rw[39]     -2.89      3.28     -3.09     -7.73      2.90      9.78      1.04
                rw[40]     -2.80      3.30     -3.01     -7.45      2.89      9.63      1.03
                rw[41]     -2.67      3.29     -2.77     -7.32      3.11      9.68      1.03
                rw[42]     -2.58      3.32     -2.86     -7.10      3.40      9.51      1.04
                rw[43]     -2.50      3.30     -2.74     -7.05      3.38      9.62      1.03
                rw[44]     -2.49      3.32     -2.71     -7.57      3.18      9.94      1.03
                rw[45]     -2.41      3.31     -2.55     -7.32      3.35      9.93      1.03
                rw[46]     -2.30      3.30     -2.36     -7.13      3.48      9.92      1.03
                rw[47]     -2.21      3.30     -2.40     -7.11      3.68      9.76      1.03
                rw[48]     -2.12      3.30     -2.31     -7.53      3.17      9.88      1.03
                rw[49]     -2.06      3.32     -2.26     -6.60      4.00      9.75      1.03
                rw[50]     -2.10      3.30     -2.33     -7.24      3.43      9.49      1.03
                rw[51]     -2.09      3.27     -2.30     -7.28      3.15      9.66      1.04
                rw[52]     -2.13      3.25     -2.22     -7.16      3.17      9.77      1.03
                rw[53]     -2.23      3.25     -2.24     -7.24      3.19      9.68      1.03
                rw[54]     -2.32      3.22     -2.43     -7.03      3.32      9.76      1.03
                rw[55]     -2.46      3.25     -2.69     -7.28      3.17      9.89      1.03
                rw[56]     -2.60      3.27     -2.77     -7.61      2.83     10.25      1.03
                rw[57]     -2.80      3.30     -3.09     -8.02      2.47     10.09      1.04
                rw[58]     -3.04      3.32     -3.25     -8.22      2.51      9.86      1.04
                rw[59]     -3.20      3.28     -3.41     -8.17      2.28      9.25      1.04
                rw[60]     -3.42      3.27     -3.70     -8.11      2.50      9.40      1.04
                rw[61]     -3.62      3.27     -3.76     -8.19      2.39      9.32      1.04
                rw[62]     -3.78      3.36     -3.96     -8.37      2.57      9.81      1.04
                rw[63]     -3.93      3.36     -4.14     -8.72      2.03      9.59      1.04
                rw[64]     -4.07      3.32     -4.28     -9.05      1.60      9.40      1.04
                rw[65]     -4.14      3.34     -4.24     -8.92      1.65      9.19      1.04
                rw[66]     -4.23      3.38     -4.40     -9.09      1.58      9.15      1.05
                rw[67]     -4.27      3.35     -4.37     -9.18      1.44      9.37      1.04
                rw[68]     -4.33      3.37     -4.44     -8.92      1.80      9.56      1.05
                rw[69]     -4.37      3.39     -4.46     -9.52      1.11      9.84      1.04
                rw[70]     -4.41      3.44     -4.68     -9.46      1.32      9.94      1.03
                rw[71]     -4.41      3.48     -4.63     -9.17      1.98      9.99      1.04
                rw[72]     -4.44      3.48     -4.63     -9.32      1.93     10.14      1.03
                rw[73]     -4.50      3.46     -4.64     -9.96      1.00     10.35      1.03
                rw[74]     -4.47      3.50     -4.68     -9.41      1.50     10.31      1.03
                rw[75]     -4.47      3.50     -4.68     -9.67      1.37     10.49      1.04
                rw[76]     -4.52      3.52     -4.70     -9.36      1.84     10.36      1.04
                rw[77]     -4.58      3.54     -4.79     -9.50      1.81     10.49      1.04
                rw[78]     -4.65      3.54     -4.79    -10.53      0.78     10.60      1.04
                rw[79]     -4.71      3.51     -4.87     -9.96      1.16     10.45      1.04
                rw[80]     -4.79      3.56     -4.98    -10.34      0.92     10.40      1.04
                rw[81]     -4.81      3.56     -4.93    -10.16      0.93     10.67      1.04
                rw[82]     -4.82      3.55     -4.85    -10.11      1.09     10.57      1.04
                rw[83]     -4.91      3.55     -5.10    -10.17      1.08     10.32      1.05
                rw[84]     -4.99      3.55     -5.16    -10.22      1.03     10.25      1.05
                rw[85]     -5.12      3.54     -5.28     -9.87      1.26     10.13      1.05
                rw[86]     -5.20      3.57     -5.32    -10.62      0.80     10.32      1.05
                rw[87]     -5.31      3.57     -5.40    -10.06      1.43     10.48      1.05
                rw[88]     -5.46      3.55     -5.63    -10.54      0.88     10.65      1.05
                rw[89]     -5.55      3.50     -5.69    -10.98      0.26     10.88      1.05
                rw[90]     -5.70      3.47     -5.85    -11.19     -0.00     10.75      1.04
                rw[91]     -5.86      3.43     -6.05    -10.94      0.00     10.43      1.05
                rw[92]     -5.91      3.41     -6.04    -11.04     -0.15     10.08      1.04
                rw[93]     -5.93      3.40     -6.12    -11.14     -0.24     10.06      1.04
                rw[94]     -5.98      3.42     -6.19    -11.08      0.18     10.00      1.04
                rw[95]     -6.04      3.39     -6.17    -11.54     -0.68     10.13      1.04
                rw[96]     -6.07      3.43     -6.28    -11.10      0.04      9.98      1.04
                rw[97]     -6.04      3.36     -6.25    -10.87      0.15     10.00      1.03
                rw[98]     -5.99      3.38     -6.20    -11.19     -0.25     10.01      1.03
                rw[99]     -5.95      3.37     -6.27    -11.53     -0.71     10.10      1.03
               rw[100]     -5.85      3.40     -6.20    -10.89     -0.03     10.14      1.03
               rw[101]     -5.81      3.38     -6.03    -10.61      0.50     10.03      1.03
               rw[102]     -5.69      3.37     -6.04    -10.82      0.19      9.95      1.03
               rw[103]     -5.65      3.34     -5.94    -10.75     -0.06      9.97      1.03
               rw[104]     -5.56      3.35     -5.67    -10.66      0.14     10.16      1.03
               rw[105]     -5.55      3.40     -5.73    -10.12      1.01     10.10      1.03
               rw[106]     -5.44      3.41     -5.61    -11.13     -0.19     10.24      1.03
               rw[107]     -5.35      3.46     -5.44    -11.05      0.39     10.53      1.03
               rw[108]     -5.29      3.47     -5.42    -10.69      0.60     10.65      1.02
               rw[109]     -5.15      3.43     -5.26    -10.16      0.82     10.36      1.03
               rw[110]     -5.09      3.41     -5.23    -10.39      0.57     10.29      1.03
               rw[111]     -4.99      3.42     -5.16    -10.36      0.40     10.40      1.03
               rw[112]     -4.92      3.39     -4.98     -9.93      0.73     10.91      1.03
               rw[113]     -4.85      3.38     -4.99    -10.34      0.33     10.57      1.03
               rw[114]     -4.81      3.39     -5.04    -10.13      0.59     10.65      1.03
               rw[115]     -4.76      3.37     -4.89     -9.87      0.92     10.55      1.03
               rw[116]     -4.75      3.35     -5.03     -9.94      0.65     10.61      1.03
               rw[117]     -4.67      3.35     -4.81     -9.37      1.22     10.51      1.03
               rw[118]     -4.55      3.37     -4.67     -9.21      1.56     10.18      1.04
               rw[119]     -4.37      3.34     -4.50     -9.45      1.40     10.06      1.04
               rw[120]     -4.24      3.31     -4.48     -8.82      1.67      9.99      1.04
               rw[121]     -4.12      3.31     -4.16     -8.68      2.00     10.26      1.04
               rw[122]     -3.99      3.32     -4.16     -9.13      1.52     10.02      1.04
               rw[123]     -3.86      3.33     -4.01     -8.82      1.91     10.28      1.03
               rw[124]     -3.71      3.29     -3.85     -8.57      1.88     10.00      1.04
               rw[125]     -3.57      3.27     -3.71     -8.75      1.79      9.82      1.04
               rw[126]     -3.43      3.27     -3.64     -8.73      1.75     10.03      1.03
               rw[127]     -3.34      3.26     -3.60     -8.13      2.25      9.70      1.03
               rw[128]     -3.22      3.29     -3.44     -8.06      2.50      9.65      1.03
               rw[129]     -3.15      3.30     -3.35     -8.47      2.18      9.85      1.03
               rw[130]     -3.11      3.28     -3.28     -7.95      2.75     10.00      1.03
               rw[131]     -3.06      3.24     -3.28     -7.85      2.80      9.76      1.03
               rw[132]     -3.06      3.30     -3.35     -8.04      2.72      9.97      1.03
               rw[133]     -3.07      3.28     -3.21     -8.14      2.65      9.90      1.03
               rw[134]     -3.07      3.26     -3.30     -7.84      2.71      9.34      1.03
               rw[135]     -3.05      3.24     -3.28     -8.15      2.34      9.26      1.03
               rw[136]     -3.07      3.22     -3.22     -7.69      2.66      9.18      1.04
               rw[137]     -3.11      3.23     -3.23     -7.84      2.69      9.49      1.03
               rw[138]     -3.17      3.23     -3.12     -8.11      2.40      9.73      1.04
               rw[139]     -3.24      3.22     -3.44     -7.61      2.78      9.22      1.04
               rw[140]     -3.32      3.19     -3.50     -8.03      2.27      9.30      1.04
               rw[141]     -3.36      3.24     -3.42     -8.34      1.90      9.22      1.04
               rw[142]     -3.54      3.26     -3.77     -8.63      1.87      9.31      1.04
               rw[143]     -3.58      3.25     -3.75     -7.89      2.53      9.51      1.03
               rw[144]     -3.65      3.24     -3.84     -8.39      1.83      9.50      1.03
               rw[145]     -3.69      3.22     -3.82     -8.52      1.69      9.82      1.03
               rw[146]     -3.75      3.23     -3.96     -8.08      2.28      9.41      1.04
               rw[147]     -3.82      3.26     -3.94     -8.53      1.73      9.35      1.04
               rw[148]     -3.86      3.27     -3.96     -8.78      1.62      9.11      1.05
               rw[149]     -3.90      3.26     -4.00     -8.78      1.59      9.34      1.04
               rw[150]     -4.00      3.27     -4.06     -8.65      1.81      9.46      1.04
               rw[151]     -4.05      3.25     -4.17     -8.75      1.59      9.54      1.04
               rw[152]     -4.07      3.30     -4.17     -8.81      1.82      9.69      1.05
               rw[153]     -4.06      3.29     -4.23     -8.70      1.71      9.45      1.05
               rw[154]     -4.04      3.31     -4.26     -8.50      2.17      9.39      1.05
               rw[155]     -4.06      3.31     -4.29     -8.92      1.52      9.14      1.04
               rw[156]     -4.09      3.27     -4.32     -8.43      1.82      9.27      1.04
               rw[157]     -4.09      3.29     -4.39     -8.83      1.53      9.28      1.04
               rw[158]     -4.13      3.30     -4.29     -9.16      1.29      9.87      1.04
               rw[159]     -4.18      3.38     -4.31     -9.44      1.29      9.89      1.04
               rw[160]     -4.15      3.37     -4.13     -9.09      1.65      9.83      1.04
               rw[161]     -4.14      3.38     -4.25     -9.32      1.62     10.38      1.04
               rw[162]     -4.17      3.35     -4.28    -10.00      0.92     10.19      1.05
               rw[163]     -4.20      3.32     -4.36     -8.99      1.93      9.98      1.05
               rw[164]     -4.13      3.29     -4.27     -9.30      1.18      9.79      1.05
               rw[165]     -4.06      3.28     -4.29     -9.20      1.47      9.82      1.05
               rw[166]     -3.98      3.25     -4.13     -8.56      1.78      9.81      1.05
               rw[167]     -3.88      3.25     -4.03     -9.05      1.30     10.00      1.04
               rw[168]     -3.78      3.26     -4.03     -8.74      1.61      9.89      1.04
               rw[169]     -3.66      3.24     -3.92     -8.76      1.69      9.89      1.04
               rw[170]     -3.56      3.30     -3.79     -8.69      1.96      9.88      1.03
               rw[171]     -3.42      3.30     -3.70     -7.84      2.64     10.05      1.03
               rw[172]     -3.28      3.28     -3.64     -8.45      2.17     10.01      1.03
               rw[173]     -3.19      3.24     -3.42     -7.94      2.46      9.63      1.04
               rw[174]     -3.08      3.29     -3.27     -7.97      2.53      9.45      1.04
               rw[175]     -2.97      3.29     -3.21     -7.80      2.55      9.57      1.04
               rw[176]     -2.84      3.33     -3.12     -7.72      2.63      9.59      1.04
               rw[177]     -2.71      3.31     -2.87     -7.41      2.81     10.02      1.03
               rw[178]     -2.60      3.25     -2.77     -7.04      3.27      9.99      1.03
               rw[179]     -2.42      3.24     -2.65     -6.87      3.38      9.55      1.04
               rw[180]     -2.32      3.24     -2.55     -6.86      3.44      9.26      1.05
               rw[181]     -2.22      3.31     -2.44     -7.33      3.32      9.27      1.05
               rw[182]     -2.20      3.34     -2.42     -7.26      3.45      9.47      1.04
               rw[183]     -2.19      3.30     -2.38     -7.04      3.32      9.48      1.04
               rw[184]     -2.18      3.25     -2.23     -7.05      3.31      9.80      1.05
               rw[185]     -2.21      3.26     -2.27     -7.37      2.95      9.51      1.04
               rw[186]     -2.20      3.24     -2.38     -6.78      3.54      9.45      1.04
               rw[187]     -2.21      3.20     -2.34     -6.69      3.52      9.31      1.05
               rw[188]     -2.27      3.21     -2.41     -7.33      2.88      9.26      1.05
               rw[189]     -2.30      3.24     -2.55     -7.25      2.88      8.95      1.05
               rw[190]     -2.43      3.27     -2.63     -7.26      3.12      9.02      1.04
               rw[191]     -2.47      3.24     -2.82     -7.53      3.01      8.86      1.04
               rw[192]     -2.49      3.22     -2.73     -7.08      3.28      8.87      1.04
               rw[193]     -2.53      3.23     -2.67     -7.65      2.67      8.79      1.04
               rw[194]     -2.52      3.32     -2.80     -7.79      2.79      8.91      1.03
               rw[195]     -2.48      3.26     -2.86     -7.59      2.99      9.02      1.04
               rw[196]     -2.35      3.28     -2.57     -7.75      2.75      8.87      1.04
               rw[197]     -2.28      3.26     -2.58     -7.62      2.89      8.99      1.04
               rw[198]     -2.20      3.25     -2.37     -6.71      3.64      8.68      1.05
               rw[199]     -2.10      3.27     -2.39     -7.40      3.14      8.94      1.05
               rw[200]     -1.89      3.29     -2.14     -6.90      3.74      8.79      1.05
               rw[201]     -1.71      3.27     -1.98     -6.77      3.71      8.82      1.04
               rw[202]     -1.49      3.27     -1.76     -6.31      4.15      8.78      1.04
               rw[203]     -1.31      3.28     -1.58     -6.39      4.03      9.08      1.04
               rw[204]     -1.18      3.28     -1.49     -5.67      5.16      9.10      1.04
               rw[205]     -1.11      3.33     -1.30     -5.92      4.51      9.22      1.04
               rw[206]     -1.11      3.28     -1.44     -5.54      4.92      8.69      1.05
               rw[207]     -1.04      3.28     -1.43     -5.57      4.98      8.74      1.05
               rw[208]     -1.06      3.34     -1.46     -6.49      4.22      8.58      1.05
               rw[209]     -1.07      3.36     -1.36     -6.16      4.57      8.81      1.05
               rw[210]     -1.18      3.32     -1.52     -6.16      4.63      8.95      1.05
               rw[211]     -1.36      3.32     -1.61     -5.81      5.13      9.33      1.04
               rw[212]     -1.53      3.34     -1.85     -6.59      4.23      9.18      1.05
               rw[213]     -1.76      3.36     -1.99     -6.78      4.22      9.46      1.04
               rw[214]     -1.99      3.37     -2.09     -7.23      3.68      9.26      1.04
               rw[215]     -2.25      3.39     -2.45     -6.73      4.32      9.11      1.04
               rw[216]     -2.44      3.38     -2.81     -7.33      3.54      9.06      1.05
               rw[217]     -2.65      3.40     -2.88     -7.69      3.13      9.22      1.04
               rw[218]     -2.92      3.43     -3.04     -7.82      3.33      9.34      1.04
               rw[219]     -3.11      3.48     -3.23     -8.64      2.44      9.25      1.04
               rw[220]     -3.34      3.49     -3.53     -8.79      2.27      9.36      1.04
               rw[221]     -3.50      3.49     -3.73     -9.33      1.95      9.60      1.04
               rw[222]     -3.66      3.59     -4.00     -9.21      2.28      9.96      1.04
               rw[223]     -3.77      3.65     -3.97     -9.47      2.31     10.76      1.04
               rw[224]     -3.86      3.72     -3.98     -9.89      2.28     11.05      1.03
               rw[225]     -3.98      3.80     -4.02     -9.65      2.81     11.86      1.03
               rw[226]     -4.03      3.93     -4.14     -9.75      3.01     12.33      1.03
               rw[227]     -4.06      4.04     -4.19    -10.28      2.68     12.68      1.04
                 sigma      0.23      0.02      0.23      0.19      0.27   1116.98      1.00

Number of divergences: 0
