
                            mean       std    median      5.0%     95.0%     n_eff     r_hat
                    D0      0.69      0.85      0.44      0.00      1.56    826.66      1.00
                    E0     42.33     37.63     32.00      0.08     89.61     61.18      1.02
                    H0      1.96      1.51      1.62      0.06      3.82   1153.33      1.00
                    I0      9.43     12.65      5.24      0.01     21.07    165.04      1.02
                 beta0      2.15      0.88      2.02      0.85      3.56     11.73      1.03
  confirmed_dispersion      0.15      0.03      0.15      0.11      0.19    781.34      1.00
      death_dispersion      0.19      0.02      0.19      0.17      0.22    995.47      1.00
            death_prob      0.01      0.00      0.01      0.01      0.01     24.07      1.04
            death_rate      0.12      0.02      0.12      0.09      0.15    234.14      1.01
           det_prob[0]      0.18      0.05      0.18      0.10      0.26    388.01      1.01
           det_prob[1]      0.16      0.05      0.15      0.08      0.24    349.25      1.00
           det_prob[2]      0.14      0.05      0.14      0.07      0.22    323.72      1.00
           det_prob[3]      0.13      0.05      0.12      0.06      0.20    279.17      1.00
           det_prob[4]      0.12      0.04      0.11      0.05      0.17    229.46      1.01
           det_prob[5]      0.11      0.04      0.10      0.05      0.17    204.64      1.01
           det_prob[6]      0.10      0.04      0.09      0.04      0.16    224.15      1.01
           det_prob[7]      0.09      0.03      0.08      0.04      0.14    204.51      1.01
           det_prob[8]      0.09      0.03      0.08      0.04      0.14    172.89      1.02
           det_prob[9]      0.08      0.03      0.08      0.04      0.13    141.72      1.02
          det_prob[10]      0.08      0.03      0.07      0.03      0.11    135.28      1.01
          det_prob[11]      0.08      0.03      0.08      0.04      0.12    119.98      1.01
          det_prob[12]      0.08      0.03      0.08      0.04      0.12    118.87      1.02
          det_prob[13]      0.08      0.03      0.08      0.04      0.12    102.94      1.03
          det_prob[14]      0.08      0.03      0.08      0.04      0.12    100.93      1.02
          det_prob[15]      0.08      0.03      0.08      0.04      0.12     95.22      1.03
          det_prob[16]      0.08      0.03      0.08      0.04      0.13     84.31      1.03
          det_prob[17]      0.09      0.03      0.08      0.04      0.13     78.14      1.03
          det_prob[18]      0.09      0.03      0.08      0.04      0.13     74.73      1.03
          det_prob[19]      0.09      0.03      0.08      0.04      0.13     74.11      1.03
          det_prob[20]      0.09      0.03      0.08      0.04      0.13     67.31      1.03
          det_prob[21]      0.09      0.03      0.09      0.04      0.14     64.62      1.03
          det_prob[22]      0.09      0.03      0.08      0.04      0.13     64.41      1.03
          det_prob[23]      0.09      0.03      0.08      0.05      0.13     65.47      1.04
          det_prob[24]      0.08      0.03      0.08      0.04      0.13     64.23      1.03
          det_prob[25]      0.08      0.03      0.08      0.04      0.12     77.49      1.03
          det_prob[26]      0.08      0.03      0.07      0.04      0.12     75.66      1.02
          det_prob[27]      0.08      0.03      0.07      0.03      0.11     70.75      1.03
          det_prob[28]      0.08      0.03      0.07      0.03      0.11     69.80      1.02
          det_prob[29]      0.08      0.03      0.07      0.03      0.11     74.05      1.02
          det_prob[30]      0.07      0.02      0.07      0.04      0.11     70.50      1.02
          det_prob[31]      0.07      0.02      0.07      0.04      0.11     60.62      1.03
          det_prob[32]      0.07      0.02      0.07      0.03      0.11     59.43      1.03
          det_prob[33]      0.07      0.02      0.07      0.04      0.11     63.98      1.02
          det_prob[34]      0.07      0.02      0.07      0.04      0.11     65.35      1.03
          det_prob[35]      0.07      0.02      0.07      0.03      0.11     55.08      1.04
          det_prob[36]      0.07      0.02      0.07      0.04      0.11     55.71      1.04
          det_prob[37]      0.08      0.02      0.07      0.04      0.11     54.32      1.03
          det_prob[38]      0.08      0.03      0.07      0.04      0.12     58.31      1.03
          det_prob[39]      0.08      0.03      0.07      0.04      0.12     62.34      1.02
          det_prob[40]      0.08      0.03      0.08      0.04      0.12     58.79      1.01
          det_prob[41]      0.08      0.03      0.08      0.04      0.12     60.47      1.01
          det_prob[42]      0.09      0.03      0.08      0.04      0.12     50.82      1.01
          det_prob[43]      0.09      0.03      0.08      0.04      0.13     52.85      1.02
          det_prob[44]      0.09      0.03      0.09      0.04      0.13     53.73      1.02
          det_prob[45]      0.09      0.03      0.09      0.04      0.13     56.97      1.01
          det_prob[46]      0.09      0.03      0.09      0.05      0.14     59.00      1.02
          det_prob[47]      0.10      0.03      0.09      0.05      0.14     53.54      1.02
          det_prob[48]      0.10      0.03      0.09      0.05      0.14     45.31      1.02
          det_prob[49]      0.10      0.03      0.10      0.05      0.14     45.87      1.02
          det_prob[50]      0.10      0.03      0.09      0.05      0.14     50.77      1.02
          det_prob[51]      0.10      0.03      0.09      0.06      0.15     56.00      1.01
          det_prob[52]      0.10      0.03      0.10      0.06      0.15     61.96      1.01
          det_prob[53]      0.10      0.03      0.09      0.05      0.15     63.10      1.01
          det_prob[54]      0.10      0.03      0.10      0.05      0.15     66.41      1.01
          det_prob[55]      0.10      0.03      0.10      0.05      0.15     64.73      1.01
          det_prob[56]      0.10      0.03      0.10      0.06      0.15     57.66      1.01
          det_prob[57]      0.11      0.03      0.10      0.06      0.15     65.48      1.00
          det_prob[58]      0.11      0.03      0.10      0.06      0.16     71.44      1.00
          det_prob[59]      0.11      0.03      0.10      0.06      0.17     70.05      1.00
          det_prob[60]      0.11      0.03      0.10      0.06      0.16     64.01      1.00
          det_prob[61]      0.11      0.04      0.10      0.05      0.16     68.96      1.00
          det_prob[62]      0.11      0.04      0.10      0.05      0.16     71.08      1.00
          det_prob[63]      0.11      0.04      0.10      0.05      0.16     68.97      1.00
          det_prob[64]      0.11      0.04      0.10      0.05      0.16     63.55      1.00
          det_prob[65]      0.11      0.04      0.10      0.05      0.16     56.92      1.01
          det_prob[66]      0.11      0.04      0.10      0.05      0.16     57.44      1.01
          det_prob[67]      0.10      0.04      0.10      0.05      0.15     56.80      1.01
          det_prob[68]      0.10      0.03      0.09      0.05      0.15     62.18      1.00
          det_prob[69]      0.10      0.03      0.09      0.05      0.15     64.96      1.00
          det_prob[70]      0.11      0.03      0.10      0.05      0.15     59.08      1.00
          det_prob[71]      0.11      0.04      0.11      0.05      0.16     57.06      1.00
          det_prob[72]      0.12      0.04      0.11      0.06      0.17     64.57      1.00
          det_prob[73]      0.12      0.04      0.11      0.05      0.18     63.91      1.00
          det_prob[74]      0.12      0.04      0.12      0.06      0.18     60.74      1.00
          det_prob[75]      0.12      0.04      0.12      0.06      0.18     65.17      1.00
          det_prob[76]      0.12      0.04      0.11      0.06      0.17     63.89      1.00
          det_prob[77]      0.11      0.04      0.10      0.06      0.16     66.97      1.01
          det_prob[78]      0.11      0.03      0.10      0.05      0.16     69.53      1.00
          det_prob[79]      0.10      0.03      0.10      0.05      0.15     66.89      1.00
          det_prob[80]      0.10      0.03      0.10      0.05      0.14     67.43      1.00
          det_prob[81]      0.10      0.03      0.10      0.05      0.15     60.30      1.00
          det_prob[82]      0.10      0.03      0.09      0.05      0.15     64.73      1.00
          det_prob[83]      0.10      0.03      0.09      0.04      0.14     60.60      1.00
          det_prob[84]      0.10      0.03      0.09      0.05      0.15     64.51      1.01
          det_prob[85]      0.10      0.03      0.10      0.05      0.15     67.14      1.01
          det_prob[86]      0.10      0.03      0.09      0.05      0.15     65.80      1.01
          det_prob[87]      0.09      0.03      0.09      0.05      0.14     62.01      1.02
          det_prob[88]      0.09      0.03      0.08      0.04      0.13     57.82      1.02
          det_prob[89]      0.09      0.03      0.08      0.04      0.13     62.58      1.02
          det_prob[90]      0.09      0.03      0.08      0.04      0.13     72.77      1.02
          det_prob[91]      0.09      0.03      0.08      0.04      0.13     67.98      1.03
          det_prob[92]      0.09      0.03      0.09      0.04      0.14     66.20      1.02
          det_prob[93]      0.09      0.03      0.08      0.04      0.13     67.63      1.03
          det_prob[94]      0.09      0.03      0.08      0.04      0.13     64.12      1.03
          det_prob[95]      0.09      0.03      0.08      0.05      0.14     64.60      1.03
          det_prob[96]      0.09      0.03      0.08      0.04      0.14     60.30      1.03
          det_prob[97]      0.10      0.03      0.09      0.04      0.15     60.29      1.03
          det_prob[98]      0.10      0.03      0.09      0.04      0.14     62.69      1.03
          det_prob[99]      0.10      0.03      0.09      0.04      0.15     58.76      1.03
         det_prob[100]      0.10      0.03      0.09      0.05      0.15     57.71      1.03
         det_prob[101]      0.10      0.03      0.09      0.05      0.15     55.57      1.02
         det_prob[102]      0.10      0.03      0.09      0.05      0.15     56.41      1.02
         det_prob[103]      0.10      0.03      0.09      0.04      0.15     52.17      1.03
         det_prob[104]      0.10      0.03      0.10      0.05      0.15     56.36      1.03
         det_prob[105]      0.10      0.03      0.10      0.06      0.16     56.16      1.02
         det_prob[106]      0.10      0.03      0.10      0.04      0.15     63.67      1.02
         det_prob[107]      0.10      0.03      0.09      0.05      0.15     66.17      1.01
         det_prob[108]      0.09      0.03      0.09      0.04      0.14     66.96      1.01
         det_prob[109]      0.09      0.03      0.08      0.04      0.14     74.10      1.01
         det_prob[110]      0.08      0.03      0.08      0.04      0.12     77.70      1.01
         det_prob[111]      0.07      0.03      0.07      0.04      0.11     71.15      1.02
         det_prob[112]      0.07      0.03      0.07      0.04      0.11     64.78      1.03
         det_prob[113]      0.07      0.02      0.07      0.03      0.11     66.31      1.03
         det_prob[114]      0.07      0.02      0.06      0.03      0.10     64.64      1.02
         det_prob[115]      0.07      0.02      0.06      0.03      0.10     72.43      1.02
         det_prob[116]      0.06      0.02      0.06      0.03      0.10     67.53      1.01
         det_prob[117]      0.07      0.02      0.06      0.03      0.10     66.69      1.02
         det_prob[118]      0.07      0.03      0.07      0.04      0.11     66.42      1.02
         det_prob[119]      0.08      0.03      0.07      0.04      0.12     61.88      1.02
         det_prob[120]      0.08      0.03      0.08      0.04      0.13     61.53      1.01
         det_prob[121]      0.09      0.03      0.08      0.04      0.13     60.55      1.01
         det_prob[122]      0.09      0.03      0.09      0.05      0.14     64.01      1.01
         det_prob[123]      0.10      0.03      0.09      0.05      0.15     59.01      1.01
         det_prob[124]      0.11      0.04      0.10      0.05      0.16     54.73      1.01
         det_prob[125]      0.12      0.04      0.11      0.05      0.17     48.00      1.01
         det_prob[126]      0.13      0.05      0.12      0.06      0.20     46.44      1.01
         det_prob[127]      0.15      0.05      0.15      0.07      0.23     50.13      1.01
         det_prob[128]      0.18      0.06      0.16      0.09      0.28     49.78      1.01
         det_prob[129]      0.20      0.07      0.19      0.10      0.30     51.98      1.01
         det_prob[130]      0.21      0.07      0.20      0.11      0.33     51.22      1.01
         det_prob[131]      0.24      0.08      0.22      0.12      0.36     49.45      1.00
         det_prob[132]      0.26      0.09      0.24      0.13      0.40     50.37      1.00
         det_prob[133]      0.27      0.09      0.25      0.13      0.41     46.83      1.00
         det_prob[134]      0.28      0.09      0.26      0.13      0.42     45.82      1.00
         det_prob[135]      0.30      0.10      0.28      0.14      0.45     43.53      1.01
         det_prob[136]      0.32      0.11      0.31      0.13      0.48     42.92      1.00
         det_prob[137]      0.35      0.12      0.34      0.18      0.53     39.17      1.00
         det_prob[138]      0.39      0.12      0.37      0.18      0.55     41.70      1.00
         det_prob[139]      0.43      0.12      0.42      0.24      0.62     39.59      1.00
         det_prob[140]      0.47      0.12      0.46      0.27      0.65     38.26      1.00
         det_prob[141]      0.51      0.12      0.50      0.30      0.69     40.26      1.00
         det_prob[142]      0.54      0.12      0.54      0.32      0.72     38.27      1.00
         det_prob[143]      0.57      0.12      0.57      0.35      0.75     36.90      1.00
         det_prob[144]      0.59      0.12      0.60      0.37      0.79     34.01      1.00
         det_prob[145]      0.60      0.13      0.62      0.39      0.82     36.53      1.00
         det_prob[146]      0.62      0.13      0.62      0.41      0.83     35.50      1.00
         det_prob[147]      0.63      0.13      0.64      0.42      0.84     35.50      1.00
         det_prob[148]      0.64      0.12      0.64      0.46      0.86     36.58      1.00
         det_prob[149]      0.65      0.12      0.65      0.45      0.85     40.71      1.00
         det_prob[150]      0.65      0.13      0.65      0.46      0.86     40.36      1.00
         det_prob[151]      0.65      0.13      0.66      0.46      0.87     38.78      1.00
         det_prob[152]      0.66      0.13      0.67      0.45      0.86     37.98      1.00
         det_prob[153]      0.67      0.12      0.68      0.48      0.88     37.89      1.00
         det_prob[154]      0.68      0.12      0.69      0.51      0.90     38.26      1.00
         det_prob[155]      0.69      0.12      0.70      0.51      0.89     38.37      1.00
         det_prob[156]      0.70      0.12      0.70      0.51      0.88     37.30      1.00
         det_prob[157]      0.70      0.12      0.71      0.52      0.90     37.21      1.00
         det_prob[158]      0.71      0.11      0.72      0.52      0.88     34.12      1.01
         det_prob[159]      0.72      0.11      0.73      0.55      0.89     37.37      1.01
         det_prob[160]      0.73      0.11      0.74      0.56      0.90     37.00      1.01
         det_prob[161]      0.73      0.11      0.74      0.56      0.90     35.43      1.01
         det_prob[162]      0.72      0.11      0.74      0.55      0.90     34.13      1.01
         det_prob[163]      0.71      0.12      0.72      0.53      0.91     32.83      1.02
         det_prob[164]      0.71      0.12      0.71      0.52      0.92     32.94      1.02
         det_prob[165]      0.70      0.12      0.71      0.51      0.90     33.82      1.02
         det_prob[166]      0.70      0.13      0.70      0.49      0.89     34.10      1.02
         det_prob[167]      0.69      0.13      0.69      0.49      0.89     34.70      1.02
         det_prob[168]      0.68      0.13      0.68      0.47      0.90     33.25      1.02
         det_prob[169]      0.67      0.14      0.67      0.47      0.90     32.79      1.02
         det_prob[170]      0.67      0.14      0.67      0.44      0.89     30.51      1.03
         det_prob[171]      0.65      0.15      0.64      0.42      0.90     30.45      1.03
         det_prob[172]      0.64      0.15      0.62      0.41      0.90     30.42      1.02
         det_prob[173]      0.62      0.15      0.62      0.40      0.91     28.77      1.03
         det_prob[174]      0.61      0.16      0.61      0.38      0.89     28.73      1.03
         det_prob[175]      0.60      0.16      0.60      0.38      0.92     28.76      1.03
         det_prob[176]      0.59      0.17      0.58      0.34      0.88     28.11      1.03
         det_prob[177]      0.58      0.17      0.57      0.29      0.85     28.26      1.04
         det_prob[178]      0.57      0.18      0.56      0.30      0.87     29.56      1.03
         det_prob[179]      0.56      0.18      0.55      0.28      0.87     29.19      1.03
         det_prob[180]      0.56      0.18      0.55      0.28      0.88     28.38      1.03
         det_prob[181]      0.56      0.18      0.54      0.28      0.87     27.51      1.03
         det_prob[182]      0.56      0.18      0.54      0.27      0.87     27.75      1.04
         det_prob[183]      0.56      0.19      0.54      0.24      0.85     27.30      1.04
         det_prob[184]      0.56      0.19      0.55      0.27      0.88     27.82      1.03
         det_prob[185]      0.57      0.19      0.55      0.27      0.88     27.80      1.04
         det_prob[186]      0.57      0.19      0.56      0.28      0.89     26.33      1.04
         det_prob[187]      0.58      0.18      0.57      0.32      0.92     26.01      1.04
         det_prob[188]      0.60      0.18      0.59      0.32      0.91     24.75      1.05
         det_prob[189]      0.61      0.18      0.60      0.34      0.90     25.72      1.05
         det_prob[190]      0.63      0.17      0.62      0.37      0.92     25.20      1.05
         det_prob[191]      0.64      0.17      0.63      0.39      0.93     25.31      1.04
         det_prob[192]      0.65      0.17      0.65      0.40      0.93     24.81      1.04
         det_prob[193]      0.66      0.16      0.66      0.41      0.92     24.96      1.03
         det_prob[194]      0.68      0.16      0.68      0.45      0.94     24.75      1.03
         det_prob[195]      0.69      0.15      0.70      0.46      0.94     24.71      1.03
         det_prob[196]      0.70      0.15      0.71      0.48      0.94     25.80      1.03
         det_prob[197]      0.71      0.15      0.72      0.50      0.95     25.86      1.03
         det_prob[198]      0.72      0.14      0.74      0.52      0.96     25.61      1.03
         det_prob[199]      0.73      0.14      0.74      0.52      0.95     24.11      1.03
         det_prob[200]      0.74      0.14      0.76      0.52      0.95     23.74      1.04
         det_prob[201]      0.75      0.14      0.76      0.53      0.95     24.14      1.03
         det_prob[202]      0.76      0.13      0.77      0.57      0.97     22.93      1.04
         det_prob[203]      0.77      0.13      0.79      0.57      0.96     22.81      1.04
         det_prob[204]      0.78      0.12      0.80      0.60      0.97     23.28      1.04
         det_prob[205]      0.79      0.12      0.81      0.62      0.97     22.44      1.03
         det_prob[206]      0.80      0.11      0.81      0.63      0.97     23.89      1.03
         det_prob[207]      0.80      0.11      0.81      0.63      0.97     26.86      1.03
         det_prob[208]      0.81      0.11      0.82      0.64      0.97     26.80      1.03
         det_prob[209]      0.81      0.11      0.82      0.65      0.97     27.33      1.03
         det_prob[210]      0.82      0.11      0.83      0.66      0.98     27.57      1.03
         det_prob[211]      0.82      0.11      0.84      0.67      0.98     30.00      1.03
         det_prob[212]      0.82      0.11      0.84      0.67      0.99     31.04      1.02
         det_prob[213]      0.83      0.11      0.85      0.66      0.98     31.50      1.02
         det_prob[214]      0.83      0.11      0.85      0.67      0.98     32.16      1.02
         det_prob[215]      0.83      0.11      0.85      0.67      0.98     32.81      1.02
         det_prob[216]      0.83      0.11      0.86      0.67      0.98     33.85      1.02
         det_prob[217]      0.84      0.11      0.86      0.68      0.98     34.38      1.02
         det_prob[218]      0.84      0.11      0.87      0.68      0.99     35.01      1.01
         det_prob[219]      0.84      0.11      0.87      0.68      0.98     36.53      1.01
         det_prob[220]      0.84      0.11      0.86      0.68      0.99     35.93      1.01
         det_prob[221]      0.84      0.11      0.87      0.68      0.99     36.99      1.01
         det_prob[222]      0.84      0.11      0.87      0.69      0.99     39.60      1.01
         det_prob[223]      0.84      0.11      0.87      0.68      0.99     41.61      1.01
         det_prob[224]      0.84      0.11      0.87      0.68      0.99     45.00      1.01
         det_prob[225]      0.84      0.11      0.87      0.67      0.99     48.09      1.01
         det_prob[226]      0.84      0.12      0.87      0.68      0.99     50.67      1.01
         det_prob[227]      0.84      0.12      0.87      0.67      0.99     51.84      1.01
             det_prob0      0.21      0.05      0.20      0.13      0.30    510.29      1.00
            det_prob_d      0.90      0.03      0.90      0.85      0.95   1761.20      1.00
                 gamma      0.51      0.05      0.51      0.42      0.58    684.10      1.00
                 rw[0]     -0.00      0.97     -0.00     -1.62      1.52    120.71      1.00
                 rw[1]      0.05      1.33     -0.03     -1.91      2.31     42.92      1.01
                 rw[2]      0.23      1.53      0.20     -2.42      2.72     24.78      1.01
                 rw[3]      0.49      1.76      0.46     -2.46      3.26     19.31      1.02
                 rw[4]      0.84      1.93      0.85     -2.26      3.97     15.60      1.02
                 rw[5]      1.11      2.07      1.07     -2.24      4.49     13.09      1.02
                 rw[6]      1.34      2.15      1.37     -2.31      4.73     12.75      1.02
                 rw[7]      1.52      2.28      1.49     -2.01      5.15     11.58      1.03
                 rw[8]      1.68      2.31      1.71     -2.07      5.38     11.12      1.04
                 rw[9]      1.73      2.36      1.68     -2.33      5.35     11.24      1.03
                rw[10]      1.67      2.34      1.59     -1.60      5.99     10.62      1.03
                rw[11]      1.49      2.36      1.36     -2.27      5.41     10.55      1.03
                rw[12]      1.08      2.36      1.06     -2.66      4.90      9.99      1.04
                rw[13]      0.61      2.33      0.48     -3.50      4.11     10.33      1.04
                rw[14]      0.16      2.31      0.04     -3.77      3.85     10.32      1.03
                rw[15]     -0.23      2.29     -0.37     -3.94      3.48     10.57      1.03
                rw[16]     -0.53      2.27     -0.67     -4.28      3.21     10.88      1.03
                rw[17]     -0.86      2.35     -0.93     -4.93      2.71     10.68      1.04
                rw[18]     -1.13      2.30     -1.19     -5.07      2.32     10.77      1.03
                rw[19]     -1.38      2.28     -1.42     -5.64      1.97     10.23      1.04
                rw[20]     -1.51      2.25     -1.62     -5.24      2.05     10.54      1.03
                rw[21]     -1.67      2.25     -1.68     -5.27      1.98     10.52      1.03
                rw[22]     -1.95      2.23     -2.02     -5.71      1.56     10.42      1.03
                rw[23]     -2.23      2.26     -2.36     -6.06      1.41     10.51      1.03
                rw[24]     -2.56      2.33     -2.61     -6.44      1.08     10.29      1.04
                rw[25]     -3.05      2.33     -3.09     -6.74      0.94     10.12      1.03
                rw[26]     -3.52      2.35     -3.57     -7.81     -0.02     10.21      1.04
                rw[27]     -4.11      2.41     -4.03     -7.82      0.02      9.99      1.04
                rw[28]     -4.61      2.37     -4.61     -8.42     -0.84     10.11      1.04
                rw[29]     -5.10      2.38     -5.16     -8.54     -0.83     10.06      1.04
                rw[30]     -5.55      2.39     -5.64     -9.57     -1.80     10.58      1.03
                rw[31]     -5.95      2.39     -6.05     -9.88     -2.21     11.15      1.03
                rw[32]     -6.28      2.35     -6.30    -10.03     -2.61     11.53      1.03
                rw[33]     -6.56      2.35     -6.64    -10.13     -2.63     11.56      1.03
                rw[34]     -6.78      2.42     -6.88    -10.44     -2.80     11.99      1.03
                rw[35]     -6.95      2.48     -6.97    -10.47     -2.42     11.69      1.03
                rw[36]     -7.10      2.50     -7.30    -11.41     -3.16     11.68      1.03
                rw[37]     -7.18      2.52     -7.35    -11.41     -3.16     11.31      1.03
                rw[38]     -7.19      2.52     -7.32    -11.06     -3.02     11.33      1.03
                rw[39]     -7.26      2.49     -7.37    -11.18     -3.05     10.85      1.03
                rw[40]     -7.32      2.47     -7.52    -10.72     -2.59     10.76      1.03
                rw[41]     -7.29      2.44     -7.36    -11.41     -3.38     11.11      1.03
                rw[42]     -7.22      2.45     -7.34    -10.98     -3.05     10.50      1.03
                rw[43]     -7.16      2.48     -7.19    -10.67     -2.64     10.80      1.04
                rw[44]     -7.06      2.47     -7.11    -11.01     -3.04     10.19      1.04
                rw[45]     -6.97      2.48     -7.12    -10.99     -2.97     10.22      1.04
                rw[46]     -6.93      2.49     -7.06    -10.87     -2.62     10.04      1.04
                rw[47]     -6.91      2.55     -6.94    -11.39     -2.99     10.33      1.04
                rw[48]     -6.92      2.51     -6.95    -10.86     -2.80     10.50      1.03
                rw[49]     -6.96      2.53     -6.97    -10.94     -2.92     10.99      1.04
                rw[50]     -7.03      2.52     -7.05    -10.82     -2.68     10.85      1.03
                rw[51]     -7.11      2.49     -7.22    -10.96     -2.93     11.30      1.03
                rw[52]     -7.27      2.52     -7.41    -11.37     -3.18     11.08      1.02
                rw[53]     -7.41      2.49     -7.52    -11.44     -3.49     11.34      1.02
                rw[54]     -7.55      2.54     -7.68    -11.42     -3.22     11.35      1.02
                rw[55]     -7.62      2.51     -7.74    -11.80     -3.65     11.29      1.03
                rw[56]     -7.66      2.51     -7.75    -11.73     -3.66     11.20      1.03
                rw[57]     -7.70      2.54     -7.80    -11.55     -3.40     11.28      1.04
                rw[58]     -7.75      2.54     -7.83    -11.90     -3.73     11.05      1.04
                rw[59]     -7.86      2.56     -7.99    -11.63     -3.33     10.83      1.04
                rw[60]     -7.90      2.56     -8.09    -12.03     -3.67     10.97      1.04
                rw[61]     -7.94      2.55     -8.17    -11.79     -3.42     10.59      1.04
                rw[62]     -7.99      2.57     -8.18    -11.95     -3.62     10.66      1.03
                rw[63]     -7.98      2.61     -8.11    -12.28     -3.84     10.50      1.04
                rw[64]     -7.99      2.60     -8.12    -12.20     -3.84     10.67      1.03
                rw[65]     -7.94      2.57     -8.03    -12.33     -3.99     10.76      1.04
                rw[66]     -7.91      2.59     -8.08    -11.85     -3.58     10.42      1.03
                rw[67]     -7.76      2.55     -7.86    -11.71     -3.42     10.93      1.04
                rw[68]     -7.62      2.56     -7.78    -12.04     -3.90     10.29      1.04
                rw[69]     -7.40      2.53     -7.48    -11.61     -3.39     10.53      1.04
                rw[70]     -7.17      2.51     -7.26    -11.26     -3.25     10.61      1.04
                rw[71]     -6.95      2.51     -7.02    -11.22     -3.08     10.54      1.04
                rw[72]     -6.82      2.49     -6.81    -10.64     -2.47     10.66      1.04
                rw[73]     -6.65      2.49     -6.55    -11.16     -2.94     10.85      1.04
                rw[74]     -6.55      2.47     -6.63    -10.78     -2.74     10.53      1.03
                rw[75]     -6.41      2.51     -6.45    -10.52     -2.40     10.42      1.03
                rw[76]     -6.30      2.55     -6.34    -10.38     -2.11     10.55      1.03
                rw[77]     -6.11      2.52     -6.24    -10.50     -2.32     10.41      1.03
                rw[78]     -5.96      2.52     -6.03    -10.19     -2.05     10.35      1.03
                rw[79]     -5.83      2.50     -5.91    -10.04     -1.81     10.41      1.04
                rw[80]     -5.71      2.56     -5.76    -10.03     -1.63     10.41      1.04
                rw[81]     -5.70      2.55     -5.76     -9.90     -1.54     10.29      1.04
                rw[82]     -5.66      2.56     -5.88     -9.52     -1.11      9.91      1.05
                rw[83]     -5.75      2.56     -5.85    -10.37     -2.04     10.27      1.05
                rw[84]     -5.86      2.58     -5.99    -10.19     -1.73     10.18      1.05
                rw[85]     -6.06      2.57     -6.21    -10.08     -1.86     10.18      1.05
                rw[86]     -6.37      2.57     -6.63    -10.62     -2.33     10.64      1.04
                rw[87]     -6.62      2.55     -6.79    -10.79     -2.58     11.03      1.04
                rw[88]     -6.92      2.53     -7.04    -11.23     -3.16     11.97      1.04
                rw[89]     -7.20      2.53     -7.35    -11.21     -3.15     11.75      1.04
                rw[90]     -7.45      2.52     -7.57    -11.75     -3.63     11.61      1.04
                rw[91]     -7.71      2.49     -7.84    -11.43     -3.22     11.42      1.04
                rw[92]     -7.93      2.48     -8.03    -12.08     -4.12     10.75      1.04
                rw[93]     -8.14      2.49     -8.22    -12.17     -4.29     10.61      1.05
                rw[94]     -8.23      2.50     -8.36    -12.40     -4.27     10.37      1.04
                rw[95]     -8.35      2.54     -8.49    -12.30     -4.11     10.16      1.04
                rw[96]     -8.34      2.54     -8.43    -12.17     -4.02     10.28      1.04
                rw[97]     -8.33      2.57     -8.50    -12.59     -4.33     10.28      1.04
                rw[98]     -8.27      2.50     -8.36    -12.47     -4.33     10.05      1.05
                rw[99]     -8.07      2.51     -8.21    -12.13     -4.28      9.85      1.05
               rw[100]     -7.86      2.47     -7.95    -11.81     -3.78     10.47      1.06
               rw[101]     -7.53      2.53     -7.63    -11.50     -3.17     10.69      1.05
               rw[102]     -7.12      2.48     -7.31    -10.83     -2.87     10.96      1.04
               rw[103]     -6.67      2.51     -6.70    -10.47     -2.17     10.65      1.04
               rw[104]     -6.15      2.49     -6.25    -10.19     -1.97     10.79      1.04
               rw[105]     -5.66      2.43     -5.77     -9.71     -1.74     11.05      1.04
               rw[106]     -5.18      2.45     -5.27     -8.85     -0.68     10.89      1.04
               rw[107]     -4.73      2.47     -4.80     -8.60     -0.47     10.83      1.03
               rw[108]     -4.36      2.51     -4.46     -8.57     -0.47      9.71      1.04
               rw[109]     -4.06      2.50     -4.15     -8.66     -0.37      9.66      1.04
               rw[110]     -3.75      2.51     -3.89     -8.30      0.13      9.88      1.04
               rw[111]     -3.59      2.54     -3.68     -7.75      0.43      9.94      1.05
               rw[112]     -3.53      2.55     -3.71     -7.34      0.91     10.19      1.04
               rw[113]     -3.70      2.58     -3.90     -8.24      0.23     10.27      1.04
               rw[114]     -3.98      2.59     -4.10     -8.40     -0.03     10.54      1.04
               rw[115]     -4.46      2.64     -4.51     -8.49      0.05     10.72      1.03
               rw[116]     -5.03      2.72     -5.12     -9.43     -0.65     10.72      1.03
               rw[117]     -5.70      2.73     -5.82    -10.09     -1.28     10.39      1.03
               rw[118]     -6.42      2.64     -6.55    -10.52     -2.08     10.50      1.03
               rw[119]     -7.17      2.62     -7.32    -11.75     -3.21     10.67      1.03
               rw[120]     -7.91      2.66     -8.01    -12.05     -3.34     11.23      1.03
               rw[121]     -8.63      2.63     -8.77    -12.71     -4.20     11.44      1.03
               rw[122]     -9.31      2.59     -9.42    -13.64     -5.11     11.06      1.03
               rw[123]     -9.88      2.59    -10.10    -13.85     -5.48     10.93      1.03
               rw[124]    -10.29      2.60    -10.54    -14.41     -6.12     10.98      1.03
               rw[125]    -10.59      2.59    -10.61    -15.13     -6.84     11.08      1.04
               rw[126]    -10.82      2.59    -10.98    -15.15     -6.78     10.72      1.04
               rw[127]    -10.88      2.59    -11.01    -15.07     -6.59     10.96      1.03
               rw[128]    -10.92      2.59    -11.12    -14.97     -6.58     10.92      1.03
               rw[129]    -10.86      2.65    -10.96    -14.97     -6.43     11.10      1.03
               rw[130]    -10.74      2.58    -10.84    -14.98     -6.62     11.45      1.03
               rw[131]    -10.51      2.61    -10.55    -15.12     -6.65     10.94      1.04
               rw[132]    -10.25      2.64    -10.40    -14.27     -5.74     10.60      1.03
               rw[133]     -9.90      2.67    -10.00    -14.58     -5.80     10.40      1.03
               rw[134]     -9.40      2.62     -9.53    -13.61     -5.26     10.24      1.03
               rw[135]     -8.82      2.62     -8.90    -13.06     -4.61     10.33      1.04
               rw[136]     -8.18      2.57     -8.37    -12.09     -3.92      9.86      1.03
               rw[137]     -7.52      2.54     -7.64    -12.00     -3.67     10.05      1.04
               rw[138]     -6.98      2.55     -7.20    -10.93     -2.78     10.12      1.04
               rw[139]     -6.47      2.55     -6.66    -10.63     -2.28     10.22      1.03
               rw[140]     -6.05      2.49     -6.09    -10.15     -2.15     10.59      1.04
               rw[141]     -5.80      2.48     -5.93     -9.58     -1.61     10.67      1.03
               rw[142]     -5.65      2.46     -5.79     -9.75     -1.72     10.33      1.04
               rw[143]     -5.62      2.50     -5.71     -9.48     -1.25     10.34      1.04
               rw[144]     -5.60      2.50     -5.71     -9.77     -1.80     10.52      1.03
               rw[145]     -5.67      2.52     -5.89     -9.53     -1.58     10.51      1.03
               rw[146]     -5.69      2.45     -5.75     -9.66     -1.62     10.42      1.04
               rw[147]     -5.74      2.45     -5.78     -9.56     -1.69     10.55      1.04
               rw[148]     -5.84      2.44     -6.02     -9.21     -1.25     10.42      1.04
               rw[149]     -5.95      2.47     -5.99     -9.87     -1.75     10.42      1.05
               rw[150]     -6.01      2.50     -6.05     -9.78     -1.54     10.52      1.04
               rw[151]     -6.06      2.52     -6.15     -9.91     -1.48     10.77      1.04
               rw[152]     -6.08      2.46     -6.14    -10.43     -2.30     10.46      1.04
               rw[153]     -6.11      2.48     -6.30    -10.04     -1.99     10.24      1.05
               rw[154]     -6.14      2.45     -6.22    -10.29     -2.29     10.16      1.05
               rw[155]     -6.20      2.43     -6.42     -9.88     -2.04      9.90      1.05
               rw[156]     -6.27      2.43     -6.40     -9.83     -2.12      9.75      1.05
               rw[157]     -6.38      2.45     -6.45     -9.68     -1.83     10.18      1.04
               rw[158]     -6.41      2.45     -6.38    -10.22     -2.32     10.08      1.05
               rw[159]     -6.49      2.45     -6.47    -10.13     -2.11     10.26      1.05
               rw[160]     -6.65      2.50     -6.70    -10.56     -2.37     10.14      1.05
               rw[161]     -6.83      2.54     -6.86    -10.89     -2.71      9.76      1.06
               rw[162]     -6.98      2.54     -7.08    -10.72     -2.58     10.36      1.05
               rw[163]     -6.96      2.47     -7.14    -10.66     -2.59     10.20      1.05
               rw[164]     -6.73      2.46     -6.86    -10.59     -2.63      9.52      1.06
               rw[165]     -6.42      2.45     -6.61    -10.19     -2.27      9.42      1.06
               rw[166]     -6.06      2.45     -6.15    -10.36     -2.30      9.38      1.06
               rw[167]     -5.68      2.40     -5.82     -9.32     -1.61      9.17      1.05
               rw[168]     -5.22      2.42     -5.32     -9.15     -1.40      9.79      1.05
               rw[169]     -4.71      2.51     -4.95     -8.43     -0.45      9.48      1.05
               rw[170]     -4.34      2.51     -4.59     -7.99     -0.01      9.27      1.04
               rw[171]     -3.96      2.49     -4.09     -7.60      0.45      9.69      1.04
               rw[172]     -3.55      2.47     -3.68     -7.67      0.28      9.54      1.04
               rw[173]     -3.22      2.43     -3.45     -7.18      0.55      9.50      1.04
               rw[174]     -2.96      2.45     -3.20     -6.96      0.87      9.32      1.05
               rw[175]     -2.92      2.52     -3.18     -6.70      1.39      9.16      1.05
               rw[176]     -2.99      2.48     -3.12     -6.87      1.08      9.46      1.05
               rw[177]     -3.22      2.54     -3.36     -6.89      1.31      9.66      1.04
               rw[178]     -3.57      2.54     -3.72     -7.60      0.70      9.72      1.04
               rw[179]     -4.01      2.52     -4.22     -7.96      0.21      9.54      1.04
               rw[180]     -4.45      2.51     -4.64     -8.60     -0.56      9.28      1.05
               rw[181]     -4.88      2.54     -5.18     -9.33     -1.10      9.79      1.05
               rw[182]     -5.28      2.54     -5.48     -9.20     -1.08      9.42      1.06
               rw[183]     -5.59      2.52     -5.77    -10.01     -1.65      9.80      1.06
               rw[184]     -5.88      2.53     -5.99     -9.84     -1.64      9.81      1.06
               rw[185]     -6.03      2.53     -6.06     -9.79     -1.77      9.90      1.05
               rw[186]     -6.19      2.48     -6.20    -10.08     -2.08     10.26      1.04
               rw[187]     -6.30      2.45     -6.32    -10.40     -2.34     10.38      1.04
               rw[188]     -6.33      2.44     -6.39    -10.63     -2.69     10.55      1.04
               rw[189]     -6.31      2.39     -6.41    -10.40     -2.63     10.43      1.04
               rw[190]     -6.30      2.44     -6.38    -10.65     -2.68     10.44      1.04
               rw[191]     -6.25      2.46     -6.32    -10.65     -2.64     10.39      1.03
               rw[192]     -6.17      2.46     -6.25    -10.63     -2.50     10.57      1.03
               rw[193]     -6.03      2.46     -6.14     -9.90     -2.07     10.46      1.03
               rw[194]     -5.87      2.41     -5.93     -9.81     -2.10     10.57      1.03
               rw[195]     -5.78      2.45     -5.83     -9.70     -1.84     10.45      1.03
               rw[196]     -5.69      2.47     -5.81     -9.42     -1.35     10.25      1.03
               rw[197]     -5.63      2.46     -5.81     -9.77     -1.72     10.44      1.04
               rw[198]     -5.52      2.49     -5.78     -9.64     -1.49     10.05      1.04
               rw[199]     -5.41      2.47     -5.60     -9.73     -1.68      9.68      1.03
               rw[200]     -5.33      2.46     -5.49     -8.83     -0.62      9.71      1.04
               rw[201]     -5.25      2.43     -5.38     -9.36     -1.39      9.75      1.04
               rw[202]     -5.09      2.40     -5.29     -8.89     -1.06     10.28      1.04
               rw[203]     -4.99      2.45     -5.13     -9.07     -0.92     10.53      1.04
               rw[204]     -4.95      2.47     -5.14     -8.67     -0.53     10.22      1.05
               rw[205]     -4.96      2.46     -5.16     -8.83     -0.76     10.23      1.04
               rw[206]     -4.98      2.42     -5.19     -8.44     -0.65     10.55      1.04
               rw[207]     -5.01      2.44     -5.24     -8.53     -0.70     10.33      1.04
               rw[208]     -4.95      2.45     -5.09     -9.07     -1.15      9.88      1.04
               rw[209]     -4.93      2.41     -5.06     -8.22     -0.46      9.79      1.05
               rw[210]     -4.90      2.41     -5.02     -8.71     -0.89      9.74      1.05
               rw[211]     -4.86      2.40     -4.95     -8.58     -0.69      9.82      1.04
               rw[212]     -4.90      2.39     -4.96     -8.88     -1.15     10.20      1.03
               rw[213]     -4.94      2.41     -5.02     -8.77     -0.86     10.64      1.03
               rw[214]     -4.87      2.44     -5.04     -8.49     -0.62      9.96      1.03
               rw[215]     -4.81      2.48     -4.97     -8.51     -0.56      9.63      1.04
               rw[216]     -4.80      2.51     -4.87     -8.86     -0.82     10.10      1.04
               rw[217]     -4.79      2.50     -4.88     -9.01     -0.88      9.49      1.04
               rw[218]     -4.82      2.48     -4.92     -8.91     -0.96      9.33      1.04
               rw[219]     -4.86      2.50     -4.92     -8.66     -0.62     10.10      1.04
               rw[220]     -4.89      2.48     -5.01     -9.09     -1.18      9.99      1.03
               rw[221]     -4.79      2.43     -4.88     -8.51     -0.66     10.13      1.03
               rw[222]     -4.75      2.43     -4.84     -8.76     -1.00     10.51      1.03
               rw[223]     -4.79      2.52     -4.82     -8.60     -0.72     10.91      1.03
               rw[224]     -4.80      2.61     -4.88     -9.21     -0.83     11.70      1.03
               rw[225]     -4.75      2.77     -4.83     -9.19     -0.30     13.63      1.02
               rw[226]     -4.79      2.89     -4.82     -9.47     -0.28     14.54      1.02
               rw[227]     -4.80      3.05     -4.87     -9.46      0.29     16.73      1.02
                 sigma      0.25      0.02      0.24      0.21      0.29    635.50      1.00

Number of divergences: 58
