
                            mean       std    median      5.0%     95.0%     n_eff     r_hat
                    D0      0.58      0.61      0.40      0.00      1.37    861.97      1.00
                    E0     10.06     10.76      6.95      0.02     22.08     78.09      1.00
                    H0      1.26      1.22      0.94      0.00      2.78    902.74      1.00
                    I0      4.56      6.38      2.50      0.01     10.95     91.37      1.01
                 beta0      1.63      0.84      1.62      0.41      2.69      6.65      1.01
  confirmed_dispersion      0.30      0.05      0.30      0.23      0.37    647.49      1.00
      death_dispersion      0.11      0.01      0.11      0.10      0.12   1078.35      1.00
            death_prob      0.02      0.00      0.02      0.01      0.02     16.34      1.05
            death_rate      0.04      0.01      0.04      0.02      0.05     22.15      1.06
           det_prob[0]      0.25      0.06      0.25      0.15      0.36     83.06      1.02
           det_prob[1]      0.24      0.07      0.24      0.14      0.36     74.16      1.02
           det_prob[2]      0.24      0.07      0.23      0.13      0.36     83.74      1.02
           det_prob[3]      0.24      0.08      0.23      0.11      0.35     61.47      1.02
           det_prob[4]      0.23      0.08      0.22      0.10      0.35     52.43      1.03
           det_prob[5]      0.23      0.08      0.22      0.10      0.35     38.75      1.03
           det_prob[6]      0.23      0.08      0.22      0.10      0.35     34.15      1.04
           det_prob[7]      0.23      0.08      0.22      0.10      0.35     29.57      1.04
           det_prob[8]      0.23      0.08      0.22      0.10      0.35     24.25      1.05
           det_prob[9]      0.22      0.08      0.21      0.10      0.34     19.68      1.05
          det_prob[10]      0.22      0.08      0.21      0.09      0.33     18.52      1.05
          det_prob[11]      0.21      0.08      0.20      0.09      0.32     16.20      1.07
          det_prob[12]      0.21      0.08      0.20      0.08      0.32     16.57      1.07
          det_prob[13]      0.21      0.08      0.19      0.09      0.32     16.11      1.07
          det_prob[14]      0.21      0.08      0.20      0.09      0.32     15.97      1.08
          det_prob[15]      0.20      0.08      0.19      0.10      0.33     15.30      1.09
          det_prob[16]      0.20      0.07      0.19      0.09      0.31     14.75      1.09
          det_prob[17]      0.20      0.07      0.19      0.09      0.31     15.10      1.11
          det_prob[18]      0.20      0.07      0.19      0.09      0.31     15.83      1.11
          det_prob[19]      0.19      0.07      0.18      0.08      0.30     14.86      1.12
          det_prob[20]      0.19      0.07      0.18      0.08      0.31     14.87      1.13
          det_prob[21]      0.18      0.07      0.17      0.07      0.29     16.16      1.13
          det_prob[22]      0.19      0.07      0.18      0.08      0.31     17.70      1.11
          det_prob[23]      0.19      0.07      0.18      0.08      0.31     16.75      1.12
          det_prob[24]      0.18      0.07      0.17      0.08      0.30     16.11      1.13
          det_prob[25]      0.18      0.07      0.16      0.07      0.30     18.70      1.12
          det_prob[26]      0.18      0.07      0.17      0.09      0.32     19.78      1.11
          det_prob[27]      0.18      0.07      0.17      0.08      0.29     19.73      1.11
          det_prob[28]      0.18      0.07      0.17      0.07      0.29     20.01      1.11
          det_prob[29]      0.18      0.07      0.17      0.09      0.30     19.85      1.10
          det_prob[30]      0.18      0.07      0.16      0.07      0.29     16.38      1.11
          det_prob[31]      0.18      0.07      0.17      0.08      0.29     16.92      1.10
          det_prob[32]      0.18      0.07      0.16      0.08      0.30     17.49      1.09
          det_prob[33]      0.18      0.07      0.16      0.09      0.30     18.33      1.09
          det_prob[34]      0.17      0.07      0.16      0.06      0.27     18.15      1.09
          det_prob[35]      0.17      0.06      0.16      0.07      0.27     18.03      1.08
          det_prob[36]      0.18      0.06      0.17      0.08      0.28     20.78      1.07
          det_prob[37]      0.17      0.06      0.16      0.07      0.27     19.61      1.07
          det_prob[38]      0.17      0.06      0.16      0.07      0.26     22.16      1.05
          det_prob[39]      0.17      0.06      0.16      0.06      0.25     23.87      1.05
          det_prob[40]      0.17      0.06      0.16      0.07      0.26     24.00      1.04
          det_prob[41]      0.17      0.06      0.16      0.08      0.27     25.41      1.03
          det_prob[42]      0.17      0.07      0.16      0.07      0.27     27.06      1.02
          det_prob[43]      0.18      0.07      0.17      0.07      0.27     27.70      1.02
          det_prob[44]      0.18      0.07      0.17      0.08      0.28     28.56      1.01
          det_prob[45]      0.18      0.07      0.17      0.07      0.28     29.36      1.01
          det_prob[46]      0.19      0.07      0.18      0.09      0.29     27.88      1.01
          det_prob[47]      0.20      0.07      0.19      0.09      0.29     27.71      1.01
          det_prob[48]      0.21      0.07      0.20      0.11      0.32     28.49      1.01
          det_prob[49]      0.22      0.07      0.21      0.10      0.32     29.21      1.01
          det_prob[50]      0.22      0.08      0.21      0.10      0.32     30.08      1.01
          det_prob[51]      0.23      0.08      0.22      0.11      0.34     32.52      1.01
          det_prob[52]      0.24      0.08      0.22      0.11      0.36     32.83      1.01
          det_prob[53]      0.25      0.08      0.23      0.12      0.37     31.61      1.01
          det_prob[54]      0.26      0.08      0.25      0.13      0.39     35.29      1.00
          det_prob[55]      0.27      0.08      0.27      0.14      0.40     34.17      1.00
          det_prob[56]      0.28      0.08      0.27      0.16      0.41     35.39      1.00
          det_prob[57]      0.29      0.08      0.29      0.16      0.43     37.28      1.00
          det_prob[58]      0.30      0.08      0.29      0.17      0.44     35.38      1.00
          det_prob[59]      0.32      0.09      0.31      0.16      0.45     36.64      1.00
          det_prob[60]      0.33      0.09      0.32      0.16      0.45     44.11      1.00
          det_prob[61]      0.34      0.09      0.33      0.20      0.48     54.94      1.00
          det_prob[62]      0.35      0.09      0.35      0.20      0.49     68.16      1.00
          det_prob[63]      0.37      0.10      0.37      0.21      0.52     68.85      1.00
          det_prob[64]      0.38      0.10      0.38      0.23      0.56     70.64      1.00
          det_prob[65]      0.40      0.10      0.39      0.24      0.58     70.26      1.00
          det_prob[66]      0.41      0.10      0.41      0.26      0.60     68.80      1.00
          det_prob[67]      0.43      0.11      0.42      0.28      0.63     67.57      1.00
          det_prob[68]      0.45      0.11      0.44      0.28      0.63     67.16      1.00
          det_prob[69]      0.46      0.11      0.46      0.28      0.63     66.66      1.00
          det_prob[70]      0.48      0.11      0.48      0.30      0.66     64.75      1.00
          det_prob[71]      0.50      0.11      0.50      0.31      0.67     64.57      1.00
          det_prob[72]      0.51      0.11      0.51      0.34      0.69     65.18      1.00
          det_prob[73]      0.52      0.11      0.52      0.33      0.70     64.27      1.00
          det_prob[74]      0.54      0.11      0.54      0.34      0.70     69.43      1.00
          det_prob[75]      0.55      0.12      0.55      0.35      0.73     70.59      1.00
          det_prob[76]      0.57      0.12      0.56      0.38      0.77     69.74      1.00
          det_prob[77]      0.58      0.12      0.58      0.41      0.80     69.33      1.00
          det_prob[78]      0.60      0.12      0.60      0.42      0.81     71.50      1.00
          det_prob[79]      0.61      0.12      0.61      0.41      0.81     68.97      1.01
          det_prob[80]      0.63      0.12      0.63      0.45      0.84     70.56      1.01
          det_prob[81]      0.64      0.12      0.64      0.42      0.82     67.65      1.01
          det_prob[82]      0.65      0.12      0.65      0.46      0.87     64.58      1.01
          det_prob[83]      0.66      0.12      0.67      0.46      0.85     61.00      1.02
          det_prob[84]      0.67      0.12      0.68      0.48      0.87     60.20      1.02
          det_prob[85]      0.69      0.12      0.69      0.49      0.89     59.83      1.03
          det_prob[86]      0.70      0.12      0.71      0.52      0.91     58.88      1.03
          det_prob[87]      0.71      0.12      0.72      0.54      0.91     56.41      1.03
          det_prob[88]      0.73      0.12      0.73      0.55      0.92     55.49      1.04
          det_prob[89]      0.74      0.11      0.75      0.56      0.92     52.17      1.04
          det_prob[90]      0.75      0.11      0.76      0.59      0.94     50.79      1.05
          det_prob[91]      0.76      0.11      0.78      0.61      0.94     47.39      1.05
          det_prob[92]      0.77      0.11      0.78      0.61      0.94     45.17      1.05
          det_prob[93]      0.78      0.11      0.79      0.62      0.96     44.12      1.05
          det_prob[94]      0.78      0.11      0.79      0.63      0.96     39.60      1.06
          det_prob[95]      0.79      0.11      0.81      0.63      0.97     37.28      1.06
          det_prob[96]      0.79      0.11      0.81      0.62      0.97     34.87      1.07
          det_prob[97]      0.80      0.11      0.82      0.62      0.98     33.46      1.07
          det_prob[98]      0.80      0.12      0.82      0.62      0.98     32.56      1.07
          det_prob[99]      0.81      0.12      0.83      0.64      0.98     28.22      1.08
         det_prob[100]      0.81      0.12      0.84      0.65      0.98     27.10      1.08
         det_prob[101]      0.82      0.12      0.84      0.65      0.98     25.13      1.07
         det_prob[102]      0.82      0.12      0.85      0.66      0.99     24.84      1.07
         det_prob[103]      0.83      0.11      0.85      0.66      0.98     23.87      1.07
         det_prob[104]      0.83      0.12      0.86      0.67      0.99     22.55      1.06
         det_prob[105]      0.83      0.11      0.86      0.68      0.99     21.91      1.06
         det_prob[106]      0.84      0.11      0.87      0.68      0.99     22.22      1.06
         det_prob[107]      0.84      0.11      0.87      0.68      0.99     21.85      1.05
         det_prob[108]      0.85      0.11      0.88      0.69      1.00     21.47      1.06
         det_prob[109]      0.85      0.11      0.88      0.70      0.99     20.67      1.05
         det_prob[110]      0.85      0.11      0.89      0.70      0.99     20.45      1.05
         det_prob[111]      0.86      0.10      0.89      0.71      1.00     19.40      1.05
         det_prob[112]      0.86      0.10      0.89      0.71      1.00     19.19      1.05
         det_prob[113]      0.86      0.10      0.89      0.71      1.00     18.78      1.05
         det_prob[114]      0.86      0.10      0.89      0.72      1.00     18.43      1.05
         det_prob[115]      0.86      0.10      0.90      0.71      1.00     18.08      1.05
         det_prob[116]      0.87      0.10      0.90      0.71      1.00     17.87      1.04
         det_prob[117]      0.87      0.11      0.90      0.70      0.99     17.89      1.04
         det_prob[118]      0.87      0.10      0.90      0.71      1.00     17.31      1.04
         det_prob[119]      0.87      0.10      0.90      0.72      1.00     16.74      1.05
         det_prob[120]      0.87      0.10      0.90      0.71      0.99     16.76      1.04
         det_prob[121]      0.87      0.11      0.90      0.71      1.00     16.78      1.04
         det_prob[122]      0.87      0.11      0.91      0.70      1.00     16.33      1.03
         det_prob[123]      0.87      0.11      0.91      0.70      1.00     16.24      1.03
         det_prob[124]      0.87      0.11      0.91      0.71      1.00     16.21      1.03
         det_prob[125]      0.88      0.11      0.91      0.72      1.00     16.07      1.03
         det_prob[126]      0.87      0.11      0.91      0.71      1.00     15.28      1.03
         det_prob[127]      0.88      0.11      0.91      0.71      1.00     15.50      1.03
         det_prob[128]      0.88      0.11      0.91      0.72      1.00     15.42      1.03
         det_prob[129]      0.87      0.11      0.91      0.71      1.00     14.97      1.03
         det_prob[130]      0.88      0.11      0.91      0.71      1.00     14.85      1.03
         det_prob[131]      0.88      0.11      0.92      0.71      1.00     14.98      1.03
         det_prob[132]      0.88      0.11      0.92      0.71      1.00     14.71      1.02
         det_prob[133]      0.88      0.11      0.92      0.71      1.00     14.86      1.02
         det_prob[134]      0.88      0.11      0.92      0.71      1.00     15.22      1.02
         det_prob[135]      0.88      0.11      0.92      0.72      1.00     14.85      1.02
         det_prob[136]      0.88      0.11      0.92      0.72      1.00     14.46      1.02
         det_prob[137]      0.88      0.11      0.92      0.73      1.00     14.24      1.02
         det_prob[138]      0.89      0.11      0.93      0.73      1.00     14.42      1.01
         det_prob[139]      0.89      0.10      0.92      0.73      1.00     14.30      1.01
         det_prob[140]      0.89      0.10      0.93      0.75      1.00     14.49      1.01
         det_prob[141]      0.89      0.10      0.93      0.75      1.00     14.27      1.01
         det_prob[142]      0.90      0.10      0.93      0.75      1.00     14.63      1.01
         det_prob[143]      0.90      0.10      0.93      0.76      1.00     14.52      1.01
         det_prob[144]      0.90      0.10      0.93      0.76      1.00     14.43      1.01
         det_prob[145]      0.90      0.10      0.94      0.76      1.00     14.41      1.01
         det_prob[146]      0.90      0.10      0.94      0.76      1.00     14.43      1.01
         det_prob[147]      0.90      0.10      0.93      0.76      1.00     14.31      1.01
         det_prob[148]      0.90      0.10      0.94      0.77      1.00     14.56      1.01
         det_prob[149]      0.90      0.10      0.94      0.77      1.00     14.84      1.01
         det_prob[150]      0.90      0.10      0.94      0.76      1.00     14.75      1.01
         det_prob[151]      0.90      0.10      0.94      0.76      1.00     14.52      1.01
         det_prob[152]      0.91      0.10      0.94      0.76      1.00     14.66      1.01
         det_prob[153]      0.91      0.10      0.94      0.77      1.00     14.52      1.01
         det_prob[154]      0.91      0.10      0.94      0.78      1.00     14.63      1.01
         det_prob[155]      0.91      0.10      0.94      0.78      1.00     14.83      1.01
         det_prob[156]      0.91      0.10      0.95      0.77      1.00     14.99      1.01
         det_prob[157]      0.91      0.10      0.95      0.78      1.00     14.96      1.01
         det_prob[158]      0.91      0.10      0.95      0.77      1.00     14.51      1.01
         det_prob[159]      0.91      0.10      0.95      0.77      1.00     14.61      1.01
         det_prob[160]      0.91      0.10      0.95      0.77      1.00     14.42      1.02
         det_prob[161]      0.91      0.10      0.95      0.76      1.00     14.76      1.01
         det_prob[162]      0.91      0.10      0.96      0.76      1.00     14.68      1.02
         det_prob[163]      0.91      0.10      0.96      0.76      1.00     14.77      1.02
         det_prob[164]      0.91      0.10      0.96      0.76      1.00     14.59      1.02
         det_prob[165]      0.91      0.10      0.96      0.78      1.00     14.69      1.02
         det_prob[166]      0.92      0.10      0.96      0.77      1.00     14.83      1.02
         det_prob[167]      0.92      0.10      0.96      0.78      1.00     15.07      1.02
         det_prob[168]      0.92      0.10      0.96      0.77      1.00     15.15      1.02
         det_prob[169]      0.92      0.10      0.96      0.78      1.00     14.72      1.02
         det_prob[170]      0.92      0.10      0.96      0.78      1.00     14.70      1.02
         det_prob[171]      0.92      0.10      0.96      0.78      1.00     14.59      1.02
         det_prob[172]      0.92      0.10      0.97      0.78      1.00     14.58      1.02
         det_prob[173]      0.92      0.10      0.97      0.78      1.00     14.28      1.03
         det_prob[174]      0.92      0.10      0.97      0.78      1.00     14.55      1.03
         det_prob[175]      0.93      0.09      0.97      0.79      1.00     14.78      1.03
         det_prob[176]      0.93      0.09      0.97      0.79      1.00     15.00      1.03
         det_prob[177]      0.93      0.09      0.97      0.79      1.00     15.32      1.03
         det_prob[178]      0.93      0.09      0.97      0.80      1.00     15.30      1.03
         det_prob[179]      0.93      0.09      0.97      0.80      1.00     15.64      1.03
         det_prob[180]      0.93      0.09      0.97      0.80      1.00     15.76      1.03
         det_prob[181]      0.93      0.08      0.97      0.81      1.00     15.60      1.03
         det_prob[182]      0.93      0.08      0.97      0.82      1.00     15.73      1.03
         det_prob[183]      0.93      0.08      0.97      0.81      1.00     15.98      1.03
         det_prob[184]      0.94      0.08      0.97      0.82      1.00     15.71      1.03
         det_prob[185]      0.94      0.08      0.97      0.82      1.00     15.87      1.03
         det_prob[186]      0.94      0.09      0.97      0.82      1.00     15.98      1.04
         det_prob[187]      0.94      0.08      0.97      0.82      1.00     16.55      1.04
         det_prob[188]      0.94      0.08      0.97      0.83      1.00     17.32      1.04
         det_prob[189]      0.94      0.08      0.97      0.83      1.00     16.84      1.04
         det_prob[190]      0.94      0.08      0.97      0.84      1.00     16.97      1.04
         det_prob[191]      0.94      0.08      0.97      0.84      1.00     16.93      1.04
         det_prob[192]      0.94      0.08      0.97      0.84      1.00     17.23      1.04
         det_prob[193]      0.94      0.07      0.98      0.84      1.00     17.18      1.04
         det_prob[194]      0.95      0.07      0.98      0.85      1.00     17.21      1.03
         det_prob[195]      0.95      0.07      0.97      0.85      1.00     17.92      1.03
         det_prob[196]      0.95      0.07      0.97      0.86      1.00     18.00      1.03
         det_prob[197]      0.95      0.07      0.98      0.86      1.00     18.60      1.03
         det_prob[198]      0.95      0.07      0.97      0.86      1.00     18.54      1.03
         det_prob[199]      0.95      0.07      0.98      0.86      1.00     18.74      1.03
         det_prob[200]      0.95      0.06      0.97      0.86      1.00     18.23      1.03
         det_prob[201]      0.95      0.06      0.98      0.87      1.00     17.73      1.03
         det_prob[202]      0.95      0.06      0.98      0.87      1.00     17.84      1.02
         det_prob[203]      0.95      0.06      0.98      0.87      1.00     18.22      1.02
         det_prob[204]      0.95      0.06      0.98      0.87      1.00     17.44      1.02
         det_prob[205]      0.95      0.06      0.98      0.87      1.00     17.47      1.02
         det_prob[206]      0.95      0.06      0.98      0.87      1.00     17.76      1.02
         det_prob[207]      0.95      0.06      0.98      0.87      1.00     17.82      1.02
         det_prob[208]      0.95      0.06      0.98      0.88      1.00     18.34      1.02
         det_prob[209]      0.95      0.06      0.98      0.88      1.00     18.74      1.02
         det_prob[210]      0.95      0.06      0.98      0.87      1.00     19.10      1.02
         det_prob[211]      0.95      0.06      0.98      0.87      1.00     19.61      1.01
         det_prob[212]      0.95      0.06      0.98      0.87      1.00     19.64      1.01
         det_prob[213]      0.95      0.06      0.98      0.87      1.00     19.48      1.01
         det_prob[214]      0.95      0.06      0.98      0.87      1.00     20.25      1.01
         det_prob[215]      0.95      0.06      0.98      0.87      1.00     21.08      1.01
         det_prob[216]      0.95      0.06      0.98      0.87      1.00     21.76      1.01
         det_prob[217]      0.95      0.06      0.98      0.87      1.00     22.44      1.01
         det_prob[218]      0.95      0.06      0.98      0.87      1.00     23.36      1.01
         det_prob[219]      0.95      0.06      0.98      0.87      1.00     24.75      1.01
         det_prob[220]      0.95      0.06      0.98      0.87      1.00     24.44      1.00
         det_prob[221]      0.95      0.06      0.98      0.87      1.00     24.50      1.01
         det_prob[222]      0.95      0.06      0.98      0.86      1.00     24.69      1.01
         det_prob[223]      0.95      0.06      0.98      0.87      1.00     25.91      1.01
         det_prob[224]      0.95      0.07      0.98      0.87      1.00     27.50      1.00
         det_prob[225]      0.95      0.06      0.98      0.87      1.00     27.85      1.00
         det_prob[226]      0.95      0.07      0.98      0.87      1.00     28.51      1.00
         det_prob[227]      0.95      0.07      0.98      0.87      1.00     28.99      1.00
             det_prob0      0.26      0.06      0.26      0.16      0.35    133.44      1.01
            det_prob_d      0.90      0.03      0.90      0.85      0.94    752.50      1.00
                 gamma      0.48      0.05      0.48      0.39      0.55    336.62      1.00
                 rw[0]     -0.28      1.02     -0.31     -1.79      1.40     67.20      1.00
                 rw[1]     -0.43      1.39     -0.42     -2.50      2.09     28.90      1.00
                 rw[2]     -0.53      1.71     -0.66     -3.29      2.47     17.42      1.01
                 rw[3]     -0.54      1.91     -0.61     -3.54      2.73     13.91      1.01
                 rw[4]     -0.54      2.16     -0.73     -3.79      3.20     11.05      1.01
                 rw[5]     -0.54      2.38     -0.73     -4.19      3.45      9.84      1.01
                 rw[6]     -0.50      2.52     -0.77     -4.87      3.18      8.81      1.02
                 rw[7]     -0.62      2.68     -0.93     -4.78      3.75      8.14      1.01
                 rw[8]     -0.63      2.81     -0.98     -4.53      4.46      7.82      1.02
                 rw[9]     -0.67      2.95     -1.07     -5.14      4.14      7.49      1.02
                rw[10]     -0.62      3.04     -1.07     -4.84      4.80      6.96      1.02
                rw[11]     -0.63      3.12     -1.01     -4.88      4.83      6.79      1.02
                rw[12]     -0.61      3.20     -1.05     -5.19      4.73      6.90      1.02
                rw[13]     -0.59      3.29     -1.05     -5.39      4.78      6.77      1.01
                rw[14]     -0.57      3.30     -1.12     -5.58      4.78      6.54      1.01
                rw[15]     -0.57      3.29     -1.14     -5.47      4.66      6.54      1.01
                rw[16]     -0.56      3.29     -1.18     -5.08      5.07      6.67      1.01
                rw[17]     -0.63      3.33     -1.18     -5.80      4.41      6.83      1.01
                rw[18]     -0.79      3.29     -1.25     -5.59      4.58      6.67      1.01
                rw[19]     -0.91      3.26     -1.25     -6.06      4.16      6.68      1.00
                rw[20]     -1.05      3.18     -1.46     -5.82      4.01      6.73      1.00
                rw[21]     -1.22      3.17     -1.70     -5.65      4.34      6.72      1.00
                rw[22]     -1.39      3.13     -1.79     -6.36      3.48      6.64      1.00
                rw[23]     -1.64      3.15     -2.13     -6.56      3.26      6.52      1.00
                rw[24]     -1.91      3.12     -2.32     -6.57      3.22      6.51      1.00
                rw[25]     -2.16      3.09     -2.56     -6.80      2.87      6.51      1.00
                rw[26]     -2.37      3.08     -2.74     -6.86      2.73      6.39      1.01
                rw[27]     -2.54      3.09     -2.94     -7.38      2.27      6.47      1.01
                rw[28]     -2.66      3.08     -3.00     -7.45      2.06      6.35      1.01
                rw[29]     -2.82      3.09     -3.21     -7.18      2.20      6.47      1.01
                rw[30]     -2.93      3.10     -3.39     -7.71      1.73      6.43      1.01
                rw[31]     -3.05      3.09     -3.48     -7.73      1.72      6.55      1.01
                rw[32]     -3.17      3.08     -3.68     -7.40      1.80      6.60      1.01
                rw[33]     -3.35      3.09     -3.86     -7.58      1.76      6.56      1.01
                rw[34]     -3.54      3.14     -4.08     -8.13      1.37      6.61      1.01
                rw[35]     -3.72      3.14     -4.18     -8.32      1.30      6.67      1.01
                rw[36]     -3.97      3.15     -4.48     -8.24      1.49      6.77      1.01
                rw[37]     -4.18      3.14     -4.58     -8.82      0.82      6.81      1.00
                rw[38]     -4.45      3.14     -4.81     -9.15      0.43      6.88      1.00
                rw[39]     -4.63      3.17     -4.96     -9.21      0.64      6.77      1.00
                rw[40]     -4.77      3.19     -5.31     -9.65      0.13      6.65      1.01
                rw[41]     -4.92      3.15     -5.35     -9.70      0.18      6.65      1.00
                rw[42]     -5.07      3.10     -5.43     -9.50      0.29      6.74      1.00
                rw[43]     -5.15      3.14     -5.48    -10.20     -0.42      6.73      1.00
                rw[44]     -5.19      3.16     -5.61     -9.85     -0.11      6.68      1.01
                rw[45]     -5.30      3.17     -5.67     -9.74      0.03      6.61      1.00
                rw[46]     -5.37      3.17     -5.78    -10.50     -0.63      6.63      1.00
                rw[47]     -5.49      3.18     -5.73    -10.63     -0.71      6.67      1.00
                rw[48]     -5.54      3.18     -5.91    -10.27     -0.57      6.60      1.00
                rw[49]     -5.66      3.22     -6.01    -10.41     -0.41      6.55      1.00
                rw[50]     -5.84      3.20     -6.22    -10.53     -0.55      6.57      1.00
                rw[51]     -5.99      3.20     -6.34    -10.47     -0.56      6.54      1.00
                rw[52]     -6.08      3.23     -6.48    -10.65     -0.76      6.72      1.00
                rw[53]     -6.19      3.25     -6.79    -11.04     -0.88      6.64      1.00
                rw[54]     -6.30      3.27     -6.85    -11.01     -0.88      6.55      1.00
                rw[55]     -6.46      3.29     -7.00    -11.36     -1.27      6.44      1.00
                rw[56]     -6.60      3.29     -7.10    -11.48     -1.44      6.47      1.00
                rw[57]     -6.71      3.27     -7.27    -11.85     -1.76      6.41      1.01
                rw[58]     -6.82      3.26     -7.40    -11.87     -1.72      6.45      1.00
                rw[59]     -6.95      3.27     -7.48    -11.76     -1.63      6.50      1.01
                rw[60]     -7.03      3.34     -7.56    -11.84     -1.54      6.57      1.01
                rw[61]     -7.16      3.29     -7.54    -12.13     -2.11      6.40      1.01
                rw[62]     -7.28      3.24     -7.69    -11.99     -2.10      6.35      1.01
                rw[63]     -7.40      3.26     -7.71    -11.66     -1.59      6.44      1.00
                rw[64]     -7.50      3.28     -7.90    -12.52     -2.36      6.60      1.01
                rw[65]     -7.57      3.25     -7.87    -12.15     -2.16      6.52      1.01
                rw[66]     -7.61      3.26     -7.86    -12.62     -2.27      6.63      1.00
                rw[67]     -7.63      3.29     -7.87    -12.56     -2.23      6.77      1.00
                rw[68]     -7.64      3.29     -7.94    -12.74     -2.68      6.63      1.00
                rw[69]     -7.58      3.24     -7.83    -12.36     -2.28      6.59      1.01
                rw[70]     -7.54      3.24     -7.96    -12.64     -2.75      6.62      1.01
                rw[71]     -7.51      3.25     -7.76    -12.44     -2.50      6.79      1.01
                rw[72]     -7.40      3.25     -7.64    -12.05     -2.10      6.50      1.01
                rw[73]     -7.33      3.27     -7.54    -12.26     -2.18      6.57      1.01
                rw[74]     -7.19      3.23     -7.47    -12.20     -2.25      6.77      1.00
                rw[75]     -7.04      3.22     -7.24    -11.74     -1.77      6.87      1.01
                rw[76]     -6.92      3.26     -7.07    -11.84     -1.54      6.86      1.01
                rw[77]     -6.77      3.22     -7.02    -11.97     -2.07      6.97      1.01
                rw[78]     -6.62      3.19     -6.91    -11.29     -1.33      7.08      1.01
                rw[79]     -6.55      3.19     -6.79    -11.82     -1.75      6.90      1.01
                rw[80]     -6.43      3.20     -6.76    -11.86     -1.72      6.83      1.01
                rw[81]     -6.35      3.22     -6.69    -11.26     -1.14      7.06      1.01
                rw[82]     -6.27      3.20     -6.66    -10.78     -0.90      6.84      1.01
                rw[83]     -6.11      3.16     -6.47    -11.07     -1.20      6.72      1.01
                rw[84]     -6.03      3.16     -6.32    -10.68     -0.92      6.76      1.02
                rw[85]     -5.93      3.19     -6.30    -10.46     -0.65      6.92      1.02
                rw[86]     -5.86      3.19     -6.30    -10.29     -0.32      6.92      1.02
                rw[87]     -5.81      3.20     -6.20    -10.76     -0.65      6.91      1.02
                rw[88]     -5.79      3.16     -6.24    -11.01     -1.03      7.12      1.02
                rw[89]     -5.87      3.12     -6.24    -10.23     -0.35      7.30      1.01
                rw[90]     -5.99      3.14     -6.28    -10.86     -1.17      7.30      1.02
                rw[91]     -6.09      3.09     -6.50    -10.65     -1.00      7.19      1.01
                rw[92]     -6.26      3.10     -6.69    -10.36     -0.75      6.90      1.01
                rw[93]     -6.41      3.12     -6.90    -10.97     -1.24      6.95      1.01
                rw[94]     -6.52      3.12     -6.91    -11.45     -1.74      6.88      1.01
                rw[95]     -6.58      3.13     -7.03    -11.63     -1.95      6.71      1.01
                rw[96]     -6.61      3.12     -7.05    -10.93     -1.27      6.69      1.01
                rw[97]     -6.53      3.10     -7.10    -11.12     -1.60      6.67      1.01
                rw[98]     -6.45      3.09     -6.94    -10.87     -1.48      6.51      1.01
                rw[99]     -6.31      3.07     -6.78    -11.22     -1.80      6.39      1.01
               rw[100]     -6.27      3.06     -6.65    -10.64     -1.22      6.49      1.01
               rw[101]     -6.10      3.12     -6.64    -10.68     -1.13      6.59      1.01
               rw[102]     -5.86      3.08     -6.33    -10.75     -1.24      6.62      1.01
               rw[103]     -5.63      3.08     -6.08    -10.30     -0.77      6.81      1.01
               rw[104]     -5.41      3.09     -5.90     -9.64      0.05      6.73      1.01
               rw[105]     -5.18      3.02     -5.58     -9.75     -0.43      6.90      1.00
               rw[106]     -4.94      3.02     -5.19     -9.17      0.29      6.87      1.01
               rw[107]     -4.75      3.02     -5.08     -9.59     -0.18      6.85      1.01
               rw[108]     -4.52      3.07     -4.83     -9.07      0.26      6.66      1.01
               rw[109]     -4.40      3.12     -4.73     -9.17      0.55      6.90      1.01
               rw[110]     -4.28      3.10     -4.58     -8.74      0.90      6.93      1.01
               rw[111]     -4.20      3.10     -4.54     -8.61      1.19      6.99      1.01
               rw[112]     -4.10      3.09     -4.49     -8.59      1.05      6.98      1.01
               rw[113]     -4.07      3.15     -4.55     -8.75      1.06      7.05      1.01
               rw[114]     -4.07      3.15     -4.47     -8.92      0.90      6.81      1.01
               rw[115]     -4.09      3.13     -4.55     -8.58      1.31      6.82      1.01
               rw[116]     -4.08      3.10     -4.46     -8.45      1.17      6.80      1.01
               rw[117]     -4.09      3.13     -4.48     -8.50      1.21      6.80      1.01
               rw[118]     -4.07      3.12     -4.50     -8.59      1.13      6.72      1.01
               rw[119]     -4.09      3.07     -4.59     -8.40      1.13      6.93      1.01
               rw[120]     -4.12      3.07     -4.62     -8.28      1.17      6.84      1.01
               rw[121]     -4.12      3.10     -4.57     -8.49      0.95      6.46      1.01
               rw[122]     -4.26      3.07     -4.73     -9.09      0.50      6.66      1.01
               rw[123]     -4.34      3.10     -4.77     -8.63      0.81      6.66      1.01
               rw[124]     -4.39      3.11     -4.90     -9.17      0.51      6.73      1.01
               rw[125]     -4.53      3.08     -4.87     -9.65     -0.00      6.83      1.01
               rw[126]     -4.60      3.07     -5.00     -9.15      0.47      6.65      1.01
               rw[127]     -4.66      3.10     -5.08     -9.50      0.16      6.46      1.01
               rw[128]     -4.68      3.08     -5.07     -9.27      0.29      6.68      1.01
               rw[129]     -4.74      3.12     -5.09     -9.40      0.23      6.68      1.01
               rw[130]     -4.79      3.11     -5.19     -9.46      0.27      6.61      1.01
               rw[131]     -4.86      3.10     -5.28     -9.57      0.00      6.74      1.00
               rw[132]     -4.92      3.14     -5.31     -9.77     -0.04      6.57      1.01
               rw[133]     -5.07      3.14     -5.54     -9.70      0.04      6.77      1.01
               rw[134]     -5.20      3.12     -5.74     -9.61      0.16      6.79      1.01
               rw[135]     -5.32      3.16     -5.82     -9.98     -0.14      6.90      1.00
               rw[136]     -5.50      3.12     -5.89     -9.73     -0.14      6.83      1.00
               rw[137]     -5.59      3.19     -5.93    -10.00     -0.12      6.83      1.01
               rw[138]     -5.74      3.17     -6.13    -10.64     -0.77      6.77      1.01
               rw[139]     -5.92      3.16     -6.30    -10.44     -0.58      6.61      1.01
               rw[140]     -6.13      3.15     -6.58    -10.58     -0.63      6.63      1.01
               rw[141]     -6.31      3.12     -6.71    -10.79     -1.23      6.75      1.01
               rw[142]     -6.40      3.10     -6.72    -10.63     -1.03      6.59      1.01
               rw[143]     -6.55      3.12     -6.92    -11.49     -1.73      6.52      1.01
               rw[144]     -6.68      3.15     -7.18    -11.46     -1.70      6.40      1.01
               rw[145]     -6.79      3.15     -7.19    -11.82     -1.92      6.57      1.01
               rw[146]     -6.93      3.15     -7.33    -11.59     -1.80      6.53      1.01
               rw[147]     -6.94      3.13     -7.17    -11.81     -2.16      6.62      1.01
               rw[148]     -6.95      3.17     -7.37    -11.64     -1.93      6.53      1.00
               rw[149]     -6.94      3.21     -7.40    -11.48     -1.63      6.56      1.01
               rw[150]     -6.87      3.23     -7.24    -11.80     -1.83      6.69      1.00
               rw[151]     -6.82      3.18     -7.16    -11.64     -1.78      6.63      1.01
               rw[152]     -6.70      3.19     -7.13    -11.50     -1.57      6.59      1.01
               rw[153]     -6.65      3.26     -7.09    -11.24     -1.31      6.55      1.01
               rw[154]     -6.58      3.24     -7.05    -11.29     -1.28      6.58      1.01
               rw[155]     -6.47      3.23     -6.88    -10.97     -0.94      6.68      1.01
               rw[156]     -6.39      3.24     -6.74    -11.19     -1.08      6.59      1.01
               rw[157]     -6.32      3.22     -6.63    -11.10     -1.19      6.62      1.01
               rw[158]     -6.25      3.25     -6.59    -10.84     -0.94      6.55      1.01
               rw[159]     -6.18      3.26     -6.56    -10.82     -0.83      6.55      1.01
               rw[160]     -6.12      3.29     -6.39    -11.17     -0.96      6.81      1.01
               rw[161]     -6.11      3.26     -6.45    -11.16     -0.84      6.96      1.01
               rw[162]     -6.08      3.28     -6.49    -10.73     -0.43      6.92      1.01
               rw[163]     -6.08      3.22     -6.47    -10.70     -0.73      6.95      1.01
               rw[164]     -6.07      3.16     -6.46    -11.26     -1.36      6.96      1.01
               rw[165]     -6.03      3.19     -6.47    -10.43     -0.63      6.74      1.01
               rw[166]     -5.96      3.14     -6.38    -10.63     -1.00      6.74      1.01
               rw[167]     -6.01      3.15     -6.45    -10.73     -0.82      6.89      1.01
               rw[168]     -6.03      3.13     -6.42    -10.46     -0.63      6.80      1.01
               rw[169]     -6.08      3.16     -6.53    -10.47     -0.78      6.86      1.01
               rw[170]     -6.09      3.17     -6.48    -11.05     -1.15      6.80      1.01
               rw[171]     -6.20      3.17     -6.61    -10.90     -0.82      6.86      1.01
               rw[172]     -6.22      3.17     -6.60    -10.81     -0.85      6.76      1.01
               rw[173]     -6.24      3.17     -6.59    -11.11     -1.32      6.70      1.01
               rw[174]     -6.24      3.17     -6.60    -10.50     -0.56      6.80      1.01
               rw[175]     -6.24      3.20     -6.64    -11.06     -1.03      6.87      1.01
               rw[176]     -6.30      3.23     -6.65    -10.94     -1.00      6.78      1.01
               rw[177]     -6.34      3.23     -6.75    -11.31     -1.20      6.90      1.01
               rw[178]     -6.36      3.21     -6.64    -10.95     -0.96      6.81      1.01
               rw[179]     -6.34      3.24     -6.68    -11.47     -1.28      6.90      1.01
               rw[180]     -6.23      3.23     -6.56    -10.75     -0.75      7.10      1.01
               rw[181]     -6.23      3.17     -6.60    -10.78     -0.92      7.05      1.01
               rw[182]     -6.21      3.23     -6.46    -11.30     -1.14      6.98      1.01
               rw[183]     -6.24      3.23     -6.54    -11.33     -1.24      6.83      1.01
               rw[184]     -6.13      3.16     -6.31    -11.29     -1.43      6.98      1.01
               rw[185]     -6.00      3.13     -6.33    -10.81     -0.85      6.83      1.01
               rw[186]     -5.80      3.14     -6.14    -10.56     -0.81      6.71      1.01
               rw[187]     -5.65      3.11     -5.96    -10.31     -0.56      6.61      1.01
               rw[188]     -5.46      3.07     -5.70    -10.00     -0.25      6.73      1.00
               rw[189]     -5.29      3.10     -5.54    -10.13     -0.47      6.86      1.01
               rw[190]     -5.19      3.07     -5.59     -9.64     -0.09      6.78      1.00
               rw[191]     -5.09      3.06     -5.55     -9.39      0.07      6.75      1.01
               rw[192]     -5.01      3.08     -5.40     -9.60     -0.08      6.89      1.01
               rw[193]     -4.89      3.03     -5.33     -9.24      0.14      6.92      1.00
               rw[194]     -4.81      3.02     -5.13     -9.08      0.18      6.91      1.01
               rw[195]     -4.71      3.06     -5.21     -9.31      0.13      6.84      1.01
               rw[196]     -4.66      3.03     -5.09     -8.98      0.39      6.77      1.01
               rw[197]     -4.61      3.05     -5.04     -9.00      0.38      6.66      1.01
               rw[198]     -4.55      3.06     -4.90     -9.38      0.06      6.58      1.01
               rw[199]     -4.45      3.08     -4.90     -9.08      0.45      6.58      1.01
               rw[200]     -4.34      3.09     -4.79     -8.82      0.60      6.57      1.01
               rw[201]     -4.25      3.04     -4.77     -8.83      0.52      6.44      1.01
               rw[202]     -4.21      3.06     -4.72     -8.75      0.65      6.50      1.01
               rw[203]     -4.22      3.07     -4.75     -8.81      0.63      6.54      1.01
               rw[204]     -4.25      3.03     -4.76     -9.00      0.43      6.65      1.01
               rw[205]     -4.28      3.03     -4.77     -8.78      0.48      6.81      1.01
               rw[206]     -4.22      3.04     -4.75     -8.89      0.37      6.75      1.01
               rw[207]     -4.23      3.08     -4.68     -8.66      0.79      6.74      1.01
               rw[208]     -4.16      3.08     -4.57     -8.88      0.68      6.62      1.01
               rw[209]     -4.11      3.06     -4.56     -8.62      0.79      6.58      1.01
               rw[210]     -4.08      3.07     -4.53     -8.81      0.82      6.74      1.01
               rw[211]     -4.01      3.10     -4.41     -8.92      0.78      6.64      1.01
               rw[212]     -3.93      3.08     -4.17     -8.56      0.97      6.67      1.01
               rw[213]     -3.82      3.10     -4.21     -8.86      0.89      6.61      1.01
               rw[214]     -3.69      3.07     -4.19     -7.72      1.91      6.54      1.01
               rw[215]     -3.66      3.10     -4.00     -8.37      1.24      6.57      1.01
               rw[216]     -3.58      3.08     -4.01     -8.24      1.27      6.45      1.01
               rw[217]     -3.49      3.10     -3.85     -8.04      1.43      6.50      1.01
               rw[218]     -3.48      3.10     -3.91     -7.50      2.00      6.44      1.01
               rw[219]     -3.53      3.10     -3.82     -7.75      1.67      6.45      1.01
               rw[220]     -3.50      3.11     -3.86     -7.99      1.40      6.43      1.01
               rw[221]     -3.39      3.13     -3.80     -7.91      1.81      6.63      1.01
               rw[222]     -3.34      3.13     -3.71     -7.88      1.76      6.68      1.01
               rw[223]     -3.29      3.21     -3.60     -8.07      1.90      6.93      1.01
               rw[224]     -3.27      3.32     -3.59     -8.38      2.05      7.31      1.01
               rw[225]     -3.29      3.33     -3.58     -8.29      2.15      7.77      1.01
               rw[226]     -3.31      3.50     -3.49     -9.36      1.97      8.39      1.01
               rw[227]     -3.30      3.64     -3.55     -8.77      2.80      9.03      1.01
                 sigma      0.22      0.02      0.22      0.19      0.26    527.65      1.00

Number of divergences: 0
