
                            mean       std    median      5.0%     95.0%     n_eff     r_hat
                    D0      1.18      1.93      0.61      0.00      2.63    979.06      1.00
                    E0     25.43     24.52     18.60      0.07     55.32     76.79      1.00
                    H0      1.95      1.70      1.46      0.00      4.30   1142.42      1.00
                    I0      7.85     10.82      4.41      0.03     18.68     80.08      1.01
                 beta0      1.67      0.90      1.62      0.43      2.80      7.43      1.02
  confirmed_dispersion      0.24      0.04      0.23      0.18      0.30    991.91      1.00
      death_dispersion      0.56      0.05      0.56      0.48      0.64   1497.30      1.00
            death_prob      0.02      0.00      0.02      0.01      0.02     20.40      1.00
            death_rate      0.05      0.01      0.05      0.04      0.06    115.83      1.03
           det_prob[0]      0.22      0.06      0.21      0.12      0.30    212.76      1.00
           det_prob[1]      0.20      0.06      0.20      0.10      0.29    182.29      1.00
           det_prob[2]      0.19      0.06      0.18      0.09      0.29    175.06      1.00
           det_prob[3]      0.18      0.06      0.17      0.09      0.27    165.38      1.00
           det_prob[4]      0.17      0.06      0.16      0.07      0.26    150.35      1.00
           det_prob[5]      0.16      0.06      0.15      0.07      0.25    141.06      1.01
           det_prob[6]      0.15      0.06      0.14      0.07      0.24    138.90      1.00
           det_prob[7]      0.15      0.06      0.14      0.06      0.23    124.46      1.00
           det_prob[8]      0.15      0.06      0.14      0.06      0.22    107.49      1.00
           det_prob[9]      0.14      0.05      0.13      0.06      0.22    104.22      1.01
          det_prob[10]      0.14      0.05      0.13      0.06      0.21     84.05      1.01
          det_prob[11]      0.14      0.05      0.13      0.06      0.21     94.40      1.01
          det_prob[12]      0.13      0.05      0.12      0.06      0.21     99.54      1.01
          det_prob[13]      0.13      0.05      0.12      0.06      0.21     99.46      1.02
          det_prob[14]      0.13      0.05      0.12      0.06      0.20    100.02      1.02
          det_prob[15]      0.13      0.05      0.13      0.06      0.20     87.51      1.02
          det_prob[16]      0.12      0.04      0.12      0.05      0.19     96.12      1.02
          det_prob[17]      0.12      0.04      0.11      0.05      0.18     85.87      1.02
          det_prob[18]      0.12      0.04      0.11      0.05      0.18     80.33      1.03
          det_prob[19]      0.12      0.04      0.12      0.06      0.19     85.22      1.02
          det_prob[20]      0.13      0.04      0.12      0.05      0.18     86.86      1.04
          det_prob[21]      0.13      0.04      0.13      0.06      0.20     91.25      1.03
          det_prob[22]      0.14      0.05      0.13      0.07      0.22     98.76      1.03
          det_prob[23]      0.14      0.05      0.14      0.07      0.21     92.87      1.03
          det_prob[24]      0.15      0.05      0.15      0.07      0.23     79.77      1.03
          det_prob[25]      0.15      0.05      0.14      0.08      0.24     87.34      1.03
          det_prob[26]      0.15      0.05      0.15      0.08      0.23     88.41      1.03
          det_prob[27]      0.16      0.05      0.15      0.08      0.24     87.43      1.02
          det_prob[28]      0.16      0.05      0.15      0.08      0.24     88.49      1.02
          det_prob[29]      0.16      0.05      0.15      0.09      0.25     74.29      1.02
          det_prob[30]      0.17      0.05      0.16      0.08      0.25     61.34      1.03
          det_prob[31]      0.17      0.05      0.16      0.09      0.26     52.48      1.03
          det_prob[32]      0.18      0.06      0.17      0.08      0.26     55.20      1.02
          det_prob[33]      0.19      0.06      0.18      0.09      0.28     46.06      1.02
          det_prob[34]      0.19      0.06      0.19      0.11      0.30     48.59      1.02
          det_prob[35]      0.20      0.06      0.19      0.10      0.31     51.13      1.01
          det_prob[36]      0.21      0.07      0.20      0.10      0.32     47.92      1.01
          det_prob[37]      0.22      0.07      0.21      0.10      0.33     40.55      1.01
          det_prob[38]      0.23      0.07      0.22      0.10      0.33     41.40      1.01
          det_prob[39]      0.24      0.08      0.23      0.10      0.35     40.76      1.00
          det_prob[40]      0.24      0.08      0.23      0.12      0.37     34.93      1.00
          det_prob[41]      0.25      0.09      0.24      0.10      0.37     36.01      1.00
          det_prob[42]      0.26      0.09      0.25      0.12      0.39     34.67      1.00
          det_prob[43]      0.28      0.09      0.27      0.15      0.44     34.83      1.00
          det_prob[44]      0.29      0.10      0.28      0.15      0.43     37.26      1.00
          det_prob[45]      0.30      0.10      0.28      0.15      0.44     33.55      1.00
          det_prob[46]      0.31      0.10      0.29      0.15      0.47     34.45      1.00
          det_prob[47]      0.32      0.11      0.31      0.15      0.47     35.10      1.01
          det_prob[48]      0.34      0.11      0.32      0.19      0.53     33.84      1.00
          det_prob[49]      0.35      0.12      0.34      0.18      0.54     31.41      1.01
          det_prob[50]      0.37      0.12      0.35      0.18      0.56     32.98      1.01
          det_prob[51]      0.38      0.12      0.36      0.20      0.59     34.49      1.01
          det_prob[52]      0.39      0.12      0.37      0.20      0.60     37.59      1.01
          det_prob[53]      0.40      0.13      0.38      0.20      0.60     37.42      1.01
          det_prob[54]      0.41      0.13      0.40      0.20      0.63     37.76      1.01
          det_prob[55]      0.43      0.13      0.41      0.22      0.66     42.97      1.01
          det_prob[56]      0.44      0.13      0.43      0.22      0.65     38.34      1.02
          det_prob[57]      0.46      0.13      0.45      0.24      0.68     36.38      1.02
          det_prob[58]      0.47      0.14      0.46      0.25      0.70     35.08      1.02
          det_prob[59]      0.48      0.14      0.47      0.26      0.72     38.08      1.02
          det_prob[60]      0.49      0.14      0.48      0.27      0.72     41.05      1.02
          det_prob[61]      0.49      0.14      0.49      0.28      0.74     37.79      1.02
          det_prob[62]      0.50      0.15      0.50      0.27      0.74     41.64      1.02
          det_prob[63]      0.52      0.15      0.52      0.28      0.76     41.56      1.02
          det_prob[64]      0.53      0.15      0.53      0.29      0.77     41.24      1.01
          det_prob[65]      0.55      0.15      0.54      0.32      0.81     41.80      1.01
          det_prob[66]      0.56      0.15      0.56      0.33      0.81     42.68      1.01
          det_prob[67]      0.58      0.15      0.58      0.34      0.81     41.72      1.01
          det_prob[68]      0.59      0.14      0.60      0.38      0.85     40.86      1.01
          det_prob[69]      0.61      0.14      0.61      0.38      0.84     41.96      1.01
          det_prob[70]      0.62      0.14      0.63      0.40      0.84     43.51      1.01
          det_prob[71]      0.65      0.13      0.65      0.42      0.85     45.33      1.01
          det_prob[72]      0.66      0.13      0.66      0.44      0.86     47.68      1.01
          det_prob[73]      0.67      0.13      0.68      0.46      0.89     48.94      1.01
          det_prob[74]      0.68      0.13      0.69      0.46      0.88     51.29      1.01
          det_prob[75]      0.69      0.13      0.69      0.49      0.90     51.54      1.00
          det_prob[76]      0.70      0.13      0.71      0.51      0.91     51.54      1.00
          det_prob[77]      0.71      0.13      0.72      0.52      0.93     54.99      1.00
          det_prob[78]      0.72      0.13      0.73      0.53      0.93     53.51      1.00
          det_prob[79]      0.73      0.13      0.74      0.54      0.94     52.92      1.00
          det_prob[80]      0.75      0.12      0.76      0.55      0.93     54.92      1.00
          det_prob[81]      0.75      0.12      0.76      0.56      0.94     55.45      1.00
          det_prob[82]      0.76      0.12      0.77      0.58      0.96     54.75      1.00
          det_prob[83]      0.76      0.12      0.78      0.59      0.97     54.84      1.00
          det_prob[84]      0.77      0.12      0.78      0.60      0.97     54.94      1.00
          det_prob[85]      0.78      0.12      0.79      0.60      0.98     56.58      1.00
          det_prob[86]      0.78      0.12      0.80      0.62      0.97     55.73      1.00
          det_prob[87]      0.79      0.12      0.81      0.62      0.98     55.47      1.00
          det_prob[88]      0.80      0.12      0.82      0.63      0.97     55.06      1.00
          det_prob[89]      0.81      0.11      0.83      0.65      0.98     54.35      1.00
          det_prob[90]      0.81      0.11      0.83      0.66      0.98     53.06      1.00
          det_prob[91]      0.82      0.11      0.83      0.67      0.98     52.49      1.00
          det_prob[92]      0.83      0.11      0.84      0.68      0.99     51.51      1.00
          det_prob[93]      0.83      0.11      0.85      0.68      0.98     49.02      1.00
          det_prob[94]      0.84      0.10      0.85      0.69      0.99     48.45      1.00
          det_prob[95]      0.84      0.10      0.86      0.69      0.98     48.02      1.00
          det_prob[96]      0.85      0.10      0.86      0.71      0.99     44.88      1.00
          det_prob[97]      0.85      0.10      0.87      0.71      0.99     46.31      1.00
          det_prob[98]      0.85      0.10      0.87      0.72      0.99     44.07      1.00
          det_prob[99]      0.86      0.10      0.87      0.72      0.99     40.20      1.00
         det_prob[100]      0.86      0.10      0.88      0.73      0.99     39.87      1.00
         det_prob[101]      0.86      0.10      0.88      0.73      0.99     39.47      1.00
         det_prob[102]      0.87      0.10      0.89      0.73      0.99     36.98      1.00
         det_prob[103]      0.87      0.10      0.89      0.74      1.00     35.67      1.00
         det_prob[104]      0.87      0.10      0.89      0.74      0.99     33.06      1.00
         det_prob[105]      0.87      0.10      0.90      0.75      0.99     34.00      1.00
         det_prob[106]      0.87      0.09      0.89      0.74      0.99     31.68      1.00
         det_prob[107]      0.88      0.09      0.90      0.75      1.00     29.94      1.00
         det_prob[108]      0.88      0.09      0.90      0.75      1.00     28.06      1.00
         det_prob[109]      0.88      0.09      0.90      0.75      1.00     27.00      1.00
         det_prob[110]      0.88      0.09      0.90      0.75      1.00     25.62      1.00
         det_prob[111]      0.88      0.09      0.91      0.75      1.00     25.63      1.00
         det_prob[112]      0.88      0.09      0.91      0.75      1.00     25.05      1.00
         det_prob[113]      0.88      0.09      0.91      0.75      1.00     24.73      1.00
         det_prob[114]      0.88      0.09      0.90      0.75      1.00     23.52      1.00
         det_prob[115]      0.89      0.09      0.91      0.75      1.00     22.51      1.00
         det_prob[116]      0.88      0.09      0.91      0.75      1.00     22.46      1.00
         det_prob[117]      0.88      0.10      0.91      0.74      1.00     21.73      1.00
         det_prob[118]      0.88      0.10      0.91      0.74      1.00     21.06      1.00
         det_prob[119]      0.88      0.10      0.91      0.74      1.00     21.09      1.00
         det_prob[120]      0.88      0.10      0.91      0.74      1.00     21.25      1.00
         det_prob[121]      0.88      0.10      0.91      0.73      1.00     21.31      1.00
         det_prob[122]      0.88      0.11      0.91      0.72      1.00     21.87      1.00
         det_prob[123]      0.88      0.11      0.91      0.72      1.00     21.11      1.00
         det_prob[124]      0.88      0.11      0.91      0.72      1.00     21.19      1.00
         det_prob[125]      0.88      0.11      0.91      0.71      1.00     20.57      1.00
         det_prob[126]      0.87      0.12      0.91      0.71      1.00     20.15      1.00
         det_prob[127]      0.87      0.12      0.91      0.71      1.00     19.52      1.00
         det_prob[128]      0.87      0.12      0.91      0.69      1.00     18.80      1.00
         det_prob[129]      0.87      0.12      0.91      0.70      1.00     18.66      1.00
         det_prob[130]      0.87      0.12      0.91      0.70      1.00     18.07      1.00
         det_prob[131]      0.88      0.12      0.91      0.70      1.00     18.17      1.00
         det_prob[132]      0.88      0.12      0.91      0.69      1.00     17.68      1.00
         det_prob[133]      0.87      0.12      0.91      0.69      1.00     17.51      1.00
         det_prob[134]      0.87      0.12      0.91      0.69      1.00     16.91      1.00
         det_prob[135]      0.87      0.12      0.91      0.68      1.00     17.03      1.00
         det_prob[136]      0.87      0.12      0.92      0.69      1.00     16.77      1.00
         det_prob[137]      0.87      0.13      0.91      0.68      1.00     16.90      1.00
         det_prob[138]      0.87      0.13      0.91      0.67      1.00     16.78      1.00
         det_prob[139]      0.87      0.13      0.91      0.68      1.00     16.14      1.00
         det_prob[140]      0.87      0.13      0.92      0.68      1.00     16.22      1.00
         det_prob[141]      0.87      0.13      0.92      0.68      1.00     16.41      1.00
         det_prob[142]      0.87      0.13      0.92      0.68      1.00     16.43      1.00
         det_prob[143]      0.87      0.13      0.92      0.68      1.00     16.53      1.00
         det_prob[144]      0.87      0.13      0.92      0.67      1.00     16.08      1.00
         det_prob[145]      0.87      0.13      0.92      0.68      1.00     15.93      1.00
         det_prob[146]      0.87      0.13      0.92      0.67      1.00     15.77      1.00
         det_prob[147]      0.87      0.13      0.92      0.67      1.00     15.52      1.00
         det_prob[148]      0.87      0.13      0.93      0.66      1.00     15.67      1.00
         det_prob[149]      0.87      0.13      0.93      0.66      1.00     15.46      1.00
         det_prob[150]      0.87      0.13      0.93      0.67      1.00     15.46      1.00
         det_prob[151]      0.87      0.13      0.93      0.67      1.00     15.66      1.00
         det_prob[152]      0.88      0.13      0.93      0.67      1.00     15.67      1.00
         det_prob[153]      0.88      0.13      0.94      0.67      1.00     15.61      1.00
         det_prob[154]      0.88      0.14      0.94      0.68      1.00     15.61      1.00
         det_prob[155]      0.88      0.13      0.94      0.68      1.00     15.66      1.00
         det_prob[156]      0.88      0.13      0.94      0.68      1.00     15.31      1.00
         det_prob[157]      0.88      0.13      0.94      0.68      1.00     15.44      1.00
         det_prob[158]      0.88      0.13      0.94      0.68      1.00     15.61      1.00
         det_prob[159]      0.88      0.13      0.94      0.68      1.00     15.59      1.00
         det_prob[160]      0.88      0.13      0.94      0.68      1.00     15.47      1.00
         det_prob[161]      0.88      0.13      0.94      0.69      1.00     15.44      1.00
         det_prob[162]      0.89      0.13      0.94      0.69      1.00     15.28      1.00
         det_prob[163]      0.89      0.13      0.94      0.70      1.00     15.36      1.00
         det_prob[164]      0.89      0.12      0.95      0.71      1.00     15.36      1.00
         det_prob[165]      0.89      0.12      0.95      0.70      1.00     15.44      1.00
         det_prob[166]      0.89      0.12      0.95      0.70      1.00     15.60      1.00
         det_prob[167]      0.90      0.12      0.95      0.71      1.00     15.32      1.00
         det_prob[168]      0.90      0.12      0.95      0.72      1.00     15.52      1.00
         det_prob[169]      0.90      0.11      0.95      0.73      1.00     15.49      1.00
         det_prob[170]      0.90      0.11      0.96      0.74      1.00     15.82      1.00
         det_prob[171]      0.90      0.11      0.96      0.74      1.00     16.18      1.00
         det_prob[172]      0.90      0.11      0.96      0.74      1.00     16.40      1.00
         det_prob[173]      0.91      0.11      0.96      0.74      1.00     16.15      1.00
         det_prob[174]      0.91      0.11      0.96      0.74      1.00     15.97      1.00
         det_prob[175]      0.91      0.10      0.96      0.75      1.00     15.72      1.00
         det_prob[176]      0.91      0.10      0.96      0.76      1.00     15.96      1.00
         det_prob[177]      0.92      0.10      0.96      0.78      1.00     16.15      1.00
         det_prob[178]      0.92      0.10      0.96      0.78      1.00     16.73      1.00
         det_prob[179]      0.92      0.10      0.96      0.77      1.00     17.05      1.00
         det_prob[180]      0.92      0.09      0.97      0.79      1.00     17.02      1.00
         det_prob[181]      0.92      0.09      0.97      0.79      1.00     17.22      1.00
         det_prob[182]      0.92      0.09      0.97      0.80      1.00     17.25      1.00
         det_prob[183]      0.93      0.09      0.97      0.80      1.00     17.75      1.00
         det_prob[184]      0.93      0.09      0.97      0.81      1.00     17.51      1.00
         det_prob[185]      0.93      0.09      0.97      0.80      1.00     17.39      1.00
         det_prob[186]      0.93      0.09      0.97      0.81      1.00     17.24      1.01
         det_prob[187]      0.93      0.09      0.97      0.82      1.00     18.22      1.01
         det_prob[188]      0.93      0.09      0.97      0.82      1.00     19.23      1.01
         det_prob[189]      0.93      0.08      0.97      0.81      1.00     18.84      1.01
         det_prob[190]      0.93      0.08      0.97      0.82      1.00     18.61      1.01
         det_prob[191]      0.93      0.08      0.97      0.81      1.00     18.80      1.01
         det_prob[192]      0.94      0.08      0.97      0.82      1.00     19.26      1.01
         det_prob[193]      0.94      0.08      0.97      0.83      1.00     18.59      1.01
         det_prob[194]      0.94      0.07      0.97      0.83      1.00     18.48      1.00
         det_prob[195]      0.94      0.07      0.97      0.83      1.00     19.08      1.00
         det_prob[196]      0.94      0.07      0.97      0.84      1.00     19.50      1.00
         det_prob[197]      0.94      0.07      0.97      0.84      1.00     19.30      1.00
         det_prob[198]      0.94      0.07      0.97      0.84      1.00     19.87      1.00
         det_prob[199]      0.94      0.07      0.97      0.84      1.00     19.59      1.00
         det_prob[200]      0.94      0.07      0.97      0.85      1.00     19.38      1.00
         det_prob[201]      0.94      0.07      0.97      0.85      1.00     19.32      1.00
         det_prob[202]      0.94      0.07      0.97      0.84      1.00     19.45      1.00
         det_prob[203]      0.94      0.07      0.97      0.85      1.00     19.45      1.00
         det_prob[204]      0.94      0.07      0.97      0.85      1.00     19.24      1.00
         det_prob[205]      0.94      0.06      0.97      0.85      1.00     18.87      1.00
         det_prob[206]      0.94      0.06      0.97      0.85      1.00     18.16      1.00
         det_prob[207]      0.94      0.06      0.97      0.85      1.00     18.26      1.00
         det_prob[208]      0.94      0.07      0.97      0.85      1.00     18.83      1.00
         det_prob[209]      0.94      0.07      0.97      0.85      1.00     18.99      1.00
         det_prob[210]      0.94      0.07      0.97      0.84      1.00     19.39      1.00
         det_prob[211]      0.94      0.07      0.97      0.84      1.00     19.88      1.00
         det_prob[212]      0.94      0.07      0.97      0.84      1.00     20.11      1.00
         det_prob[213]      0.94      0.07      0.97      0.84      1.00     20.43      1.00
         det_prob[214]      0.94      0.07      0.97      0.83      1.00     20.74      1.00
         det_prob[215]      0.94      0.07      0.97      0.83      1.00     21.36      1.00
         det_prob[216]      0.94      0.07      0.97      0.84      1.00     22.19      1.00
         det_prob[217]      0.94      0.07      0.97      0.84      1.00     22.84      1.00
         det_prob[218]      0.94      0.07      0.97      0.84      1.00     23.50      1.00
         det_prob[219]      0.94      0.07      0.97      0.83      1.00     24.21      1.00
         det_prob[220]      0.94      0.08      0.97      0.84      1.00     23.63      1.00
         det_prob[221]      0.94      0.08      0.97      0.83      1.00     24.01      1.00
         det_prob[222]      0.94      0.08      0.97      0.83      1.00     24.98      1.00
         det_prob[223]      0.94      0.08      0.97      0.83      1.00     25.89      1.00
         det_prob[224]      0.94      0.08      0.97      0.83      1.00     26.19      1.00
         det_prob[225]      0.94      0.08      0.98      0.84      1.00     26.78      1.00
         det_prob[226]      0.94      0.08      0.98      0.84      1.00     27.66      1.00
         det_prob[227]      0.94      0.08      0.98      0.83      1.00     28.14      1.00
             det_prob0      0.24      0.06      0.23      0.15      0.32    301.13      1.00
            det_prob_d      0.90      0.03      0.90      0.85      0.95   1632.23      1.00
                 gamma      0.48      0.05      0.48      0.41      0.57    505.06      1.00
                 rw[0]     -0.12      1.03     -0.16     -1.81      1.48     39.43      1.00
                 rw[1]     -0.19      1.47     -0.22     -2.59      2.25     20.42      1.00
                 rw[2]     -0.18      1.80     -0.23     -3.52      2.37     14.36      1.01
                 rw[3]     -0.07      2.02     -0.12     -3.62      3.11     11.39      1.01
                 rw[4]      0.13      2.30     -0.03     -3.54      3.98      9.66      1.01
                 rw[5]      0.30      2.49      0.11     -3.57      4.41      8.63      1.01
                 rw[6]      0.47      2.65      0.33     -3.80      4.70      8.21      1.01
                 rw[7]      0.59      2.81      0.33     -3.20      5.70      7.73      1.02
                 rw[8]      0.75      2.95      0.56     -4.03      5.42      7.29      1.01
                 rw[9]      0.83      3.06      0.49     -4.21      5.42      6.99      1.01
                rw[10]      0.95      3.13      0.61     -4.16      5.63      6.72      1.02
                rw[11]      0.94      3.23      0.59     -3.64      6.44      6.74      1.01
                rw[12]      0.79      3.29      0.53     -3.64      6.64      6.86      1.01
                rw[13]      0.73      3.30      0.42     -4.08      6.13      6.77      1.01
                rw[14]      0.58      3.33      0.10     -3.95      6.40      6.75      1.01
                rw[15]      0.23      3.32     -0.16     -4.53      5.81      6.89      1.01
                rw[16]     -0.09      3.31     -0.60     -4.76      5.70      6.79      1.01
                rw[17]     -0.40      3.34     -0.86     -5.43      4.98      6.94      1.01
                rw[18]     -0.76      3.30     -1.19     -5.36      4.98      7.04      1.01
                rw[19]     -1.15      3.26     -1.55     -5.81      4.49      6.91      1.01
                rw[20]     -1.55      3.20     -2.07     -6.30      3.69      6.96      1.00
                rw[21]     -1.93      3.16     -2.35     -6.36      3.51      7.03      1.01
                rw[22]     -2.49      3.16     -2.83     -6.87      3.08      7.14      1.00
                rw[23]     -3.07      3.18     -3.30     -7.98      2.14      6.92      1.01
                rw[24]     -3.67      3.18     -4.02     -8.31      1.66      6.97      1.01
                rw[25]     -4.31      3.15     -4.74     -8.86      1.05      6.91      1.01
                rw[26]     -4.86      3.13     -5.25     -9.49      0.31      6.99      1.01
                rw[27]     -5.35      3.17     -5.64     -9.83     -0.01      6.99      1.01
                rw[28]     -5.73      3.19     -6.19    -10.20     -0.45      7.06      1.01
                rw[29]     -6.13      3.20     -6.55    -10.76     -0.82      7.03      1.01
                rw[30]     -6.42      3.24     -6.84    -11.02     -0.93      7.13      1.01
                rw[31]     -6.71      3.21     -7.11    -11.35     -1.31      7.10      1.01
                rw[32]     -6.94      3.30     -7.29    -11.85     -1.55      7.33      1.01
                rw[33]     -7.10      3.30     -7.53    -12.11     -2.06      7.36      1.01
                rw[34]     -7.28      3.32     -7.74    -12.10     -1.88      7.46      1.01
                rw[35]     -7.46      3.34     -7.88    -12.56     -2.16      7.39      1.00
                rw[36]     -7.53      3.34     -7.95    -12.78     -2.25      7.58      1.00
                rw[37]     -7.59      3.37     -7.90    -12.66     -2.01      7.64      1.00
                rw[38]     -7.57      3.37     -7.78    -12.41     -1.84      7.54      1.00
                rw[39]     -7.56      3.41     -7.93    -12.59     -1.94      7.44      1.00
                rw[40]     -7.56      3.39     -7.97    -12.33     -1.70      7.38      1.00
                rw[41]     -7.49      3.39     -7.76    -12.29     -1.76      7.26      1.00
                rw[42]     -7.44      3.37     -7.97    -12.11     -1.59      7.24      1.00
                rw[43]     -7.40      3.40     -7.64    -12.47     -1.76      7.33      1.00
                rw[44]     -7.36      3.36     -7.71    -12.25     -1.76      7.40      1.00
                rw[45]     -7.25      3.35     -7.61    -12.19     -1.89      7.32      1.00
                rw[46]     -7.20      3.39     -7.49    -12.09     -1.63      7.29      1.00
                rw[47]     -7.16      3.38     -7.39    -11.98     -1.40      7.21      1.00
                rw[48]     -7.13      3.39     -7.37    -11.99     -1.36      7.26      1.00
                rw[49]     -7.10      3.36     -7.42    -11.82     -1.43      7.23      1.00
                rw[50]     -7.13      3.33     -7.38    -11.69     -1.30      7.19      1.00
                rw[51]     -7.14      3.29     -7.50    -11.87     -1.75      7.18      1.00
                rw[52]     -7.15      3.33     -7.53    -11.74     -1.59      7.16      1.00
                rw[53]     -7.17      3.31     -7.51    -12.44     -2.10      7.17      1.00
                rw[54]     -7.14      3.30     -7.53    -12.33     -1.89      7.14      1.00
                rw[55]     -7.11      3.27     -7.45    -12.03     -1.85      7.08      1.00
                rw[56]     -7.14      3.26     -7.44    -11.85     -1.66      7.13      1.01
                rw[57]     -7.15      3.28     -7.43    -11.83     -1.61      7.14      1.01
                rw[58]     -7.16      3.26     -7.61    -11.86     -1.55      6.92      1.01
                rw[59]     -7.12      3.27     -7.45    -11.92     -1.66      7.26      1.01
                rw[60]     -7.09      3.31     -7.45    -12.61     -2.16      7.27      1.01
                rw[61]     -7.04      3.24     -7.42    -11.48     -1.49      7.00      1.01
                rw[62]     -6.98      3.20     -7.32    -11.83     -1.78      7.00      1.01
                rw[63]     -6.88      3.22     -7.17    -11.44     -1.36      7.04      1.01
                rw[64]     -6.77      3.22     -7.05    -11.38     -1.30      7.03      1.01
                rw[65]     -6.70      3.26     -7.18    -11.85     -1.55      7.11      1.01
                rw[66]     -6.57      3.24     -6.93    -11.32     -1.27      7.20      1.01
                rw[67]     -6.45      3.24     -6.66    -11.10     -0.80      7.32      1.01
                rw[68]     -6.35      3.25     -6.58    -11.44     -1.36      7.33      1.01
                rw[69]     -6.31      3.24     -6.56    -11.17     -1.02      7.13      1.01
                rw[70]     -6.24      3.22     -6.39    -10.90     -0.85      7.25      1.01
                rw[71]     -6.20      3.27     -6.37    -10.94     -0.89      7.25      1.01
                rw[72]     -6.23      3.28     -6.41    -11.39     -1.18      7.26      1.01
                rw[73]     -6.18      3.22     -6.34    -11.30     -1.05      7.35      1.01
                rw[74]     -6.13      3.24     -6.31    -10.63     -0.31      7.19      1.01
                rw[75]     -6.07      3.22     -6.15    -11.17     -1.12      7.22      1.01
                rw[76]     -6.06      3.25     -6.21    -11.24     -1.03      7.45      1.01
                rw[77]     -6.00      3.19     -6.27    -10.74     -0.52      7.28      1.01
                rw[78]     -5.93      3.23     -6.22    -11.30     -1.02      7.31      1.01
                rw[79]     -5.89      3.18     -6.06    -10.90     -0.99      7.21      1.01
                rw[80]     -5.88      3.20     -6.08    -10.28     -0.27      7.28      1.01
                rw[81]     -5.85      3.24     -6.12    -10.28     -0.31      7.26      1.01
                rw[82]     -5.82      3.23     -6.12    -10.86     -0.84      7.16      1.01
                rw[83]     -5.71      3.17     -5.89    -10.66     -0.71      7.18      1.02
                rw[84]     -5.55      3.19     -5.78    -10.75     -0.67      7.24      1.01
                rw[85]     -5.39      3.24     -5.67    -10.18     -0.06      7.12      1.02
                rw[86]     -5.28      3.20     -5.64    -10.36     -0.37      7.02      1.02
                rw[87]     -5.13      3.18     -5.51     -9.88      0.23      7.15      1.01
                rw[88]     -4.96      3.12     -5.27     -9.56      0.17      7.29      1.01
                rw[89]     -4.85      3.12     -5.21     -9.69      0.14      7.33      1.01
                rw[90]     -4.70      3.11     -4.94     -9.47      0.40      7.30      1.01
                rw[91]     -4.66      3.11     -5.00     -9.19      0.63      7.11      1.01
                rw[92]     -4.57      3.09     -4.96     -9.57      0.21      7.04      1.01
                rw[93]     -4.52      3.10     -4.87     -9.15      0.74      7.03      1.01
                rw[94]     -4.49      3.13     -4.85     -8.73      1.07      6.99      1.01
                rw[95]     -4.47      3.13     -4.80     -9.16      0.66      6.78      1.01
                rw[96]     -4.47      3.09     -4.89     -8.68      0.88      6.79      1.01
                rw[97]     -4.45      3.10     -4.90     -8.75      0.68      6.74      1.01
                rw[98]     -4.37      3.08     -4.75     -8.94      0.55      6.62      1.01
                rw[99]     -4.33      3.07     -4.66     -8.70      0.88      6.60      1.01
               rw[100]     -4.34      3.05     -4.72     -8.69      0.88      6.69      1.01
               rw[101]     -4.26      3.08     -4.70     -8.93      0.64      6.89      1.01
               rw[102]     -4.11      3.09     -4.56     -8.54      1.02      6.82      1.01
               rw[103]     -3.99      3.12     -4.56     -8.60      0.99      6.78      1.01
               rw[104]     -3.84      3.07     -4.27     -8.24      1.32      6.96      1.01
               rw[105]     -3.69      3.06     -4.06     -8.13      1.52      6.94      1.01
               rw[106]     -3.55      3.05     -3.91     -8.43      1.17      6.87      1.01
               rw[107]     -3.44      3.04     -3.80     -7.73      1.81      6.76      1.01
               rw[108]     -3.33      3.12     -3.67     -7.97      1.58      6.68      1.01
               rw[109]     -3.23      3.12     -3.57     -7.68      2.09      6.97      1.01
               rw[110]     -3.13      3.09     -3.51     -7.29      2.25      6.98      1.01
               rw[111]     -3.04      3.07     -3.46     -7.18      2.27      7.04      1.01
               rw[112]     -3.00      3.08     -3.41     -7.32      2.28      7.00      1.01
               rw[113]     -3.05      3.10     -3.40     -7.48      2.22      6.82      1.01
               rw[114]     -3.20      3.10     -3.48     -7.89      1.71      6.93      1.01
               rw[115]     -3.44      3.12     -3.83     -7.75      1.89      6.96      1.01
               rw[116]     -3.66      3.14     -4.00     -8.46      1.40      7.00      1.01
               rw[117]     -3.87      3.10     -4.42     -8.67      0.95      6.89      1.01
               rw[118]     -4.12      3.10     -4.45     -8.96      0.78      6.89      1.01
               rw[119]     -4.26      3.15     -4.68     -8.59      1.01      6.89      1.01
               rw[120]     -4.38      3.11     -4.79     -8.75      0.64      6.84      1.01
               rw[121]     -4.48      3.09     -4.94     -9.00      0.47      6.97      1.01
               rw[122]     -4.56      3.11     -4.99     -9.35      0.29      6.76      1.01
               rw[123]     -4.67      3.13     -5.02     -9.06      0.50      6.92      1.01
               rw[124]     -4.71      3.11     -5.15     -9.27      0.29      6.97      1.01
               rw[125]     -4.68      3.13     -5.22     -9.55      0.24      6.90      1.01
               rw[126]     -4.57      3.14     -5.00     -9.25      0.49      6.79      1.01
               rw[127]     -4.52      3.14     -5.01     -8.74      0.73      6.66      1.01
               rw[128]     -4.47      3.13     -4.82     -9.03      0.71      6.95      1.01
               rw[129]     -4.45      3.15     -4.88     -9.12      0.73      6.88      1.01
               rw[130]     -4.41      3.12     -4.92     -9.25      0.77      6.83      1.01
               rw[131]     -4.38      3.12     -4.72     -9.00      0.94      6.87      1.00
               rw[132]     -4.40      3.18     -4.91     -8.96      0.98      6.83      1.01
               rw[133]     -4.53      3.16     -4.95     -9.55      0.37      6.96      1.01
               rw[134]     -4.65      3.19     -5.12     -9.09      0.92      6.95      1.01
               rw[135]     -4.78      3.13     -5.11     -9.54      0.28      7.13      1.01
               rw[136]     -4.92      3.15     -5.34     -9.18      0.51      6.98      1.01
               rw[137]     -5.08      3.21     -5.56     -9.97     -0.00      6.90      1.01
               rw[138]     -5.17      3.18     -5.54     -9.43      0.53      6.87      1.01
               rw[139]     -5.28      3.19     -5.61     -9.73      0.23      6.91      1.01
               rw[140]     -5.35      3.18     -5.63     -9.98      0.03      6.90      1.01
               rw[141]     -5.49      3.12     -5.83     -9.63      0.26      6.90      1.01
               rw[142]     -5.52      3.11     -5.80    -10.05     -0.51      6.96      1.01
               rw[143]     -5.54      3.11     -5.93    -10.17     -0.46      6.77      1.01
               rw[144]     -5.63      3.18     -6.05    -10.29     -0.41      6.63      1.01
               rw[145]     -5.67      3.19     -6.09    -10.27     -0.24      6.67      1.01
               rw[146]     -5.74      3.19     -6.09    -10.71     -0.68      6.75      1.01
               rw[147]     -5.82      3.15     -6.05    -10.50     -0.56      6.86      1.01
               rw[148]     -5.90      3.15     -6.16    -10.67     -0.74      6.95      1.01
               rw[149]     -6.00      3.24     -6.30    -10.70     -0.65      7.04      1.01
               rw[150]     -6.12      3.25     -6.42    -10.84     -0.75      7.03      1.01
               rw[151]     -6.25      3.23     -6.61    -11.13     -1.09      7.05      1.01
               rw[152]     -6.30      3.24     -6.61    -11.13     -1.02      6.92      1.01
               rw[153]     -6.38      3.24     -6.77    -11.06     -0.89      6.90      1.01
               rw[154]     -6.43      3.29     -6.95    -10.86     -0.65      6.89      1.01
               rw[155]     -6.41      3.25     -6.87    -11.55     -1.54      7.05      1.01
               rw[156]     -6.47      3.25     -7.00    -10.96     -0.87      6.92      1.01
               rw[157]     -6.49      3.21     -6.95    -11.19     -1.44      6.90      1.01
               rw[158]     -6.53      3.27     -6.82    -11.66     -1.40      7.00      1.01
               rw[159]     -6.48      3.27     -6.89    -10.86     -0.64      6.97      1.01
               rw[160]     -6.51      3.32     -6.81    -11.16     -0.78      7.20      1.01
               rw[161]     -6.51      3.32     -6.94    -11.32     -0.89      7.14      1.01
               rw[162]     -6.60      3.31     -7.00    -11.31     -0.93      7.47      1.01
               rw[163]     -6.64      3.25     -6.85    -11.39     -1.21      7.51      1.01
               rw[164]     -6.73      3.19     -7.10    -11.36     -1.40      7.45      1.01
               rw[165]     -6.82      3.17     -7.27    -11.97     -2.03      7.20      1.01
               rw[166]     -6.88      3.20     -7.26    -11.62     -1.69      7.04      1.01
               rw[167]     -6.93      3.20     -7.29    -11.55     -1.57      7.16      1.01
               rw[168]     -6.94      3.16     -7.27    -11.63     -1.82      7.36      1.01
               rw[169]     -6.99      3.19     -7.41    -11.66     -1.85      7.32      1.01
               rw[170]     -7.03      3.22     -7.33    -11.64     -1.55      7.20      1.01
               rw[171]     -7.08      3.23     -7.50    -11.67     -1.55      7.14      1.01
               rw[172]     -7.03      3.21     -7.38    -11.63     -1.68      7.08      1.01
               rw[173]     -6.99      3.24     -7.35    -11.72     -1.82      6.98      1.01
               rw[174]     -6.91      3.21     -7.28    -12.02     -1.86      7.18      1.01
               rw[175]     -6.87      3.25     -7.24    -11.58     -1.35      7.26      1.01
               rw[176]     -6.88      3.27     -7.19    -11.49     -1.37      7.00      1.01
               rw[177]     -6.90      3.27     -7.21    -12.08     -1.83      7.21      1.01
               rw[178]     -6.91      3.26     -7.18    -11.74     -1.52      7.27      1.00
               rw[179]     -6.89      3.25     -7.29    -11.72     -1.44      7.20      1.01
               rw[180]     -6.82      3.27     -7.09    -11.71     -1.49      7.27      1.01
               rw[181]     -6.77      3.24     -7.01    -11.47     -1.35      7.32      1.01
               rw[182]     -6.69      3.22     -7.06    -11.31     -1.15      7.21      1.01
               rw[183]     -6.65      3.25     -6.92    -11.60     -1.23      7.14      1.01
               rw[184]     -6.67      3.23     -6.97    -11.59     -1.28      7.15      1.01
               rw[185]     -6.59      3.20     -6.90    -11.57     -1.41      7.20      1.01
               rw[186]     -6.51      3.20     -6.75    -11.26     -1.08      7.05      1.01
               rw[187]     -6.42      3.16     -6.74    -11.07     -1.02      7.07      1.01
               rw[188]     -6.20      3.11     -6.64    -10.68     -0.94      7.05      1.01
               rw[189]     -6.06      3.12     -6.36    -10.69     -0.96      6.96      1.01
               rw[190]     -5.85      3.13     -6.27    -10.32     -0.65      6.90      1.01
               rw[191]     -5.70      3.14     -6.25    -10.46     -0.76      6.86      1.01
               rw[192]     -5.57      3.12     -5.93    -10.41     -0.70      7.12      1.00
               rw[193]     -5.42      3.12     -5.77    -10.08     -0.23      7.11      1.00
               rw[194]     -5.26      3.12     -5.69     -9.72     -0.02      7.00      1.01
               rw[195]     -5.10      3.14     -5.59     -9.33      0.34      6.96      1.01
               rw[196]     -4.95      3.12     -5.30     -9.45      0.27      6.96      1.01
               rw[197]     -4.83      3.11     -5.25     -9.74     -0.07      6.97      1.01
               rw[198]     -4.75      3.17     -5.16     -9.50      0.37      6.76      1.01
               rw[199]     -4.67      3.14     -5.10     -9.04      0.80      6.75      1.01
               rw[200]     -4.54      3.16     -4.85     -8.97      0.88      6.77      1.01
               rw[201]     -4.47      3.16     -4.86     -8.56      1.21      6.82      1.01
               rw[202]     -4.42      3.12     -4.83     -8.89      0.78      6.93      1.01
               rw[203]     -4.43      3.14     -4.88     -8.89      0.90      6.76      1.01
               rw[204]     -4.47      3.12     -5.00     -9.50      0.34      6.75      1.01
               rw[205]     -4.53      3.12     -5.06     -9.19      0.51      6.86      1.01
               rw[206]     -4.57      3.13     -5.11     -9.07      0.52      7.02      1.01
               rw[207]     -4.65      3.16     -5.20     -8.92      0.68      6.88      1.01
               rw[208]     -4.67      3.15     -5.02     -9.58      0.26      7.00      1.01
               rw[209]     -4.74      3.11     -5.13     -9.27      0.29      6.91      1.01
               rw[210]     -4.72      3.12     -5.09     -9.14      0.30      6.87      1.01
               rw[211]     -4.72      3.14     -5.15     -9.48      0.17      6.96      1.01
               rw[212]     -4.76      3.16     -5.14     -9.33      0.67      6.93      1.01
               rw[213]     -4.76      3.16     -5.16     -9.68      0.55      7.03      1.01
               rw[214]     -4.74      3.18     -5.22     -9.45      0.58      6.99      1.01
               rw[215]     -4.71      3.19     -5.20     -9.53      0.44      6.89      1.01
               rw[216]     -4.63      3.18     -5.02     -9.18      0.55      6.82      1.01
               rw[217]     -4.53      3.19     -4.87     -8.82      0.91      6.75      1.01
               rw[218]     -4.53      3.21     -4.80     -9.40      0.50      6.82      1.01
               rw[219]     -4.57      3.18     -4.91     -9.39      0.51      6.90      1.01
               rw[220]     -4.54      3.18     -5.00     -8.96      0.84      6.93      1.01
               rw[221]     -4.50      3.23     -4.99     -9.11      0.88      6.89      1.01
               rw[222]     -4.45      3.23     -4.82     -9.39      0.68      7.12      1.01
               rw[223]     -4.39      3.26     -4.59     -9.08      1.15      7.02      1.01
               rw[224]     -4.32      3.39     -4.71     -9.69      1.09      7.62      1.01
               rw[225]     -4.25      3.47     -4.53     -9.34      1.61      8.22      1.01
               rw[226]     -4.28      3.58     -4.65     -9.28      2.21      9.02      1.01
               rw[227]     -4.28      3.68     -4.47    -10.01      1.63      9.38      1.01
                 sigma      0.22      0.02      0.22      0.19      0.26    767.76      1.00

Number of divergences: 0
