
                            mean       std    median      5.0%     95.0%     n_eff     r_hat
                    D0      0.99      1.35      0.58      0.00      2.36   1115.21      1.00
                    E0     21.09     18.80     16.32      0.29     43.28     51.92      1.00
                    H0      1.36      1.30      0.99      0.00      2.97   1120.39      1.00
                    I0      5.81      6.84      3.57      0.01     13.07     83.13      1.01
                 beta0      2.06      1.05      2.07      0.67      3.47      6.53      1.04
  confirmed_dispersion      0.12      0.02      0.12      0.10      0.14    853.87      1.00
      death_dispersion      0.48      0.04      0.48      0.42      0.54   1741.57      1.00
            death_prob      0.02      0.00      0.02      0.02      0.02     24.78      1.02
            death_rate      0.05      0.01      0.05      0.04      0.06     41.73      1.08
           det_prob[0]      0.25      0.06      0.25      0.16      0.36    153.82      1.01
           det_prob[1]      0.25      0.07      0.24      0.14      0.36    132.25      1.01
           det_prob[2]      0.24      0.07      0.23      0.13      0.35    128.08      1.01
           det_prob[3]      0.24      0.07      0.23      0.12      0.35    125.62      1.01
           det_prob[4]      0.23      0.08      0.22      0.11      0.34    112.92      1.01
           det_prob[5]      0.23      0.08      0.21      0.11      0.34     74.12      1.01
           det_prob[6]      0.22      0.08      0.21      0.10      0.33     64.94      1.01
           det_prob[7]      0.22      0.07      0.21      0.10      0.32     49.13      1.02
           det_prob[8]      0.21      0.07      0.20      0.10      0.31     42.89      1.02
           det_prob[9]      0.20      0.07      0.19      0.10      0.30     39.66      1.02
          det_prob[10]      0.19      0.07      0.18      0.08      0.28     35.42      1.03
          det_prob[11]      0.20      0.07      0.19      0.09      0.29     34.90      1.03
          det_prob[12]      0.20      0.06      0.19      0.10      0.29     36.61      1.04
          det_prob[13]      0.20      0.06      0.19      0.10      0.29     38.45      1.04
          det_prob[14]      0.19      0.06      0.19      0.10      0.29     41.73      1.05
          det_prob[15]      0.20      0.06      0.19      0.10      0.28     49.09      1.05
          det_prob[16]      0.19      0.05      0.18      0.11      0.28     36.21      1.06
          det_prob[17]      0.19      0.05      0.18      0.11      0.27     42.60      1.06
          det_prob[18]      0.19      0.05      0.19      0.10      0.27     41.83      1.07
          det_prob[19]      0.20      0.06      0.19      0.11      0.29     34.19      1.08
          det_prob[20]      0.20      0.06      0.20      0.10      0.28     32.44      1.08
          det_prob[21]      0.21      0.06      0.20      0.11      0.29     39.90      1.08
          det_prob[22]      0.20      0.06      0.20      0.11      0.29     50.71      1.07
          det_prob[23]      0.20      0.06      0.19      0.11      0.29     44.49      1.08
          det_prob[24]      0.20      0.06      0.19      0.11      0.29     49.45      1.08
          det_prob[25]      0.19      0.06      0.18      0.10      0.28     68.62      1.07
          det_prob[26]      0.19      0.06      0.19      0.11      0.28     73.38      1.07
          det_prob[27]      0.19      0.05      0.19      0.11      0.28     78.31      1.06
          det_prob[28]      0.19      0.05      0.19      0.11      0.27     65.10      1.06
          det_prob[29]      0.19      0.05      0.18      0.10      0.27     65.53      1.06
          det_prob[30]      0.19      0.05      0.19      0.11      0.27     38.59      1.08
          det_prob[31]      0.18      0.05      0.18      0.11      0.26     38.08      1.07
          det_prob[32]      0.18      0.05      0.17      0.10      0.27     32.92      1.07
          det_prob[33]      0.18      0.05      0.17      0.10      0.26     34.39      1.08
          det_prob[34]      0.18      0.05      0.17      0.10      0.26     35.21      1.07
          det_prob[35]      0.17      0.05      0.17      0.10      0.25     41.60      1.06
          det_prob[36]      0.17      0.05      0.16      0.09      0.25     51.38      1.06
          det_prob[37]      0.16      0.05      0.16      0.09      0.24     46.10      1.07
          det_prob[38]      0.16      0.04      0.15      0.09      0.23     53.17      1.05
          det_prob[39]      0.15      0.04      0.15      0.09      0.22     53.44      1.05
          det_prob[40]      0.15      0.04      0.15      0.09      0.23     52.54      1.03
          det_prob[41]      0.15      0.04      0.15      0.08      0.22     56.35      1.03
          det_prob[42]      0.16      0.05      0.15      0.08      0.22     63.27      1.02
          det_prob[43]      0.16      0.05      0.16      0.09      0.24     72.37      1.01
          det_prob[44]      0.17      0.05      0.16      0.09      0.23     73.89      1.01
          det_prob[45]      0.16      0.04      0.16      0.09      0.23     75.87      1.00
          det_prob[46]      0.16      0.04      0.16      0.09      0.23     90.94      1.00
          det_prob[47]      0.17      0.04      0.16      0.10      0.24     89.02      1.00
          det_prob[48]      0.18      0.05      0.17      0.11      0.25    110.42      1.00
          det_prob[49]      0.19      0.05      0.19      0.12      0.27     98.31      1.00
          det_prob[50]      0.20      0.05      0.19      0.12      0.28    109.44      1.00
          det_prob[51]      0.20      0.05      0.19      0.11      0.27    112.85      1.00
          det_prob[52]      0.20      0.06      0.20      0.12      0.29    108.81      1.00
          det_prob[53]      0.21      0.06      0.20      0.12      0.31     91.22      1.00
          det_prob[54]      0.22      0.06      0.21      0.13      0.32    105.84      1.01
          det_prob[55]      0.23      0.06      0.22      0.12      0.32     88.20      1.01
          det_prob[56]      0.24      0.06      0.23      0.14      0.35     88.85      1.02
          det_prob[57]      0.25      0.07      0.24      0.14      0.35     84.37      1.02
          det_prob[58]      0.25      0.07      0.24      0.15      0.36     79.14      1.02
          det_prob[59]      0.26      0.07      0.26      0.15      0.38     74.76      1.03
          det_prob[60]      0.28      0.07      0.27      0.15      0.39     76.47      1.02
          det_prob[61]      0.29      0.08      0.28      0.18      0.42     76.44      1.02
          det_prob[62]      0.30      0.08      0.30      0.17      0.43     74.75      1.02
          det_prob[63]      0.32      0.09      0.31      0.19      0.47     71.98      1.02
          det_prob[64]      0.34      0.09      0.33      0.20      0.50     69.70      1.02
          det_prob[65]      0.35      0.09      0.35      0.20      0.50     65.92      1.02
          det_prob[66]      0.37      0.10      0.36      0.21      0.52     60.93      1.02
          det_prob[67]      0.37      0.10      0.36      0.22      0.55     64.72      1.02
          det_prob[68]      0.38      0.11      0.38      0.22      0.56     62.88      1.02
          det_prob[69]      0.40      0.11      0.39      0.23      0.57     58.88      1.02
          det_prob[70]      0.42      0.11      0.41      0.25      0.59     57.22      1.02
          det_prob[71]      0.44      0.11      0.43      0.26      0.62     57.22      1.02
          det_prob[72]      0.46      0.11      0.45      0.27      0.62     57.82      1.02
          det_prob[73]      0.47      0.12      0.46      0.28      0.66     60.68      1.02
          det_prob[74]      0.48      0.12      0.48      0.30      0.67     62.02      1.01
          det_prob[75]      0.50      0.12      0.50      0.31      0.70     62.20      1.01
          det_prob[76]      0.52      0.12      0.52      0.34      0.73     63.96      1.01
          det_prob[77]      0.55      0.12      0.54      0.35      0.74     63.00      1.01
          det_prob[78]      0.56      0.12      0.55      0.35      0.75     62.71      1.01
          det_prob[79]      0.57      0.13      0.57      0.37      0.78     63.39      1.01
          det_prob[80]      0.58      0.13      0.58      0.36      0.78     63.19      1.00
          det_prob[81]      0.59      0.13      0.60      0.39      0.81     60.43      1.00
          det_prob[82]      0.61      0.13      0.62      0.42      0.83     60.72      1.00
          det_prob[83]      0.63      0.13      0.64      0.43      0.84     58.75      1.00
          det_prob[84]      0.64      0.13      0.65      0.43      0.84     59.31      1.00
          det_prob[85]      0.66      0.13      0.67      0.45      0.86     58.57      1.00
          det_prob[86]      0.67      0.13      0.67      0.47      0.88     56.84      1.00
          det_prob[87]      0.68      0.13      0.69      0.47      0.88     54.96      1.00
          det_prob[88]      0.69      0.13      0.70      0.49      0.89     55.21      1.00
          det_prob[89]      0.70      0.13      0.71      0.50      0.90     55.10      1.00
          det_prob[90]      0.71      0.13      0.73      0.53      0.93     54.37      1.00
          det_prob[91]      0.72      0.13      0.74      0.54      0.94     52.13      1.00
          det_prob[92]      0.73      0.13      0.75      0.56      0.95     50.09      1.00
          det_prob[93]      0.75      0.13      0.76      0.56      0.94     49.82      1.00
          det_prob[94]      0.75      0.13      0.77      0.57      0.96     47.71      1.01
          det_prob[95]      0.76      0.13      0.78      0.57      0.97     47.84      1.01
          det_prob[96]      0.77      0.13      0.79      0.59      0.96     47.33      1.01
          det_prob[97]      0.78      0.13      0.80      0.59      0.96     45.25      1.01
          det_prob[98]      0.79      0.13      0.81      0.60      0.97     43.19      1.01
          det_prob[99]      0.79      0.13      0.81      0.60      0.97     41.12      1.01
         det_prob[100]      0.80      0.13      0.82      0.62      0.98     38.63      1.01
         det_prob[101]      0.80      0.13      0.83      0.61      0.97     39.15      1.01
         det_prob[102]      0.81      0.12      0.84      0.62      0.98     37.59      1.01
         det_prob[103]      0.81      0.13      0.85      0.63      0.99     35.57      1.00
         det_prob[104]      0.82      0.12      0.85      0.65      0.99     34.94      1.00
         det_prob[105]      0.83      0.12      0.86      0.65      0.98     33.92      1.00
         det_prob[106]      0.83      0.12      0.87      0.67      0.99     33.18      1.00
         det_prob[107]      0.84      0.12      0.87      0.66      0.98     32.31      1.00
         det_prob[108]      0.85      0.11      0.87      0.68      0.98     31.22      1.00
         det_prob[109]      0.85      0.11      0.88      0.70      0.99     30.75      1.00
         det_prob[110]      0.86      0.11      0.89      0.71      0.99     30.09      1.00
         det_prob[111]      0.86      0.10      0.89      0.72      0.99     28.39      1.00
         det_prob[112]      0.87      0.10      0.89      0.72      1.00     28.75      1.00
         det_prob[113]      0.87      0.09      0.90      0.74      0.99     28.06      1.00
         det_prob[114]      0.88      0.09      0.90      0.76      1.00     27.23      1.00
         det_prob[115]      0.88      0.09      0.91      0.76      0.99     25.98      1.00
         det_prob[116]      0.88      0.09      0.91      0.76      1.00     25.92      1.00
         det_prob[117]      0.89      0.09      0.91      0.76      0.99     24.88      1.00
         det_prob[118]      0.89      0.08      0.92      0.77      0.99     23.59      1.00
         det_prob[119]      0.90      0.08      0.92      0.78      1.00     22.72      1.00
         det_prob[120]      0.90      0.08      0.92      0.78      0.99     22.58      1.00
         det_prob[121]      0.90      0.08      0.93      0.79      1.00     21.87      1.00
         det_prob[122]      0.90      0.08      0.93      0.80      1.00     21.42      1.00
         det_prob[123]      0.91      0.08      0.93      0.79      1.00     21.27      1.00
         det_prob[124]      0.91      0.07      0.93      0.80      0.99     19.81      1.00
         det_prob[125]      0.91      0.07      0.93      0.81      1.00     19.59      1.00
         det_prob[126]      0.92      0.07      0.93      0.82      1.00     18.92      1.00
         det_prob[127]      0.92      0.07      0.94      0.83      1.00     18.83      1.00
         det_prob[128]      0.92      0.06      0.94      0.83      1.00     18.52      1.00
         det_prob[129]      0.92      0.06      0.94      0.83      1.00     17.83      1.00
         det_prob[130]      0.92      0.06      0.94      0.83      1.00     17.68      1.00
         det_prob[131]      0.92      0.06      0.94      0.84      1.00     17.21      1.00
         det_prob[132]      0.93      0.06      0.94      0.84      1.00     17.53      1.00
         det_prob[133]      0.93      0.06      0.94      0.84      1.00     17.47      1.00
         det_prob[134]      0.93      0.06      0.94      0.84      1.00     17.03      1.00
         det_prob[135]      0.93      0.06      0.95      0.84      1.00     16.85      1.00
         det_prob[136]      0.93      0.06      0.95      0.85      1.00     17.40      1.00
         det_prob[137]      0.93      0.06      0.95      0.85      1.00     16.16      1.00
         det_prob[138]      0.93      0.06      0.95      0.85      1.00     16.31      1.00
         det_prob[139]      0.93      0.06      0.95      0.85      1.00     16.89      1.00
         det_prob[140]      0.93      0.06      0.95      0.85      1.00     16.77      1.00
         det_prob[141]      0.93      0.06      0.95      0.85      1.00     16.80      1.00
         det_prob[142]      0.93      0.06      0.95      0.85      1.00     16.97      1.00
         det_prob[143]      0.93      0.06      0.96      0.85      1.00     17.00      1.00
         det_prob[144]      0.94      0.06      0.96      0.85      1.00     17.09      1.00
         det_prob[145]      0.94      0.06      0.96      0.86      1.00     16.70      1.00
         det_prob[146]      0.94      0.07      0.96      0.85      1.00     16.97      1.00
         det_prob[147]      0.94      0.07      0.96      0.85      1.00     17.23      1.00
         det_prob[148]      0.94      0.07      0.96      0.85      1.00     17.37      1.00
         det_prob[149]      0.94      0.07      0.96      0.84      1.00     18.02      1.00
         det_prob[150]      0.93      0.07      0.96      0.84      1.00     18.15      1.00
         det_prob[151]      0.94      0.07      0.96      0.84      1.00     18.04      1.00
         det_prob[152]      0.94      0.07      0.96      0.84      1.00     18.03      1.00
         det_prob[153]      0.94      0.07      0.96      0.84      1.00     18.01      1.00
         det_prob[154]      0.94      0.07      0.96      0.85      1.00     18.12      1.00
         det_prob[155]      0.94      0.07      0.96      0.85      1.00     18.02      1.00
         det_prob[156]      0.94      0.07      0.96      0.85      1.00     17.91      1.00
         det_prob[157]      0.94      0.07      0.96      0.85      1.00     17.70      1.00
         det_prob[158]      0.94      0.07      0.97      0.84      1.00     17.00      1.00
         det_prob[159]      0.94      0.07      0.97      0.84      1.00     16.70      1.00
         det_prob[160]      0.94      0.07      0.97      0.84      1.00     16.72      1.00
         det_prob[161]      0.94      0.07      0.97      0.84      1.00     17.08      1.00
         det_prob[162]      0.94      0.07      0.97      0.84      1.00     16.57      1.00
         det_prob[163]      0.94      0.07      0.97      0.84      1.00     16.76      1.00
         det_prob[164]      0.94      0.07      0.97      0.83      1.00     16.76      1.00
         det_prob[165]      0.94      0.07      0.97      0.83      1.00     16.66      1.00
         det_prob[166]      0.94      0.07      0.97      0.83      1.00     17.06      1.00
         det_prob[167]      0.94      0.07      0.97      0.84      1.00     17.07      1.00
         det_prob[168]      0.94      0.07      0.97      0.83      1.00     16.76      1.00
         det_prob[169]      0.94      0.07      0.97      0.83      1.00     16.76      1.00
         det_prob[170]      0.94      0.07      0.97      0.84      1.00     16.61      1.00
         det_prob[171]      0.94      0.08      0.97      0.84      1.00     17.07      1.00
         det_prob[172]      0.94      0.08      0.97      0.83      1.00     17.03      1.00
         det_prob[173]      0.94      0.08      0.97      0.83      1.00     17.00      1.01
         det_prob[174]      0.94      0.08      0.97      0.83      1.00     16.86      1.01
         det_prob[175]      0.94      0.07      0.97      0.83      1.00     17.42      1.01
         det_prob[176]      0.94      0.08      0.97      0.83      1.00     17.77      1.01
         det_prob[177]      0.94      0.07      0.97      0.83      1.00     17.76      1.01
         det_prob[178]      0.94      0.07      0.97      0.84      1.00     18.08      1.01
         det_prob[179]      0.94      0.07      0.97      0.83      1.00     18.03      1.01
         det_prob[180]      0.94      0.07      0.97      0.84      1.00     18.21      1.01
         det_prob[181]      0.94      0.07      0.98      0.84      1.00     18.60      1.01
         det_prob[182]      0.94      0.07      0.97      0.83      1.00     18.10      1.01
         det_prob[183]      0.94      0.07      0.97      0.84      1.00     18.13      1.01
         det_prob[184]      0.94      0.07      0.97      0.84      1.00     18.63      1.01
         det_prob[185]      0.94      0.07      0.97      0.83      1.00     18.36      1.02
         det_prob[186]      0.94      0.08      0.97      0.83      1.00     18.30      1.02
         det_prob[187]      0.94      0.08      0.98      0.82      1.00     18.78      1.02
         det_prob[188]      0.94      0.08      0.98      0.83      1.00     19.41      1.02
         det_prob[189]      0.94      0.08      0.98      0.82      1.00     19.65      1.02
         det_prob[190]      0.94      0.08      0.97      0.83      1.00     19.11      1.02
         det_prob[191]      0.94      0.08      0.98      0.83      1.00     18.92      1.02
         det_prob[192]      0.94      0.08      0.98      0.82      1.00     18.77      1.02
         det_prob[193]      0.94      0.08      0.97      0.83      1.00     18.97      1.02
         det_prob[194]      0.94      0.08      0.97      0.83      1.00     18.72      1.02
         det_prob[195]      0.94      0.08      0.97      0.82      1.00     19.12      1.02
         det_prob[196]      0.94      0.08      0.97      0.82      1.00     19.11      1.02
         det_prob[197]      0.94      0.08      0.97      0.82      1.00     19.48      1.02
         det_prob[198]      0.94      0.08      0.97      0.82      1.00     19.93      1.02
         det_prob[199]      0.94      0.08      0.97      0.82      1.00     19.83      1.02
         det_prob[200]      0.94      0.08      0.97      0.82      1.00     19.67      1.01
         det_prob[201]      0.94      0.08      0.97      0.82      1.00     20.13      1.02
         det_prob[202]      0.94      0.08      0.97      0.82      1.00     20.55      1.01
         det_prob[203]      0.94      0.08      0.97      0.82      1.00     20.70      1.01
         det_prob[204]      0.94      0.08      0.97      0.82      1.00     20.78      1.01
         det_prob[205]      0.94      0.08      0.97      0.82      1.00     20.66      1.01
         det_prob[206]      0.94      0.08      0.97      0.83      1.00     20.56      1.01
         det_prob[207]      0.94      0.08      0.97      0.82      1.00     20.00      1.01
         det_prob[208]      0.94      0.08      0.97      0.83      1.00     20.22      1.01
         det_prob[209]      0.94      0.08      0.97      0.82      1.00     20.84      1.01
         det_prob[210]      0.94      0.08      0.97      0.82      1.00     21.08      1.01
         det_prob[211]      0.94      0.08      0.97      0.82      1.00     20.91      1.01
         det_prob[212]      0.94      0.08      0.97      0.81      1.00     21.24      1.01
         det_prob[213]      0.94      0.08      0.97      0.82      1.00     21.90      1.01
         det_prob[214]      0.94      0.08      0.97      0.82      1.00     22.69      1.01
         det_prob[215]      0.94      0.08      0.98      0.82      1.00     23.16      1.01
         det_prob[216]      0.94      0.08      0.98      0.82      1.00     23.76      1.01
         det_prob[217]      0.94      0.08      0.98      0.82      1.00     23.29      1.01
         det_prob[218]      0.94      0.08      0.98      0.82      1.00     23.92      1.01
         det_prob[219]      0.94      0.09      0.98      0.81      1.00     24.10      1.01
         det_prob[220]      0.94      0.09      0.97      0.81      1.00     25.00      1.00
         det_prob[221]      0.94      0.09      0.97      0.81      1.00     25.50      1.00
         det_prob[222]      0.94      0.09      0.98      0.81      1.00     26.09      1.00
         det_prob[223]      0.94      0.09      0.97      0.81      1.00     26.85      1.00
         det_prob[224]      0.94      0.09      0.97      0.81      1.00     27.42      1.00
         det_prob[225]      0.94      0.09      0.98      0.81      1.00     26.95      1.00
         det_prob[226]      0.93      0.09      0.98      0.81      1.00     27.64      1.00
         det_prob[227]      0.93      0.09      0.98      0.80      1.00     29.25      1.00
             det_prob0      0.26      0.06      0.26      0.18      0.35    208.30      1.00
            det_prob_d      0.90      0.03      0.90      0.85      0.94    960.38      1.00
                 gamma      0.48      0.05      0.48      0.40      0.56    226.50      1.00
                 rw[0]     -0.16      1.02     -0.18     -1.80      1.48     36.60      1.00
                 rw[1]     -0.24      1.45     -0.28     -2.74      2.02     18.23      1.01
                 rw[2]     -0.29      1.78     -0.38     -3.21      2.66     12.70      1.01
                 rw[3]     -0.23      1.98     -0.29     -3.34      3.22     10.09      1.01
                 rw[4]     -0.15      2.26     -0.24     -3.44      4.05      8.28      1.02
                 rw[5]     -0.09      2.47     -0.29     -3.76      3.95      7.70      1.03
                 rw[6]      0.05      2.59     -0.20     -4.25      3.94      7.28      1.02
                 rw[7]      0.10      2.74     -0.22     -3.97      4.69      6.80      1.02
                 rw[8]      0.20      2.85     -0.10     -4.34      4.51      6.65      1.02
                 rw[9]      0.27      2.92     -0.14     -4.22      4.89      6.54      1.03
                rw[10]      0.52      3.00      0.01     -3.61      5.67      6.35      1.03
                rw[11]      0.65      3.07      0.19     -4.21      5.27      6.29      1.03
                rw[12]      0.67      3.12      0.25     -3.95      5.66      6.39      1.02
                rw[13]      0.64      3.14      0.25     -3.85      5.75      6.37      1.02
                rw[14]      0.52      3.14     -0.03     -4.28      5.50      6.30      1.02
                rw[15]      0.30      3.09     -0.30     -4.30      5.24      6.29      1.02
                rw[16]      0.08      3.07     -0.60     -4.05      5.36      6.29      1.02
                rw[17]     -0.16      3.06     -0.67     -4.79      4.55      6.46      1.02
                rw[18]     -0.51      3.04     -1.02     -4.76      4.67      6.35      1.02
                rw[19]     -0.79      2.99     -1.18     -5.16      4.25      6.42      1.02
                rw[20]     -1.11      2.91     -1.53     -5.42      3.65      6.51      1.02
                rw[21]     -1.51      2.89     -2.00     -5.93      3.04      6.37      1.02
                rw[22]     -1.86      2.88     -2.21     -5.88      3.09      6.33      1.02
                rw[23]     -2.11      2.89     -2.51     -6.44      2.54      6.23      1.02
                rw[24]     -2.32      2.91     -2.67     -6.64      2.53      6.25      1.02
                rw[25]     -2.48      2.90     -2.97     -6.80      2.15      6.24      1.02
                rw[26]     -2.64      2.91     -3.00     -6.81      2.21      6.26      1.02
                rw[27]     -2.84      2.95     -3.20     -6.99      2.15      6.34      1.02
                rw[28]     -3.10      2.98     -3.41     -7.21      1.92      6.26      1.02
                rw[29]     -3.50      2.98     -3.75     -7.65      1.33      6.38      1.02
                rw[30]     -3.85      3.00     -4.27     -8.27      0.84      6.33      1.03
                rw[31]     -4.25      2.99     -4.59     -9.03      0.23      6.41      1.02
                rw[32]     -4.64      2.98     -5.14     -8.96      0.31      6.57      1.02
                rw[33]     -5.06      3.04     -5.45     -9.80     -0.47      6.59      1.02
                rw[34]     -5.46      3.11     -5.86    -10.08     -0.60      6.67      1.02
                rw[35]     -5.80      3.10     -6.37    -10.27     -0.68      6.70      1.02
                rw[36]     -6.13      3.10     -6.69    -10.66     -1.17      6.74      1.02
                rw[37]     -6.42      3.11     -6.81    -11.09     -1.54      6.74      1.01
                rw[38]     -6.66      3.12     -7.05    -11.49     -1.79      6.92      1.01
                rw[39]     -6.82      3.16     -7.25    -11.84     -2.11      6.85      1.01
                rw[40]     -6.98      3.20     -7.42    -11.86     -1.90      6.69      1.01
                rw[41]     -7.12      3.17     -7.57    -11.37     -1.46      6.76      1.01
                rw[42]     -7.29      3.15     -7.70    -11.97     -1.97      6.82      1.01
                rw[43]     -7.41      3.16     -7.74    -12.22     -2.32      6.75      1.01
                rw[44]     -7.45      3.16     -7.75    -12.29     -2.64      6.74      1.01
                rw[45]     -7.55      3.19     -7.89    -12.04     -2.22      6.64      1.01
                rw[46]     -7.59      3.19     -7.80    -12.37     -2.63      6.73      1.01
                rw[47]     -7.66      3.19     -7.91    -12.25     -2.43      6.70      1.01
                rw[48]     -7.66      3.22     -7.94    -12.35     -2.51      6.72      1.00
                rw[49]     -7.77      3.25     -8.06    -12.49     -2.41      6.68      1.00
                rw[50]     -7.95      3.23     -8.22    -12.37     -2.31      6.70      1.00
                rw[51]     -8.14      3.20     -8.50    -12.37     -2.29      6.71      1.00
                rw[52]     -8.30      3.23     -8.66    -12.73     -2.71      6.89      1.00
                rw[53]     -8.47      3.23     -8.93    -13.36     -3.35      6.90      1.00
                rw[54]     -8.58      3.21     -9.08    -13.45     -3.44      6.82      1.00
                rw[55]     -8.74      3.23     -9.20    -13.56     -3.58      6.67      1.01
                rw[56]     -8.88      3.22     -9.30    -13.73     -3.61      6.66      1.01
                rw[57]     -8.98      3.20     -9.45    -13.70     -3.80      6.61      1.01
                rw[58]     -9.08      3.20     -9.60    -13.98     -4.05      6.59      1.01
                rw[59]     -9.12      3.21     -9.50    -13.72     -3.76      6.70      1.01
                rw[60]     -9.16      3.28     -9.53    -14.02     -3.66      6.78      1.01
                rw[61]     -9.26      3.23     -9.53    -13.86     -3.94      6.53      1.02
                rw[62]     -9.28      3.22     -9.60    -13.92     -3.95      6.52      1.02
                rw[63]     -9.33      3.22     -9.69    -14.25     -4.14      6.66      1.02
                rw[64]     -9.35      3.24     -9.73    -14.33     -4.43      6.76      1.02
                rw[65]     -9.40      3.23     -9.70    -13.99     -3.95      6.61      1.02
                rw[66]     -9.44      3.25     -9.73    -14.64     -4.42      6.71      1.01
                rw[67]     -9.43      3.27     -9.67    -14.16     -3.69      6.80      1.01
                rw[68]     -9.36      3.28     -9.64    -13.73     -3.59      6.62      1.02
                rw[69]     -9.23      3.23     -9.44    -13.85     -4.01      6.62      1.02
                rw[70]     -9.17      3.27     -9.48    -13.78     -3.76      6.67      1.03
                rw[71]     -9.15      3.30     -9.48    -13.67     -3.62      6.82      1.02
                rw[72]     -9.04      3.29     -9.31    -13.66     -3.48      6.55      1.02
                rw[73]     -9.02      3.28     -9.23    -13.60     -3.63      6.71      1.02
                rw[74]     -8.90      3.26     -9.15    -13.98     -3.72      6.84      1.02
                rw[75]     -8.81      3.26     -9.05    -13.61     -3.46      6.93      1.02
                rw[76]     -8.79      3.27     -8.91    -13.84     -3.51      6.96      1.02
                rw[77]     -8.74      3.24     -8.92    -13.52     -3.51      6.94      1.02
                rw[78]     -8.72      3.21     -8.96    -13.70     -3.52      7.13      1.02
                rw[79]     -8.78      3.18     -8.92    -13.63     -3.73      6.79      1.03
                rw[80]     -8.71      3.20     -8.91    -13.75     -3.69      6.81      1.03
                rw[81]     -8.63      3.23     -8.88    -13.35     -3.34      6.83      1.03
                rw[82]     -8.59      3.23     -8.91    -13.39     -3.32      6.75      1.03
                rw[83]     -8.53      3.19     -8.77    -13.18     -3.16      6.76      1.04
                rw[84]     -8.52      3.18     -8.85    -13.61     -3.55      6.70      1.04
                rw[85]     -8.50      3.20     -8.88    -13.80     -3.68      6.88      1.04
                rw[86]     -8.48      3.18     -8.87    -13.05     -3.09      6.92      1.04
                rw[87]     -8.43      3.17     -8.75    -13.05     -3.17      6.76      1.03
                rw[88]     -8.35      3.10     -8.75    -12.80     -3.25      6.86      1.04
                rw[89]     -8.30      3.06     -8.59    -12.63     -3.14      7.13      1.03
                rw[90]     -8.26      3.06     -8.61    -12.99     -3.64      7.06      1.03
                rw[91]     -8.18      3.02     -8.50    -12.83     -3.49      6.94      1.03
                rw[92]     -8.12      3.04     -8.48    -12.24     -2.85      6.75      1.02
                rw[93]     -8.04      3.03     -8.49    -12.15     -2.76      6.74      1.02
                rw[94]     -8.01      3.05     -8.43    -12.62     -3.03      6.80      1.02
                rw[95]     -7.93      3.04     -8.34    -12.64     -3.16      6.64      1.02
                rw[96]     -7.89      3.02     -8.31    -12.28     -2.95      6.56      1.02
                rw[97]     -7.80      3.02     -8.25    -11.98     -2.73      6.48      1.02
                rw[98]     -7.72      3.00     -8.16    -12.39     -3.20      6.38      1.02
                rw[99]     -7.64      3.01     -8.04    -12.25     -2.97      6.36      1.02
               rw[100]     -7.61      2.99     -8.04    -12.32     -3.05      6.38      1.02
               rw[101]     -7.46      3.04     -7.94    -11.93     -2.55      6.42      1.02
               rw[102]     -7.21      3.03     -7.66    -11.80     -2.46      6.47      1.02
               rw[103]     -6.94      3.00     -7.40    -11.43     -2.17      6.53      1.02
               rw[104]     -6.65      3.00     -7.08    -11.06     -1.89      6.44      1.01
               rw[105]     -6.41      2.95     -6.84    -10.74     -1.70      6.64      1.01
               rw[106]     -6.21      2.96     -6.57    -10.90     -1.58      6.46      1.02
               rw[107]     -6.04      2.93     -6.36    -10.59     -1.61      6.56      1.02
               rw[108]     -5.82      2.99     -6.16    -10.37     -1.15      6.43      1.02
               rw[109]     -5.77      3.03     -6.07     -9.97     -0.63      6.53      1.02
               rw[110]     -5.79      3.03     -6.09    -10.10     -0.77      6.70      1.02
               rw[111]     -5.81      2.98     -6.12    -10.03     -0.60      6.69      1.02
               rw[112]     -5.78      2.99     -6.12    -10.10     -0.71      6.67      1.02
               rw[113]     -5.81      3.03     -6.21    -10.22     -0.71      6.73      1.02
               rw[114]     -5.85      3.04     -6.20    -10.14     -0.65      6.52      1.02
               rw[115]     -5.87      3.02     -6.27    -10.52     -0.97      6.57      1.02
               rw[116]     -5.86      3.01     -6.26     -9.94     -0.63      6.55      1.02
               rw[117]     -5.92      3.02     -6.15    -10.38     -0.96      6.52      1.02
               rw[118]     -5.96      3.01     -6.32    -10.96     -1.53      6.49      1.02
               rw[119]     -6.05      2.98     -6.43    -10.50     -1.27      6.63      1.02
               rw[120]     -6.09      2.99     -6.47    -10.10     -1.12      6.55      1.02
               rw[121]     -6.07      3.01     -6.52    -10.27     -1.08      6.29      1.03
               rw[122]     -6.12      2.99     -6.55    -10.62     -1.40      6.37      1.02
               rw[123]     -6.10      3.01     -6.48    -10.29     -1.14      6.44      1.02
               rw[124]     -6.12      3.00     -6.68    -10.47     -1.26      6.39      1.02
               rw[125]     -6.18      2.99     -6.66    -10.40     -1.03      6.50      1.02
               rw[126]     -6.26      3.00     -6.66    -10.75     -1.44      6.38      1.02
               rw[127]     -6.31      3.00     -6.63    -10.39     -1.25      6.20      1.03
               rw[128]     -6.31      2.97     -6.69    -10.90     -1.78      6.32      1.02
               rw[129]     -6.29      3.01     -6.74    -10.77     -1.45      6.36      1.02
               rw[130]     -6.22      3.01     -6.62    -10.62     -1.20      6.39      1.02
               rw[131]     -6.16      2.98     -6.58    -10.42     -1.16      6.43      1.02
               rw[132]     -6.13      3.01     -6.54    -10.51     -1.17      6.29      1.02
               rw[133]     -6.16      3.01     -6.73    -10.43     -1.24      6.35      1.02
               rw[134]     -6.17      2.97     -6.70    -10.64     -1.39      6.41      1.02
               rw[135]     -6.15      3.03     -6.78    -10.47     -1.04      6.48      1.02
               rw[136]     -6.18      2.98     -6.70    -10.27     -1.06      6.59      1.01
               rw[137]     -6.10      3.02     -6.47    -10.28     -0.97      6.47      1.02
               rw[138]     -6.17      3.02     -6.53    -10.07     -0.71      6.37      1.02
               rw[139]     -6.23      2.99     -6.76    -10.29     -1.12      6.18      1.02
               rw[140]     -6.31      2.99     -6.68    -10.44     -1.19      6.29      1.02
               rw[141]     -6.39      2.94     -6.66    -10.49     -1.44      6.37      1.02
               rw[142]     -6.45      2.94     -6.92    -10.75     -1.76      6.28      1.02
               rw[143]     -6.55      2.97     -7.03    -10.87     -1.68      6.23      1.02
               rw[144]     -6.60      2.99     -7.08    -10.88     -1.72      6.16      1.02
               rw[145]     -6.72      3.02     -7.09    -10.95     -1.59      6.34      1.02
               rw[146]     -6.86      2.99     -7.16    -11.38     -2.03      6.30      1.02
               rw[147]     -6.89      2.98     -7.14    -11.40     -2.15      6.41      1.02
               rw[148]     -6.93      3.04     -7.32    -11.11     -1.86      6.32      1.02
               rw[149]     -6.93      3.05     -7.34    -11.11     -1.58      6.42      1.02
               rw[150]     -6.87      3.08     -7.35    -11.21     -1.65      6.44      1.02
               rw[151]     -6.88      3.01     -7.28    -11.25     -1.92      6.39      1.02
               rw[152]     -6.79      3.04     -7.19    -10.85     -1.60      6.43      1.02
               rw[153]     -6.78      3.08     -7.21    -11.18     -1.66      6.38      1.02
               rw[154]     -6.78      3.10     -7.19    -11.25     -1.90      6.47      1.02
               rw[155]     -6.74      3.06     -7.14    -11.24     -1.83      6.45      1.02
               rw[156]     -6.71      3.07     -7.08    -10.72     -1.17      6.30      1.02
               rw[157]     -6.70      3.06     -7.14    -10.91     -1.74      6.33      1.02
               rw[158]     -6.74      3.07     -7.01    -11.41     -1.90      6.39      1.02
               rw[159]     -6.81      3.07     -7.17    -11.20     -1.84      6.35      1.02
               rw[160]     -6.88      3.11     -7.28    -11.00     -1.34      6.50      1.02
               rw[161]     -7.04      3.09     -7.40    -11.42     -1.76      6.68      1.02
               rw[162]     -7.17      3.12     -7.59    -11.76     -1.99      6.66      1.02
               rw[163]     -7.23      3.06     -7.64    -11.81     -2.49      6.68      1.02
               rw[164]     -7.28      3.02     -7.70    -11.58     -2.32      6.60      1.02
               rw[165]     -7.26      3.02     -7.80    -11.58     -2.36      6.40      1.03
               rw[166]     -7.19      3.01     -7.54    -11.35     -2.26      6.49      1.02
               rw[167]     -7.15      2.97     -7.52    -11.34     -2.08      6.54      1.03
               rw[168]     -7.07      2.97     -7.58    -11.36     -2.27      6.45      1.03
               rw[169]     -7.03      3.00     -7.45    -11.30     -2.13      6.56      1.02
               rw[170]     -6.92      3.02     -7.42    -11.26     -1.90      6.54      1.02
               rw[171]     -6.83      3.03     -7.28    -10.86     -1.55      6.55      1.02
               rw[172]     -6.64      3.01     -7.13    -11.34     -2.02      6.40      1.02
               rw[173]     -6.45      3.00     -6.83    -10.49     -1.44      6.39      1.02
               rw[174]     -6.21      3.01     -6.64    -10.62     -1.40      6.45      1.02
               rw[175]     -6.04      3.05     -6.43    -10.35     -1.05      6.46      1.02
               rw[176]     -5.94      3.04     -6.32    -10.12     -0.82      6.35      1.02
               rw[177]     -5.87      3.04     -6.21    -10.26     -0.86      6.42      1.02
               rw[178]     -5.87      3.03     -6.28    -10.23     -0.80      6.40      1.02
               rw[179]     -5.85      3.05     -6.29    -10.23     -0.72      6.42      1.02
               rw[180]     -5.81      3.05     -6.24     -9.99     -0.50      6.54      1.02
               rw[181]     -5.89      3.01     -6.26    -10.18     -0.97      6.62      1.02
               rw[182]     -6.00      3.07     -6.45    -10.76     -1.24      6.45      1.02
               rw[183]     -6.18      3.07     -6.58    -10.54     -1.03      6.32      1.02
               rw[184]     -6.23      2.99     -6.41    -10.65     -1.39      6.48      1.02
               rw[185]     -6.25      3.00     -6.70    -10.61     -1.32      6.37      1.02
               rw[186]     -6.23      3.03     -6.57    -10.39     -0.92      6.36      1.02
               rw[187]     -6.18      3.02     -6.49    -10.81     -1.31      6.35      1.02
               rw[188]     -6.20      2.99     -6.58    -10.71     -1.36      6.35      1.02
               rw[189]     -6.18      3.01     -6.60    -10.92     -1.60      6.43      1.02
               rw[190]     -6.21      3.00     -6.72    -10.39     -1.19      6.44      1.02
               rw[191]     -6.28      3.00     -6.86    -10.57     -1.41      6.37      1.02
               rw[192]     -6.35      3.02     -6.70    -10.71     -1.42      6.46      1.02
               rw[193]     -6.42      2.99     -6.91    -10.68     -1.38      6.52      1.01
               rw[194]     -6.55      3.00     -7.01    -10.79     -1.41      6.55      1.02
               rw[195]     -6.62      3.03     -7.17    -10.82     -1.49      6.44      1.02
               rw[196]     -6.67      2.98     -7.18    -10.89     -1.64      6.33      1.02
               rw[197]     -6.70      3.02     -7.09    -10.84     -1.59      6.36      1.02
               rw[198]     -6.63      3.04     -7.00    -10.76     -1.39      6.25      1.02
               rw[199]     -6.53      3.05     -6.94    -11.11     -1.71      6.30      1.02
               rw[200]     -6.39      3.06     -6.74    -10.92     -1.54      6.34      1.02
               rw[201]     -6.27      3.04     -6.75    -10.92     -1.44      6.24      1.02
               rw[202]     -6.14      3.02     -6.66    -10.92     -1.52      6.36      1.02
               rw[203]     -6.01      3.02     -6.43    -10.61     -1.22      6.29      1.02
               rw[204]     -5.90      3.01     -6.33    -10.11     -0.85      6.38      1.02
               rw[205]     -5.79      2.99     -6.25    -10.12     -0.88      6.53      1.02
               rw[206]     -5.70      3.00     -6.16     -9.93     -0.87      6.42      1.02
               rw[207]     -5.69      2.99     -6.12    -10.02     -0.91      6.43      1.02
               rw[208]     -5.70      2.99     -6.08    -10.00     -0.82      6.35      1.02
               rw[209]     -5.78      2.98     -6.26    -10.02     -0.95      6.30      1.02
               rw[210]     -5.79      3.00     -6.28    -10.15     -0.94      6.36      1.02
               rw[211]     -5.75      3.02     -6.20    -10.56     -1.23      6.36      1.02
               rw[212]     -5.69      3.03     -6.04    -10.45     -1.19      6.38      1.02
               rw[213]     -5.62      3.03     -6.09    -10.32     -0.69      6.42      1.02
               rw[214]     -5.62      3.01     -6.26    -10.08     -0.78      6.38      1.02
               rw[215]     -5.72      3.04     -6.19     -9.98     -0.71      6.42      1.02
               rw[216]     -5.73      3.04     -6.16     -9.98     -0.75      6.25      1.02
               rw[217]     -5.77      3.05     -6.17    -10.17     -1.06      6.34      1.02
               rw[218]     -5.82      3.04     -6.32    -10.17     -0.95      6.30      1.01
               rw[219]     -5.93      3.05     -6.24    -10.55     -1.20      6.26      1.02
               rw[220]     -5.99      3.05     -6.40    -10.52     -1.15      6.29      1.02
               rw[221]     -5.98      3.08     -6.38    -10.13     -0.72      6.43      1.02
               rw[222]     -6.02      3.07     -6.38    -10.52     -1.10      6.46      1.02
               rw[223]     -6.08      3.14     -6.34    -10.97     -1.26      6.69      1.02
               rw[224]     -6.13      3.23     -6.50    -10.97     -0.89      7.01      1.02
               rw[225]     -6.20      3.23     -6.54    -11.40     -1.23      7.42      1.02
               rw[226]     -6.23      3.40     -6.44    -11.19     -0.47      8.05      1.02
               rw[227]     -6.25      3.54     -6.54    -11.87     -0.64      8.70      1.02
                 sigma      0.22      0.02      0.22      0.18      0.25    554.46      1.00

Number of divergences: 0
