
                            mean       std    median      5.0%     95.0%     n_eff     r_hat
                    D0     76.14    179.04      6.27      0.00    237.06    558.62      1.00
                    E0     29.70     36.76     17.24      0.10     72.44    296.96      1.00
                    H0      1.27      1.37      0.84      0.00      2.89   1215.17      1.00
                    I0     22.45     26.76     13.69      0.14     54.07    176.18      1.00
                 beta0      0.99      0.67      0.79      0.27      1.81     34.53      1.01
  confirmed_dispersion      1.13      0.09      1.13      0.97      1.26   1369.90      1.00
      death_dispersion      1.67      0.08      1.66      1.53      1.81   2038.02      1.00
            death_prob      0.01      0.00      0.01      0.01      0.02     39.46      1.01
            death_rate      0.05      0.01      0.05      0.04      0.07    480.03      1.00
           det_prob[0]      0.26      0.07      0.25      0.15      0.37    312.39      1.00
           det_prob[1]      0.25      0.07      0.23      0.13      0.36    253.41      1.00
           det_prob[2]      0.24      0.08      0.23      0.10      0.36    217.69      1.00
           det_prob[3]      0.23      0.08      0.22      0.10      0.36    222.66      1.00
           det_prob[4]      0.23      0.09      0.22      0.07      0.35    194.43      1.00
           det_prob[5]      0.22      0.09      0.21      0.08      0.36    181.79      1.00
           det_prob[6]      0.22      0.09      0.21      0.08      0.35    168.07      1.00
           det_prob[7]      0.21      0.09      0.20      0.06      0.34    147.95      1.00
           det_prob[8]      0.20      0.09      0.19      0.07      0.35    136.70      1.00
           det_prob[9]      0.20      0.09      0.18      0.07      0.35    123.93      1.00
          det_prob[10]      0.20      0.09      0.18      0.06      0.33    127.45      1.00
          det_prob[11]      0.19      0.10      0.18      0.05      0.34    129.06      1.00
          det_prob[12]      0.19      0.10      0.17      0.04      0.34    139.84      1.00
          det_prob[13]      0.19      0.10      0.16      0.04      0.33    132.31      1.00
          det_prob[14]      0.18      0.10      0.16      0.04      0.33    124.57      1.00
          det_prob[15]      0.18      0.10      0.16      0.04      0.32    121.44      1.00
          det_prob[16]      0.18      0.10      0.16      0.04      0.32    119.57      1.00
          det_prob[17]      0.18      0.10      0.15      0.04      0.32    113.44      1.00
          det_prob[18]      0.17      0.10      0.15      0.03      0.32    113.74      1.00
          det_prob[19]      0.17      0.10      0.15      0.04      0.32    107.80      1.00
          det_prob[20]      0.17      0.10      0.15      0.03      0.30    110.76      1.00
          det_prob[21]      0.17      0.10      0.14      0.03      0.30    106.51      1.00
          det_prob[22]      0.17      0.10      0.14      0.03      0.31    100.98      1.00
          det_prob[23]      0.17      0.10      0.14      0.04      0.30    102.28      1.00
          det_prob[24]      0.17      0.10      0.14      0.04      0.31    102.86      1.00
          det_prob[25]      0.17      0.10      0.14      0.04      0.30    103.71      1.00
          det_prob[26]      0.17      0.09      0.14      0.04      0.31    101.82      1.00
          det_prob[27]      0.17      0.09      0.15      0.03      0.29    100.23      1.00
          det_prob[28]      0.17      0.09      0.15      0.03      0.30     97.72      1.00
          det_prob[29]      0.17      0.09      0.15      0.03      0.30     97.60      1.00
          det_prob[30]      0.17      0.10      0.15      0.03      0.30     97.76      1.00
          det_prob[31]      0.17      0.10      0.15      0.04      0.31     97.44      1.00
          det_prob[32]      0.17      0.10      0.15      0.03      0.31     97.81      1.00
          det_prob[33]      0.18      0.10      0.15      0.03      0.31     92.96      1.00
          det_prob[34]      0.18      0.10      0.16      0.03      0.32     86.99      1.00
          det_prob[35]      0.18      0.10      0.17      0.03      0.32     89.33      1.00
          det_prob[36]      0.19      0.10      0.17      0.04      0.32     89.55      1.00
          det_prob[37]      0.19      0.10      0.17      0.03      0.33     85.07      1.00
          det_prob[38]      0.20      0.10      0.18      0.03      0.34     89.53      1.00
          det_prob[39]      0.20      0.10      0.18      0.04      0.36     85.53      1.00
          det_prob[40]      0.20      0.11      0.19      0.04      0.35     84.26      1.00
          det_prob[41]      0.21      0.11      0.19      0.04      0.36     87.87      1.00
          det_prob[42]      0.21      0.11      0.20      0.04      0.36     78.96      1.01
          det_prob[43]      0.22      0.11      0.21      0.05      0.38     80.49      1.00
          det_prob[44]      0.22      0.11      0.21      0.05      0.38     77.70      1.01
          det_prob[45]      0.23      0.11      0.21      0.05      0.38     79.18      1.01
          det_prob[46]      0.23      0.12      0.21      0.06      0.41     76.21      1.01
          det_prob[47]      0.24      0.12      0.22      0.06      0.43     75.46      1.01
          det_prob[48]      0.24      0.12      0.22      0.06      0.44     72.76      1.01
          det_prob[49]      0.25      0.13      0.23      0.07      0.45     68.80      1.02
          det_prob[50]      0.25      0.13      0.23      0.05      0.43     69.13      1.02
          det_prob[51]      0.26      0.13      0.24      0.07      0.45     67.00      1.02
          det_prob[52]      0.26      0.13      0.24      0.07      0.47     70.34      1.02
          det_prob[53]      0.27      0.14      0.24      0.06      0.47     70.96      1.02
          det_prob[54]      0.27      0.14      0.24      0.07      0.48     71.62      1.02
          det_prob[55]      0.27      0.14      0.25      0.07      0.49     69.81      1.02
          det_prob[56]      0.28      0.14      0.26      0.06      0.49     67.60      1.02
          det_prob[57]      0.28      0.14      0.26      0.06      0.50     62.94      1.02
          det_prob[58]      0.29      0.15      0.27      0.07      0.51     62.04      1.02
          det_prob[59]      0.29      0.15      0.27      0.08      0.52     64.05      1.02
          det_prob[60]      0.30      0.15      0.27      0.07      0.52     62.49      1.02
          det_prob[61]      0.31      0.16      0.28      0.08      0.54     58.38      1.02
          det_prob[62]      0.31      0.16      0.29      0.08      0.54     56.65      1.02
          det_prob[63]      0.32      0.16      0.30      0.09      0.56     55.86      1.02
          det_prob[64]      0.32      0.16      0.30      0.08      0.57     56.08      1.02
          det_prob[65]      0.33      0.16      0.30      0.10      0.59     58.04      1.02
          det_prob[66]      0.34      0.16      0.31      0.09      0.58     56.29      1.02
          det_prob[67]      0.34      0.17      0.31      0.08      0.60     55.83      1.01
          det_prob[68]      0.35      0.17      0.32      0.09      0.62     54.86      1.01
          det_prob[69]      0.36      0.18      0.33      0.09      0.62     53.94      1.01
          det_prob[70]      0.37      0.18      0.34      0.09      0.64     55.08      1.01
          det_prob[71]      0.37      0.18      0.34      0.09      0.65     55.37      1.01
          det_prob[72]      0.38      0.18      0.35      0.10      0.67     54.05      1.01
          det_prob[73]      0.39      0.18      0.36      0.12      0.70     54.90      1.01
          det_prob[74]      0.40      0.19      0.37      0.13      0.71     53.88      1.01
          det_prob[75]      0.42      0.19      0.39      0.13      0.73     54.14      1.01
          det_prob[76]      0.43      0.19      0.40      0.12      0.73     52.07      1.01
          det_prob[77]      0.43      0.20      0.40      0.11      0.73     51.49      1.01
          det_prob[78]      0.44      0.20      0.42      0.15      0.78     52.27      1.02
          det_prob[79]      0.45      0.20      0.43      0.13      0.77     50.87      1.02
          det_prob[80]      0.45      0.20      0.44      0.15      0.78     50.44      1.02
          det_prob[81]      0.47      0.21      0.46      0.15      0.79     50.36      1.02
          det_prob[82]      0.48      0.21      0.47      0.16      0.80     49.43      1.02
          det_prob[83]      0.49      0.21      0.48      0.18      0.83     48.82      1.02
          det_prob[84]      0.49      0.21      0.49      0.20      0.85     48.68      1.02
          det_prob[85]      0.50      0.21      0.50      0.16      0.83     48.94      1.02
          det_prob[86]      0.51      0.21      0.52      0.16      0.83     48.64      1.01
          det_prob[87]      0.52      0.21      0.52      0.20      0.86     48.84      1.01
          det_prob[88]      0.53      0.21      0.54      0.19      0.86     48.93      1.01
          det_prob[89]      0.54      0.21      0.56      0.21      0.88     48.89      1.02
          det_prob[90]      0.55      0.22      0.56      0.21      0.89     48.49      1.01
          det_prob[91]      0.55      0.22      0.56      0.23      0.90     48.88      1.02
          det_prob[92]      0.56      0.21      0.57      0.24      0.91     49.27      1.02
          det_prob[93]      0.57      0.22      0.59      0.23      0.89     48.50      1.01
          det_prob[94]      0.58      0.22      0.60      0.23      0.90     48.64      1.01
          det_prob[95]      0.59      0.21      0.61      0.22      0.89     49.65      1.01
          det_prob[96]      0.60      0.21      0.62      0.24      0.91     48.11      1.01
          det_prob[97]      0.61      0.21      0.63      0.26      0.92     47.21      1.01
          det_prob[98]      0.61      0.21      0.63      0.29      0.95     46.32      1.02
          det_prob[99]      0.62      0.21      0.65      0.30      0.96     46.54      1.01
         det_prob[100]      0.63      0.21      0.65      0.31      0.96     46.20      1.01
         det_prob[101]      0.63      0.21      0.66      0.32      0.96     46.11      1.01
         det_prob[102]      0.64      0.21      0.67      0.32      0.97     45.25      1.01
         det_prob[103]      0.65      0.21      0.68      0.30      0.95     44.11      1.01
         det_prob[104]      0.66      0.21      0.69      0.32      0.95     43.59      1.01
         det_prob[105]      0.66      0.21      0.69      0.35      0.98     43.87      1.01
         det_prob[106]      0.67      0.21      0.71      0.36      0.97     43.99      1.01
         det_prob[107]      0.67      0.20      0.70      0.35      0.97     43.64      1.01
         det_prob[108]      0.68      0.20      0.72      0.37      0.97     43.79      1.01
         det_prob[109]      0.69      0.20      0.72      0.37      0.97     44.35      1.01
         det_prob[110]      0.69      0.20      0.73      0.38      0.97     43.71      1.01
         det_prob[111]      0.70      0.19      0.73      0.39      0.98     42.22      1.01
         det_prob[112]      0.70      0.20      0.73      0.40      0.98     42.02      1.01
         det_prob[113]      0.71      0.19      0.75      0.40      0.98     41.77      1.01
         det_prob[114]      0.71      0.19      0.74      0.41      0.98     40.74      1.01
         det_prob[115]      0.72      0.19      0.76      0.42      0.98     40.91      1.01
         det_prob[116]      0.73      0.19      0.76      0.44      0.98     41.18      1.01
         det_prob[117]      0.73      0.19      0.76      0.45      0.99     40.82      1.01
         det_prob[118]      0.73      0.19      0.77      0.45      0.99     41.90      1.01
         det_prob[119]      0.74      0.18      0.77      0.46      0.98     42.36      1.01
         det_prob[120]      0.74      0.18      0.78      0.46      0.99     41.33      1.01
         det_prob[121]      0.74      0.18      0.79      0.45      0.99     41.35      1.01
         det_prob[122]      0.75      0.18      0.79      0.48      0.99     40.23      1.01
         det_prob[123]      0.75      0.18      0.80      0.48      0.99     39.89      1.01
         det_prob[124]      0.76      0.18      0.80      0.49      0.99     40.51      1.01
         det_prob[125]      0.76      0.18      0.80      0.49      0.99     39.28      1.01
         det_prob[126]      0.76      0.18      0.81      0.50      0.99     39.64      1.01
         det_prob[127]      0.77      0.17      0.81      0.51      0.99     40.59      1.01
         det_prob[128]      0.77      0.17      0.81      0.51      0.99     40.46      1.01
         det_prob[129]      0.77      0.17      0.81      0.52      1.00     40.16      1.01
         det_prob[130]      0.78      0.17      0.82      0.53      0.99     38.74      1.01
         det_prob[131]      0.78      0.17      0.82      0.53      0.99     39.35      1.01
         det_prob[132]      0.78      0.17      0.82      0.52      0.99     38.18      1.01
         det_prob[133]      0.78      0.17      0.83      0.53      0.99     38.24      1.01
         det_prob[134]      0.78      0.17      0.83      0.53      1.00     36.67      1.01
         det_prob[135]      0.78      0.17      0.83      0.53      0.99     36.68      1.01
         det_prob[136]      0.79      0.17      0.83      0.53      0.99     36.48      1.01
         det_prob[137]      0.79      0.17      0.84      0.54      1.00     36.88      1.01
         det_prob[138]      0.79      0.17      0.84      0.54      0.99     36.71      1.01
         det_prob[139]      0.79      0.17      0.84      0.54      0.99     36.64      1.01
         det_prob[140]      0.79      0.17      0.84      0.54      1.00     37.32      1.01
         det_prob[141]      0.80      0.17      0.84      0.55      1.00     36.87      1.01
         det_prob[142]      0.80      0.17      0.85      0.54      1.00     37.41      1.01
         det_prob[143]      0.80      0.17      0.84      0.55      0.99     37.79      1.01
         det_prob[144]      0.80      0.17      0.85      0.56      1.00     36.79      1.01
         det_prob[145]      0.80      0.16      0.85      0.56      0.99     36.52      1.01
         det_prob[146]      0.80      0.17      0.86      0.55      0.99     36.46      1.01
         det_prob[147]      0.80      0.17      0.86      0.54      0.99     37.21      1.01
         det_prob[148]      0.80      0.17      0.86      0.55      1.00     38.43      1.01
         det_prob[149]      0.80      0.17      0.86      0.55      0.99     39.06      1.01
         det_prob[150]      0.80      0.17      0.86      0.56      1.00     38.60      1.01
         det_prob[151]      0.80      0.17      0.85      0.55      0.99     38.09      1.01
         det_prob[152]      0.80      0.17      0.86      0.54      1.00     38.11      1.01
         det_prob[153]      0.80      0.17      0.85      0.54      1.00     37.46      1.01
         det_prob[154]      0.80      0.17      0.85      0.53      0.99     37.33      1.01
         det_prob[155]      0.80      0.18      0.86      0.52      1.00     37.14      1.01
         det_prob[156]      0.80      0.18      0.85      0.52      1.00     36.86      1.01
         det_prob[157]      0.79      0.18      0.86      0.51      1.00     37.06      1.01
         det_prob[158]      0.79      0.18      0.86      0.51      1.00     36.57      1.01
         det_prob[159]      0.79      0.19      0.86      0.50      1.00     35.98      1.01
         det_prob[160]      0.79      0.19      0.85      0.49      0.99     35.87      1.01
         det_prob[161]      0.78      0.19      0.86      0.49      1.00     36.11      1.01
         det_prob[162]      0.78      0.20      0.85      0.48      1.00     36.24      1.01
         det_prob[163]      0.78      0.20      0.85      0.46      1.00     36.30      1.01
         det_prob[164]      0.78      0.20      0.85      0.46      1.00     36.12      1.01
         det_prob[165]      0.78      0.20      0.85      0.46      1.00     35.99      1.01
         det_prob[166]      0.78      0.20      0.85      0.46      1.00     36.17      1.01
         det_prob[167]      0.77      0.21      0.85      0.45      1.00     36.44      1.01
         det_prob[168]      0.77      0.21      0.85      0.44      1.00     35.81      1.01
         det_prob[169]      0.77      0.21      0.85      0.44      1.00     34.88      1.01
         det_prob[170]      0.77      0.21      0.85      0.43      1.00     35.03      1.01
         det_prob[171]      0.77      0.21      0.85      0.44      1.00     35.14      1.01
         det_prob[172]      0.77      0.22      0.85      0.41      1.00     35.04      1.01
         det_prob[173]      0.77      0.22      0.85      0.41      1.00     34.78      1.01
         det_prob[174]      0.77      0.22      0.85      0.41      1.00     34.85      1.01
         det_prob[175]      0.77      0.22      0.86      0.42      1.00     35.03      1.01
         det_prob[176]      0.76      0.22      0.85      0.41      1.00     35.40      1.01
         det_prob[177]      0.76      0.22      0.85      0.41      1.00     35.79      1.01
         det_prob[178]      0.76      0.22      0.85      0.40      1.00     36.00      1.01
         det_prob[179]      0.76      0.22      0.85      0.41      1.00     35.93      1.01
         det_prob[180]      0.76      0.22      0.85      0.40      1.00     35.96      1.01
         det_prob[181]      0.76      0.22      0.86      0.41      1.00     36.19      1.01
         det_prob[182]      0.76      0.23      0.85      0.40      1.00     36.58      1.01
         det_prob[183]      0.76      0.23      0.86      0.39      1.00     36.88      1.01
         det_prob[184]      0.76      0.23      0.86      0.40      1.00     36.33      1.01
         det_prob[185]      0.76      0.23      0.86      0.39      1.00     36.22      1.01
         det_prob[186]      0.76      0.23      0.86      0.41      1.00     35.99      1.01
         det_prob[187]      0.76      0.23      0.85      0.41      1.00     35.52      1.01
         det_prob[188]      0.76      0.23      0.86      0.41      1.00     35.43      1.01
         det_prob[189]      0.76      0.23      0.85      0.41      1.00     35.40      1.01
         det_prob[190]      0.76      0.23      0.86      0.40      1.00     35.19      1.01
         det_prob[191]      0.76      0.23      0.86      0.38      1.00     35.61      1.01
         det_prob[192]      0.76      0.23      0.85      0.40      1.00     36.24      1.00
         det_prob[193]      0.76      0.23      0.86      0.40      1.00     37.13      1.00
         det_prob[194]      0.77      0.23      0.86      0.41      1.00     37.04      1.00
         det_prob[195]      0.77      0.23      0.86      0.41      1.00     36.53      1.00
         det_prob[196]      0.77      0.23      0.86      0.41      1.00     36.34      1.00
         det_prob[197]      0.77      0.22      0.86      0.42      1.00     36.43      1.00
         det_prob[198]      0.77      0.23      0.86      0.41      1.00     36.47      1.00
         det_prob[199]      0.77      0.23      0.86      0.41      1.00     36.76      1.00
         det_prob[200]      0.77      0.22      0.85      0.40      1.00     36.49      1.00
         det_prob[201]      0.77      0.23      0.86      0.41      1.00     37.35      1.00
         det_prob[202]      0.77      0.23      0.85      0.40      1.00     37.42      1.00
         det_prob[203]      0.77      0.23      0.85      0.39      1.00     37.91      1.00
         det_prob[204]      0.77      0.23      0.85      0.40      1.00     38.58      1.00
         det_prob[205]      0.77      0.23      0.85      0.39      1.00     38.97      1.00
         det_prob[206]      0.77      0.23      0.85      0.40      1.00     38.53      1.00
         det_prob[207]      0.77      0.22      0.86      0.42      1.00     38.36      1.00
         det_prob[208]      0.77      0.22      0.85      0.41      1.00     38.43      1.00
         det_prob[209]      0.77      0.22      0.86      0.41      1.00     38.61      1.00
         det_prob[210]      0.77      0.22      0.86      0.40      1.00     39.20      1.00
         det_prob[211]      0.77      0.22      0.85      0.40      1.00     39.18      1.00
         det_prob[212]      0.77      0.22      0.86      0.38      1.00     39.79      1.00
         det_prob[213]      0.77      0.22      0.86      0.40      1.00     40.53      1.00
         det_prob[214]      0.78      0.22      0.86      0.40      1.00     40.73      1.00
         det_prob[215]      0.78      0.22      0.86      0.40      1.00     41.01      1.00
         det_prob[216]      0.78      0.22      0.86      0.41      1.00     40.04      1.00
         det_prob[217]      0.78      0.22      0.86      0.41      1.00     39.76      1.00
         det_prob[218]      0.78      0.22      0.86      0.42      1.00     40.69      1.00
         det_prob[219]      0.78      0.22      0.86      0.43      1.00     41.33      1.00
         det_prob[220]      0.78      0.22      0.86      0.42      1.00     41.10      1.00
         det_prob[221]      0.78      0.22      0.87      0.42      1.00     41.55      1.00
         det_prob[222]      0.78      0.22      0.87      0.43      1.00     42.07      1.00
         det_prob[223]      0.78      0.22      0.87      0.42      1.00     42.62      1.00
         det_prob[224]      0.78      0.23      0.87      0.42      1.00     43.08      1.00
         det_prob[225]      0.78      0.23      0.87      0.40      1.00     44.04      1.00
         det_prob[226]      0.77      0.23      0.88      0.40      1.00     44.48      1.00
         det_prob[227]      0.77      0.24      0.87      0.40      1.00     45.42      1.00
             det_prob0      0.27      0.06      0.26      0.18      0.35    337.47      1.00
            det_prob_d      0.90      0.03      0.90      0.85      0.95   1296.77      1.00
                 gamma      0.49      0.05      0.49      0.41      0.57   1408.06      1.00
                 rw[0]     -0.15      0.98     -0.17     -1.72      1.46    246.15      1.00
                 rw[1]     -0.14      1.42     -0.16     -2.57      2.02    134.21      1.00
                 rw[2]     -0.08      1.74     -0.04     -3.39      2.21     94.70      1.00
                 rw[3]      0.04      1.98     -0.01     -2.86      3.30     78.37      1.00
                 rw[4]      0.19      2.19      0.19     -3.24      3.81     65.49      1.00
                 rw[5]      0.32      2.41      0.25     -3.08      4.64     58.71      1.00
                 rw[6]      0.53      2.58      0.59     -3.75      4.47     52.52      1.00
                 rw[7]      0.72      2.67      0.80     -3.54      4.89     51.60      1.00
                 rw[8]      0.94      2.81      1.08     -3.51      5.51     47.47      1.00
                 rw[9]      1.20      2.90      1.31     -3.54      5.73     44.94      1.00
                rw[10]      1.46      3.01      1.54     -3.27      6.30     44.34      1.01
                rw[11]      1.75      3.06      1.85     -3.14      6.82     43.15      1.00
                rw[12]      2.05      3.13      2.28     -2.59      7.46     43.61      1.01
                rw[13]      2.28      3.13      2.44     -2.39      7.59     41.79      1.01
                rw[14]      2.46      3.16      2.58     -2.31      7.67     42.93      1.00
                rw[15]      2.63      3.22      2.71     -2.38      7.96     43.09      1.00
                rw[16]      2.69      3.26      2.86     -2.31      7.94     42.03      1.00
                rw[17]      2.77      3.24      2.99     -2.09      8.39     41.12      1.00
                rw[18]      2.81      3.24      2.94     -1.91      8.37     41.53      1.00
                rw[19]      2.77      3.30      2.85     -2.23      8.37     41.01      1.00
                rw[20]      2.66      3.27      2.69     -2.38      7.79     41.66      1.00
                rw[21]      2.50      3.26      2.69     -2.87      7.43     40.91      1.01
                rw[22]      2.23      3.24      2.46     -2.97      7.13     40.65      1.01
                rw[23]      1.98      3.29      2.17     -3.27      7.15     40.38      1.01
                rw[24]      1.61      3.29      1.71     -3.24      7.09     39.05      1.00
                rw[25]      1.25      3.26      1.52     -3.91      6.29     40.63      1.00
                rw[26]      0.99      3.22      1.10     -3.75      6.15     39.47      1.00
                rw[27]      0.71      3.19      0.91     -4.23      5.69     39.74      1.00
                rw[28]      0.44      3.19      0.64     -4.41      5.69     40.77      1.00
                rw[29]      0.20      3.20      0.28     -4.47      5.65     40.87      1.00
                rw[30]      0.03      3.18      0.14     -5.02      5.13     40.99      1.00
                rw[31]     -0.17      3.21     -0.03     -4.86      5.49     40.44      1.00
                rw[32]     -0.30      3.25     -0.19     -5.16      5.29     40.08      1.00
                rw[33]     -0.51      3.24     -0.30     -6.17      4.15     39.49      1.00
                rw[34]     -0.76      3.20     -0.59     -6.12      4.02     39.42      1.00
                rw[35]     -0.97      3.19     -0.72     -6.48      3.66     39.26      1.00
                rw[36]     -1.22      3.14     -0.99     -6.67      3.54     39.43      1.00
                rw[37]     -1.41      3.14     -1.21     -6.24      3.75     41.36      1.00
                rw[38]     -1.59      3.14     -1.47     -6.66      3.45     41.91      1.00
                rw[39]     -1.77      3.11     -1.59     -6.79      3.18     39.91      1.00
                rw[40]     -1.95      3.11     -1.79     -7.19      2.80     40.70      1.00
                rw[41]     -2.16      3.16     -2.08     -6.87      3.29     42.03      1.00
                rw[42]     -2.33      3.17     -2.20     -7.34      2.80     42.59      1.00
                rw[43]     -2.49      3.14     -2.34     -7.98      2.07     43.50      1.00
                rw[44]     -2.67      3.22     -2.56     -7.83      2.47     44.58      1.00
                rw[45]     -2.89      3.22     -2.94     -7.99      2.38     44.82      1.00
                rw[46]     -3.03      3.24     -3.00     -7.95      2.41     44.08      1.00
                rw[47]     -3.15      3.21     -2.98     -8.59      1.66     46.02      1.00
                rw[48]     -3.30      3.22     -3.15     -9.13      1.45     46.38      1.00
                rw[49]     -3.45      3.28     -3.30     -8.65      2.06     44.94      1.00
                rw[50]     -3.53      3.33     -3.45     -8.81      2.13     43.20      1.00
                rw[51]     -3.63      3.27     -3.52     -9.01      1.63     42.55      1.00
                rw[52]     -3.71      3.31     -3.57     -9.34      1.60     42.38      1.00
                rw[53]     -3.77      3.31     -3.62     -9.39      1.38     41.87      1.00
                rw[54]     -3.83      3.31     -3.63     -9.04      1.94     43.64      1.00
                rw[55]     -3.89      3.32     -3.79     -9.34      1.51     42.20      1.00
                rw[56]     -3.87      3.29     -3.74     -9.18      1.44     41.74      1.00
                rw[57]     -3.85      3.27     -3.68     -8.93      1.58     41.46      1.01
                rw[58]     -3.85      3.34     -3.64     -9.50      1.49     43.51      1.00
                rw[59]     -3.89      3.30     -3.71     -9.38      1.39     42.72      1.00
                rw[60]     -3.89      3.31     -3.70     -9.44      1.28     42.86      1.00
                rw[61]     -3.92      3.30     -3.84     -9.14      1.61     43.59      1.00
                rw[62]     -3.88      3.33     -3.65     -9.51      1.36     43.21      1.00
                rw[63]     -3.95      3.35     -3.74     -9.49      1.56     44.71      1.00
                rw[64]     -3.98      3.34     -3.86     -9.00      1.90     46.89      1.01
                rw[65]     -4.00      3.38     -3.88     -9.23      1.63     44.69      1.00
                rw[66]     -3.99      3.40     -3.85     -9.47      1.45     46.07      1.00
                rw[67]     -4.02      3.39     -3.94     -9.15      1.77     48.28      1.00
                rw[68]     -4.08      3.39     -3.87     -9.30      1.73     47.52      1.00
                rw[69]     -4.12      3.39     -3.92     -9.37      1.57     47.79      1.00
                rw[70]     -4.16      3.45     -3.99    -10.08      1.26     47.57      1.00
                rw[71]     -4.22      3.43     -3.95     -9.59      1.42     47.05      1.00
                rw[72]     -4.32      3.42     -4.17     -9.35      1.57     46.93      1.00
                rw[73]     -4.42      3.44     -4.37    -10.29      0.88     47.45      1.00
                rw[74]     -4.55      3.45     -4.42    -10.04      1.21     45.72      1.00
                rw[75]     -4.63      3.45     -4.43     -9.95      1.06     43.45      1.00
                rw[76]     -4.75      3.39     -4.60    -10.10      0.98     43.14      1.00
                rw[77]     -4.89      3.40     -4.76    -10.09      0.80     42.73      1.00
                rw[78]     -4.97      3.39     -4.88    -10.17      0.76     43.05      1.00
                rw[79]     -5.13      3.35     -5.08    -10.06      0.84     44.17      1.00
                rw[80]     -5.22      3.39     -5.17    -10.56      0.55     43.57      1.00
                rw[81]     -5.27      3.41     -5.25    -10.94      0.09     42.91      1.00
                rw[82]     -5.32      3.41     -5.16    -10.24      0.82     41.88      1.00
                rw[83]     -5.33      3.39     -5.19    -10.43      0.50     43.07      1.00
                rw[84]     -5.40      3.31     -5.29    -10.50      0.27     43.67      1.00
                rw[85]     -5.42      3.28     -5.32    -10.54     -0.06     45.71      1.00
                rw[86]     -5.42      3.33     -5.33    -10.86     -0.14     44.18      1.00
                rw[87]     -5.41      3.29     -5.32    -10.46     -0.08     44.86      1.00
                rw[88]     -5.39      3.33     -5.37    -10.91     -0.31     44.80      1.00
                rw[89]     -5.34      3.30     -5.17    -10.64     -0.11     45.23      1.00
                rw[90]     -5.27      3.27     -5.12    -10.69     -0.10     46.47      1.00
                rw[91]     -5.21      3.26     -5.04    -10.78     -0.35     45.04      1.00
                rw[92]     -5.15      3.29     -4.86    -10.24      0.09     42.66      1.00
                rw[93]     -5.02      3.31     -4.83    -10.37      0.24     43.35      1.00
                rw[94]     -4.91      3.30     -4.72    -10.11      0.55     41.27      1.00
                rw[95]     -4.80      3.30     -4.62    -10.38      0.22     41.34      1.00
                rw[96]     -4.70      3.26     -4.39     -9.65      0.64     42.13      1.00
                rw[97]     -4.62      3.31     -4.30    -10.12      0.35     40.32      1.00
                rw[98]     -4.50      3.27     -4.30     -9.77      0.79     41.20      1.00
                rw[99]     -4.37      3.30     -4.14     -9.39      0.96     42.61      1.00
               rw[100]     -4.31      3.28     -4.06     -9.12      1.11     42.81      1.00
               rw[101]     -4.25      3.32     -4.01     -9.26      1.14     42.80      1.00
               rw[102]     -4.24      3.32     -4.06     -9.76      0.79     44.30      1.00
               rw[103]     -4.15      3.31     -3.91     -9.41      1.19     44.25      1.00
               rw[104]     -4.02      3.26     -3.74     -9.47      0.92     43.39      1.00
               rw[105]     -4.00      3.29     -3.82     -8.68      1.64     42.30      1.00
               rw[106]     -3.89      3.25     -3.80     -8.61      1.75     41.18      1.00
               rw[107]     -3.84      3.30     -3.78     -8.94      1.50     40.62      1.00
               rw[108]     -3.74      3.30     -3.59     -8.57      1.79     39.30      1.00
               rw[109]     -3.69      3.29     -3.60     -8.66      1.68     41.04      1.00
               rw[110]     -3.63      3.35     -3.61     -8.94      1.60     41.59      1.00
               rw[111]     -3.59      3.31     -3.62     -8.56      1.65     41.77      1.00
               rw[112]     -3.49      3.30     -3.52     -8.62      1.71     43.47      1.00
               rw[113]     -3.39      3.29     -3.27     -8.64      1.82     43.37      1.00
               rw[114]     -3.32      3.24     -3.16     -8.64      1.77     43.49      1.00
               rw[115]     -3.17      3.29     -3.01     -8.70      1.67     44.32      1.00
               rw[116]     -3.03      3.27     -2.90     -7.96      2.33     42.92      1.00
               rw[117]     -2.92      3.31     -2.79     -8.49      2.24     44.14      1.00
               rw[118]     -2.82      3.27     -2.69     -8.00      2.76     43.55      1.00
               rw[119]     -2.72      3.30     -2.68     -8.17      2.42     43.09      1.00
               rw[120]     -2.55      3.26     -2.38     -7.49      3.06     43.04      1.00
               rw[121]     -2.39      3.25     -2.28     -7.54      2.84     43.11      1.00
               rw[122]     -2.25      3.26     -2.23     -7.09      3.30     43.65      1.00
               rw[123]     -2.09      3.23     -2.01     -7.12      3.26     44.07      1.00
               rw[124]     -1.99      3.29     -1.87     -7.18      3.38     42.29      1.00
               rw[125]     -1.90      3.26     -1.81     -6.91      3.36     41.91      1.00
               rw[126]     -1.84      3.24     -1.63     -6.52      3.62     42.27      1.00
               rw[127]     -1.74      3.25     -1.55     -6.91      3.13     42.19      1.00
               rw[128]     -1.63      3.23     -1.51     -6.69      3.41     42.47      1.00
               rw[129]     -1.60      3.24     -1.42     -6.85      3.32     42.95      1.00
               rw[130]     -1.59      3.25     -1.38     -6.68      3.63     43.08      1.00
               rw[131]     -1.63      3.23     -1.46     -6.83      3.53     42.52      1.00
               rw[132]     -1.66      3.22     -1.64     -6.53      3.90     43.37      1.00
               rw[133]     -1.65      3.23     -1.61     -6.36      4.09     42.69      1.00
               rw[134]     -1.60      3.19     -1.51     -6.21      3.74     42.45      1.00
               rw[135]     -1.62      3.14     -1.69     -7.17      2.88     42.64      1.00
               rw[136]     -1.59      3.09     -1.54     -6.81      3.16     43.16      1.00
               rw[137]     -1.52      3.16     -1.47     -6.51      3.37     43.06      1.00
               rw[138]     -1.56      3.15     -1.44     -6.47      3.40     42.59      1.00
               rw[139]     -1.56      3.22     -1.54     -6.31      3.90     42.10      1.00
               rw[140]     -1.60      3.19     -1.52     -7.14      3.13     42.68      1.00
               rw[141]     -1.63      3.19     -1.58     -7.06      3.24     42.68      1.00
               rw[142]     -1.65      3.17     -1.57     -6.44      3.76     42.16      1.00
               rw[143]     -1.71      3.19     -1.58     -7.24      3.05     45.76      1.00
               rw[144]     -1.77      3.24     -1.69     -6.70      3.77     44.12      1.00
               rw[145]     -1.86      3.26     -1.80     -6.99      3.50     45.52      1.00
               rw[146]     -1.99      3.27     -1.83     -7.07      3.43     44.19      1.00
               rw[147]     -2.03      3.21     -1.88     -6.83      3.24     45.32      1.00
               rw[148]     -2.06      3.17     -1.92     -6.70      3.47     42.75      1.01
               rw[149]     -2.06      3.20     -2.08     -7.01      3.16     42.06      1.00
               rw[150]     -1.97      3.22     -2.03     -6.89      3.29     41.92      1.00
               rw[151]     -2.01      3.19     -2.12     -7.08      3.24     41.14      1.00
               rw[152]     -1.95      3.15     -2.08     -6.75      3.08     42.26      1.00
               rw[153]     -1.94      3.18     -1.93     -6.93      3.25     43.73      1.00
               rw[154]     -1.90      3.21     -1.91     -6.74      3.32     43.59      1.00
               rw[155]     -1.84      3.18     -1.78     -6.61      3.54     43.50      1.00
               rw[156]     -1.74      3.17     -1.67     -6.66      3.46     42.93      1.00
               rw[157]     -1.62      3.19     -1.51     -6.43      3.99     43.40      1.00
               rw[158]     -1.52      3.22     -1.40     -6.78      3.57     43.41      1.00
               rw[159]     -1.51      3.20     -1.32     -6.46      3.72     45.67      1.00
               rw[160]     -1.50      3.20     -1.42     -7.05      3.34     44.81      1.00
               rw[161]     -1.51      3.16     -1.41     -6.64      3.54     44.25      1.00
               rw[162]     -1.51      3.18     -1.42     -6.57      3.79     45.32      1.00
               rw[163]     -1.51      3.17     -1.37     -6.42      3.66     44.17      1.00
               rw[164]     -1.53      3.19     -1.51     -6.15      4.10     44.67      1.00
               rw[165]     -1.58      3.18     -1.59     -6.52      3.59     44.33      1.00
               rw[166]     -1.67      3.21     -1.72     -6.12      4.18     44.07      1.00
               rw[167]     -1.80      3.21     -1.72     -7.19      3.15     43.54      1.00
               rw[168]     -1.96      3.22     -1.92     -7.14      3.34     44.65      1.00
               rw[169]     -2.10      3.24     -2.07     -6.87      3.40     43.93      1.00
               rw[170]     -2.19      3.25     -2.05     -7.13      3.36     43.93      1.00
               rw[171]     -2.38      3.28     -2.15     -8.18      2.37     43.47      1.00
               rw[172]     -2.43      3.29     -2.23     -7.49      2.98     42.09      1.00
               rw[173]     -2.52      3.25     -2.35     -7.36      2.82     42.66      1.00
               rw[174]     -2.62      3.18     -2.50     -7.28      2.65     41.86      1.00
               rw[175]     -2.74      3.17     -2.59     -7.84      2.42     41.44      1.00
               rw[176]     -2.79      3.17     -2.62     -7.77      2.36     40.66      1.00
               rw[177]     -2.80      3.22     -2.73     -7.79      2.67     41.69      1.00
               rw[178]     -2.83      3.24     -2.78     -7.78      2.50     43.06      1.00
               rw[179]     -2.81      3.23     -2.74     -7.65      2.77     43.82      1.00
               rw[180]     -2.75      3.24     -2.80     -7.70      2.63     43.89      1.00
               rw[181]     -2.67      3.25     -2.65     -7.41      3.13     44.79      1.00
               rw[182]     -2.56      3.25     -2.61     -7.55      2.80     44.48      1.00
               rw[183]     -2.46      3.25     -2.43     -7.15      3.17     42.63      1.00
               rw[184]     -2.36      3.26     -2.38     -7.60      2.98     41.30      1.00
               rw[185]     -2.25      3.27     -2.15     -7.58      2.90     41.16      1.00
               rw[186]     -2.17      3.20     -2.08     -7.27      2.94     40.25      1.00
               rw[187]     -2.11      3.18     -2.00     -7.03      2.97     43.46      1.00
               rw[188]     -2.09      3.20     -2.05     -6.71      3.42     44.94      1.00
               rw[189]     -2.13      3.22     -2.16     -6.79      3.33     42.88      1.00
               rw[190]     -2.13      3.22     -2.11     -6.56      3.58     43.95      1.00
               rw[191]     -2.14      3.27     -2.17     -6.79      3.64     43.36      1.01
               rw[192]     -2.19      3.25     -2.10     -7.24      3.27     45.02      1.01
               rw[193]     -2.21      3.23     -2.17     -7.66      2.65     44.76      1.01
               rw[194]     -2.25      3.18     -2.29     -7.62      2.73     43.66      1.01
               rw[195]     -2.29      3.22     -2.17     -7.47      3.15     45.44      1.00
               rw[196]     -2.36      3.18     -2.30     -7.64      2.77     43.86      1.01
               rw[197]     -2.40      3.19     -2.34     -7.50      2.61     44.66      1.01
               rw[198]     -2.39      3.24     -2.42     -7.31      2.78     44.96      1.00
               rw[199]     -2.38      3.32     -2.31     -6.91      3.56     45.36      1.00
               rw[200]     -2.30      3.28     -2.18     -7.77      2.78     46.02      1.00
               rw[201]     -2.24      3.32     -2.21     -7.41      2.91     45.95      1.00
               rw[202]     -2.18      3.33     -2.03     -7.71      3.01     43.62      1.00
               rw[203]     -2.02      3.31     -1.85     -7.30      3.21     42.52      1.00
               rw[204]     -1.93      3.27     -1.85     -6.94      3.51     42.45      1.00
               rw[205]     -1.81      3.24     -1.76     -7.07      3.18     40.56      1.00
               rw[206]     -1.66      3.21     -1.54     -7.18      3.21     39.34      1.00
               rw[207]     -1.50      3.21     -1.38     -6.77      3.65     40.53      1.00
               rw[208]     -1.45      3.22     -1.23     -7.26      3.15     39.17      1.00
               rw[209]     -1.43      3.22     -1.27     -6.24      4.48     40.41      1.00
               rw[210]     -1.40      3.22     -1.31     -6.73      3.75     41.19      1.00
               rw[211]     -1.38      3.23     -1.15     -6.17      4.20     40.23      1.00
               rw[212]     -1.36      3.26     -1.19     -6.32      4.40     39.67      1.00
               rw[213]     -1.37      3.27     -1.23     -6.89      3.75     39.96      1.00
               rw[214]     -1.37      3.34     -1.21     -6.70      4.18     38.15      1.00
               rw[215]     -1.43      3.36     -1.27     -6.89      3.82     40.65      1.00
               rw[216]     -1.51      3.36     -1.31     -6.53      4.26     41.53      1.00
               rw[217]     -1.59      3.35     -1.38     -7.07      3.67     43.63      1.00
               rw[218]     -1.75      3.38     -1.61     -6.99      3.78     44.16      1.00
               rw[219]     -1.89      3.44     -1.76     -7.66      3.49     43.43      1.00
               rw[220]     -1.94      3.46     -1.74     -7.42      3.80     45.69      1.00
               rw[221]     -2.08      3.52     -1.91     -7.49      3.81     46.81      1.00
               rw[222]     -2.17      3.59     -2.17     -7.71      3.74     48.86      1.00
               rw[223]     -2.29      3.68     -2.18     -7.91      3.92     51.49      1.00
               rw[224]     -2.39      3.77     -2.22     -8.12      3.99     54.03      1.00
               rw[225]     -2.47      3.91     -2.36     -8.21      4.21     60.73      1.00
               rw[226]     -2.50      4.01     -2.43     -8.25      4.82     67.39      1.00
               rw[227]     -2.55      4.14     -2.53     -8.46      4.72     73.96      1.00
                 sigma      0.23      0.02      0.23      0.19      0.27   1173.76      1.00

Number of divergences: 31
