
                            mean       std    median      5.0%     95.0%     n_eff     r_hat
                    D0      0.82      1.09      0.46      0.00      2.00   1075.58      1.00
                    E0     24.75     25.72     17.59      0.02     54.43     84.02      1.00
                    H0      2.39      2.34      1.76      0.02      5.39    433.64      1.01
                    I0      8.35     11.14      4.98      0.02     18.17     61.15      1.01
                 beta0      1.83      0.98      1.76      0.53      3.03      8.54      1.04
  confirmed_dispersion      0.24      0.04      0.24      0.17      0.30   1015.40      1.00
      death_dispersion      0.29      0.03      0.29      0.25      0.33   2297.56      1.00
            death_prob      0.02      0.00      0.02      0.01      0.02     16.49      1.03
            death_rate      0.05      0.01      0.04      0.03      0.06     41.91      1.04
           det_prob[0]      0.22      0.06      0.21      0.12      0.30    264.77      1.01
           det_prob[1]      0.20      0.06      0.19      0.10      0.29    195.25      1.01
           det_prob[2]      0.19      0.06      0.18      0.09      0.29    174.08      1.01
           det_prob[3]      0.18      0.07      0.17      0.07      0.27    129.74      1.01
           det_prob[4]      0.17      0.06      0.16      0.06      0.25    124.84      1.01
           det_prob[5]      0.16      0.06      0.15      0.06      0.25     99.64      1.01
           det_prob[6]      0.15      0.06      0.14      0.06      0.24     77.89      1.01
           det_prob[7]      0.14      0.06      0.13      0.05      0.22     65.50      1.02
           det_prob[8]      0.14      0.06      0.12      0.05      0.22     59.05      1.02
           det_prob[9]      0.13      0.06      0.12      0.05      0.22     46.00      1.02
          det_prob[10]      0.13      0.06      0.12      0.05      0.22     45.30      1.02
          det_prob[11]      0.13      0.06      0.12      0.05      0.22     39.63      1.02
          det_prob[12]      0.14      0.06      0.13      0.05      0.22     35.72      1.03
          det_prob[13]      0.14      0.06      0.13      0.05      0.22     34.58      1.04
          det_prob[14]      0.14      0.06      0.13      0.05      0.23     35.56      1.04
          det_prob[15]      0.15      0.06      0.14      0.05      0.23     33.36      1.04
          det_prob[16]      0.15      0.06      0.14      0.07      0.25     33.78      1.04
          det_prob[17]      0.15      0.06      0.14      0.07      0.25     27.93      1.05
          det_prob[18]      0.16      0.06      0.15      0.06      0.26     27.12      1.05
          det_prob[19]      0.16      0.06      0.15      0.07      0.27     26.16      1.05
          det_prob[20]      0.16      0.07      0.15      0.06      0.26     28.10      1.05
          det_prob[21]      0.16      0.07      0.15      0.07      0.28     30.82      1.05
          det_prob[22]      0.18      0.07      0.17      0.07      0.28     29.71      1.06
          det_prob[23]      0.19      0.07      0.18      0.07      0.29     24.47      1.06
          det_prob[24]      0.20      0.07      0.19      0.09      0.31     26.17      1.05
          det_prob[25]      0.21      0.08      0.20      0.10      0.34     26.97      1.05
          det_prob[26]      0.22      0.08      0.21      0.10      0.34     29.90      1.04
          det_prob[27]      0.23      0.08      0.22      0.10      0.36     29.05      1.05
          det_prob[28]      0.23      0.08      0.22      0.09      0.36     26.94      1.05
          det_prob[29]      0.23      0.09      0.22      0.10      0.36     25.42      1.05
          det_prob[30]      0.23      0.08      0.22      0.09      0.36     25.26      1.04
          det_prob[31]      0.23      0.09      0.22      0.09      0.36     22.87      1.05
          det_prob[32]      0.23      0.09      0.22      0.11      0.38     22.73      1.06
          det_prob[33]      0.23      0.09      0.22      0.10      0.37     22.45      1.04
          det_prob[34]      0.23      0.08      0.22      0.11      0.37     23.54      1.04
          det_prob[35]      0.24      0.09      0.23      0.11      0.38     23.80      1.04
          det_prob[36]      0.24      0.09      0.23      0.11      0.38     22.86      1.05
          det_prob[37]      0.23      0.08      0.22      0.11      0.37     22.91      1.04
          det_prob[38]      0.22      0.08      0.21      0.10      0.36     24.25      1.03
          det_prob[39]      0.22      0.08      0.21      0.10      0.35     25.87      1.02
          det_prob[40]      0.22      0.08      0.21      0.10      0.35     26.35      1.02
          det_prob[41]      0.22      0.08      0.21      0.09      0.35     25.76      1.01
          det_prob[42]      0.23      0.09      0.22      0.09      0.36     26.01      1.01
          det_prob[43]      0.23      0.08      0.22      0.08      0.34     26.24      1.01
          det_prob[44]      0.22      0.08      0.21      0.10      0.36     27.77      1.01
          det_prob[45]      0.22      0.08      0.21      0.08      0.34     28.45      1.01
          det_prob[46]      0.22      0.08      0.21      0.10      0.36     27.76      1.01
          det_prob[47]      0.22      0.08      0.21      0.10      0.35     29.41      1.00
          det_prob[48]      0.23      0.09      0.21      0.09      0.36     27.35      1.00
          det_prob[49]      0.23      0.09      0.22      0.09      0.36     26.93      1.00
          det_prob[50]      0.24      0.09      0.23      0.10      0.37     27.58      1.00
          det_prob[51]      0.25      0.09      0.24      0.12      0.40     29.01      1.00
          det_prob[52]      0.26      0.09      0.25      0.12      0.42     31.83      1.00
          det_prob[53]      0.27      0.10      0.26      0.12      0.42     31.50      1.00
          det_prob[54]      0.28      0.10      0.26      0.12      0.43     30.70      1.00
          det_prob[55]      0.29      0.10      0.28      0.14      0.45     30.33      1.00
          det_prob[56]      0.31      0.10      0.29      0.15      0.47     29.02      1.00
          det_prob[57]      0.32      0.10      0.30      0.14      0.46     30.49      1.00
          det_prob[58]      0.33      0.11      0.31      0.15      0.49     30.11      1.00
          det_prob[59]      0.33      0.11      0.32      0.15      0.49     28.23      1.00
          det_prob[60]      0.34      0.11      0.33      0.17      0.52     30.47      1.00
          det_prob[61]      0.35      0.11      0.34      0.16      0.53     34.29      1.00
          det_prob[62]      0.37      0.12      0.35      0.17      0.55     33.96      1.00
          det_prob[63]      0.39      0.12      0.37      0.20      0.59     34.72      1.00
          det_prob[64]      0.40      0.12      0.39      0.19      0.59     35.43      1.00
          det_prob[65]      0.41      0.12      0.40      0.22      0.62     38.35      1.00
          det_prob[66]      0.42      0.13      0.41      0.21      0.61     38.68      1.00
          det_prob[67]      0.42      0.13      0.42      0.24      0.66     38.77      1.00
          det_prob[68]      0.43      0.13      0.43      0.22      0.63     39.84      1.00
          det_prob[69]      0.44      0.13      0.43      0.24      0.67     40.81      1.00
          det_prob[70]      0.46      0.13      0.45      0.25      0.68     40.87      1.00
          det_prob[71]      0.48      0.13      0.47      0.25      0.67     39.85      1.01
          det_prob[72]      0.49      0.13      0.48      0.28      0.70     41.81      1.01
          det_prob[73]      0.49      0.14      0.48      0.27      0.71     43.08      1.01
          det_prob[74]      0.50      0.14      0.49      0.27      0.72     47.46      1.01
          det_prob[75]      0.50      0.14      0.49      0.27      0.73     44.61      1.01
          det_prob[76]      0.52      0.14      0.51      0.28      0.76     43.89      1.01
          det_prob[77]      0.54      0.14      0.52      0.29      0.76     47.27      1.01
          det_prob[78]      0.55      0.14      0.54      0.35      0.82     44.58      1.01
          det_prob[79]      0.56      0.15      0.56      0.35      0.82     42.21      1.02
          det_prob[80]      0.57      0.15      0.56      0.35      0.82     42.91      1.02
          det_prob[81]      0.58      0.15      0.57      0.33      0.82     43.15      1.02
          det_prob[82]      0.59      0.15      0.59      0.36      0.84     44.02      1.02
          det_prob[83]      0.60      0.15      0.60      0.37      0.85     42.92      1.02
          det_prob[84]      0.61      0.15      0.61      0.39      0.87     42.67      1.02
          det_prob[85]      0.63      0.15      0.63      0.40      0.87     41.90      1.03
          det_prob[86]      0.64      0.15      0.64      0.41      0.89     40.68      1.04
          det_prob[87]      0.65      0.14      0.66      0.43      0.90     38.46      1.04
          det_prob[88]      0.66      0.15      0.67      0.45      0.92     37.77      1.04
          det_prob[89]      0.67      0.15      0.68      0.46      0.93     37.33      1.04
          det_prob[90]      0.68      0.15      0.68      0.45      0.92     36.12      1.05
          det_prob[91]      0.69      0.14      0.70      0.48      0.93     36.45      1.05
          det_prob[92]      0.71      0.14      0.71      0.49      0.93     35.08      1.06
          det_prob[93]      0.71      0.14      0.72      0.51      0.95     33.29      1.07
          det_prob[94]      0.72      0.13      0.73      0.53      0.95     34.41      1.06
          det_prob[95]      0.73      0.13      0.74      0.54      0.96     32.79      1.06
          det_prob[96]      0.74      0.13      0.75      0.53      0.95     31.95      1.07
          det_prob[97]      0.74      0.13      0.76      0.53      0.95     32.00      1.06
          det_prob[98]      0.75      0.13      0.76      0.55      0.97     30.86      1.06
          det_prob[99]      0.75      0.13      0.77      0.56      0.98     29.87      1.06
         det_prob[100]      0.76      0.13      0.77      0.57      0.97     28.16      1.07
         det_prob[101]      0.76      0.13      0.77      0.56      0.96     28.17      1.07
         det_prob[102]      0.76      0.13      0.77      0.55      0.96     27.33      1.06
         det_prob[103]      0.76      0.13      0.77      0.55      0.96     26.02      1.07
         det_prob[104]      0.76      0.13      0.78      0.59      0.99     26.08      1.06
         det_prob[105]      0.76      0.13      0.78      0.58      0.98     25.16      1.06
         det_prob[106]      0.76      0.13      0.77      0.56      0.97     24.70      1.05
         det_prob[107]      0.76      0.13      0.77      0.55      0.96     23.46      1.06
         det_prob[108]      0.75      0.14      0.77      0.54      0.96     22.85      1.06
         det_prob[109]      0.75      0.14      0.76      0.55      0.97     23.03      1.06
         det_prob[110]      0.75      0.14      0.76      0.55      0.99     22.22      1.05
         det_prob[111]      0.74      0.15      0.76      0.53      0.98     21.46      1.05
         det_prob[112]      0.74      0.15      0.75      0.51      0.97     20.85      1.05
         det_prob[113]      0.74      0.15      0.74      0.52      0.98     20.59      1.05
         det_prob[114]      0.73      0.15      0.74      0.50      0.96     20.04      1.05
         det_prob[115]      0.73      0.15      0.74      0.48      0.95     19.39      1.06
         det_prob[116]      0.72      0.16      0.73      0.49      0.97     19.90      1.05
         det_prob[117]      0.71      0.16      0.73      0.48      0.97     19.52      1.05
         det_prob[118]      0.71      0.16      0.72      0.47      0.98     18.82      1.05
         det_prob[119]      0.70      0.16      0.71      0.45      0.96     18.40      1.05
         det_prob[120]      0.69      0.17      0.70      0.44      0.97     17.75      1.04
         det_prob[121]      0.68      0.17      0.69      0.45      0.99     17.73      1.04
         det_prob[122]      0.67      0.18      0.68      0.39      0.95     17.11      1.04
         det_prob[123]      0.67      0.18      0.67      0.40      0.97     16.51      1.04
         det_prob[124]      0.66      0.19      0.66      0.38      0.96     16.81      1.04
         det_prob[125]      0.65      0.19      0.66      0.40      0.99     16.57      1.04
         det_prob[126]      0.64      0.19      0.65      0.38      0.98     15.98      1.04
         det_prob[127]      0.64      0.19      0.64      0.35      0.96     15.82      1.04
         det_prob[128]      0.64      0.20      0.63      0.35      0.97     15.64      1.04
         det_prob[129]      0.63      0.20      0.63      0.34      0.95     15.63      1.04
         det_prob[130]      0.63      0.20      0.61      0.33      0.95     15.55      1.03
         det_prob[131]      0.62      0.20      0.60      0.33      0.96     15.10      1.03
         det_prob[132]      0.62      0.20      0.60      0.36      0.99     15.09      1.03
         det_prob[133]      0.62      0.20      0.60      0.31      0.95     14.91      1.03
         det_prob[134]      0.62      0.21      0.60      0.33      0.96     15.39      1.03
         det_prob[135]      0.62      0.21      0.61      0.33      0.96     15.36      1.02
         det_prob[136]      0.62      0.21      0.60      0.34      0.97     15.43      1.02
         det_prob[137]      0.62      0.21      0.61      0.34      0.97     15.11      1.02
         det_prob[138]      0.62      0.21      0.62      0.34      0.98     15.24      1.02
         det_prob[139]      0.63      0.21      0.61      0.33      0.96     15.22      1.02
         det_prob[140]      0.63      0.20      0.62      0.35      0.97     15.48      1.01
         det_prob[141]      0.64      0.20      0.63      0.35      0.96     15.57      1.02
         det_prob[142]      0.64      0.20      0.63      0.36      0.96     16.29      1.01
         det_prob[143]      0.65      0.20      0.63      0.36      0.97     16.53      1.01
         det_prob[144]      0.66      0.20      0.65      0.38      0.97     16.25      1.01
         det_prob[145]      0.67      0.19      0.66      0.41      0.99     16.61      1.01
         det_prob[146]      0.67      0.19      0.68      0.41      0.98     16.87      1.01
         det_prob[147]      0.68      0.19      0.68      0.42      0.98     17.20      1.01
         det_prob[148]      0.69      0.18      0.69      0.41      0.98     17.44      1.01
         det_prob[149]      0.69      0.18      0.70      0.45      0.99     17.57      1.01
         det_prob[150]      0.70      0.18      0.71      0.43      0.97     17.65      1.01
         det_prob[151]      0.71      0.18      0.72      0.45      0.98     17.62      1.01
         det_prob[152]      0.71      0.18      0.72      0.46      0.98     18.30      1.01
         det_prob[153]      0.72      0.17      0.73      0.48      0.98     17.55      1.01
         det_prob[154]      0.72      0.17      0.73      0.49      0.98     18.05      1.01
         det_prob[155]      0.73      0.17      0.75      0.50      0.99     18.58      1.01
         det_prob[156]      0.73      0.17      0.75      0.49      0.99     18.45      1.01
         det_prob[157]      0.73      0.17      0.76      0.48      0.98     18.33      1.01
         det_prob[158]      0.74      0.17      0.76      0.48      0.98     18.60      1.01
         det_prob[159]      0.74      0.17      0.77      0.49      0.99     18.43      1.01
         det_prob[160]      0.75      0.17      0.78      0.50      0.99     18.46      1.01
         det_prob[161]      0.75      0.17      0.78      0.49      0.99     18.84      1.01
         det_prob[162]      0.76      0.17      0.79      0.49      0.99     18.88      1.01
         det_prob[163]      0.76      0.17      0.80      0.50      0.99     18.51      1.01
         det_prob[164]      0.76      0.17      0.80      0.50      0.99     18.57      1.01
         det_prob[165]      0.77      0.17      0.81      0.51      0.99     19.02      1.01
         det_prob[166]      0.77      0.17      0.82      0.52      0.99     19.45      1.01
         det_prob[167]      0.78      0.17      0.82      0.52      0.99     19.50      1.01
         det_prob[168]      0.78      0.16      0.83      0.53      0.99     20.07      1.01
         det_prob[169]      0.79      0.16      0.84      0.55      0.99     20.10      1.01
         det_prob[170]      0.80      0.16      0.85      0.56      0.99     20.06      1.01
         det_prob[171]      0.80      0.16      0.85      0.56      0.99     19.60      1.01
         det_prob[172]      0.80      0.15      0.85      0.58      0.99     19.82      1.01
         det_prob[173]      0.81      0.15      0.86      0.58      0.99     19.36      1.01
         det_prob[174]      0.82      0.15      0.86      0.58      0.99     19.80      1.01
         det_prob[175]      0.82      0.14      0.86      0.60      0.99     19.60      1.01
         det_prob[176]      0.83      0.14      0.88      0.63      0.99     19.81      1.01
         det_prob[177]      0.84      0.13      0.88      0.64      0.99     20.11      1.01
         det_prob[178]      0.84      0.13      0.88      0.65      1.00     20.18      1.02
         det_prob[179]      0.85      0.13      0.89      0.66      0.99     20.50      1.01
         det_prob[180]      0.85      0.13      0.89      0.67      1.00     21.09      1.01
         det_prob[181]      0.86      0.12      0.90      0.68      0.99     20.88      1.01
         det_prob[182]      0.86      0.12      0.90      0.69      0.99     20.98      1.01
         det_prob[183]      0.87      0.11      0.90      0.69      0.99     20.32      1.01
         det_prob[184]      0.87      0.12      0.90      0.70      0.99     20.84      1.01
         det_prob[185]      0.87      0.11      0.91      0.70      1.00     21.05      1.02
         det_prob[186]      0.87      0.11      0.91      0.71      0.99     21.08      1.02
         det_prob[187]      0.88      0.11      0.91      0.72      0.99     21.25      1.02
         det_prob[188]      0.88      0.11      0.92      0.73      0.99     21.70      1.02
         det_prob[189]      0.88      0.11      0.92      0.73      1.00     22.63      1.02
         det_prob[190]      0.89      0.10      0.93      0.74      0.99     22.90      1.01
         det_prob[191]      0.89      0.10      0.93      0.75      0.99     22.85      1.01
         det_prob[192]      0.89      0.10      0.93      0.75      1.00     22.04      1.01
         det_prob[193]      0.90      0.09      0.93      0.77      1.00     22.65      1.01
         det_prob[194]      0.90      0.09      0.93      0.77      1.00     22.50      1.01
         det_prob[195]      0.90      0.09      0.93      0.76      0.99     22.90      1.01
         det_prob[196]      0.90      0.09      0.93      0.77      1.00     23.40      1.01
         det_prob[197]      0.90      0.09      0.93      0.78      1.00     23.45      1.01
         det_prob[198]      0.91      0.08      0.93      0.78      1.00     23.30      1.01
         det_prob[199]      0.91      0.08      0.94      0.79      1.00     24.15      1.01
         det_prob[200]      0.91      0.08      0.93      0.79      1.00     25.35      1.01
         det_prob[201]      0.91      0.08      0.94      0.79      1.00     25.13      1.01
         det_prob[202]      0.91      0.08      0.94      0.79      1.00     25.71      1.01
         det_prob[203]      0.91      0.08      0.94      0.79      1.00     26.39      1.01
         det_prob[204]      0.91      0.08      0.94      0.80      1.00     26.71      1.01
         det_prob[205]      0.91      0.08      0.94      0.80      1.00     27.28      1.00
         det_prob[206]      0.91      0.08      0.94      0.79      1.00     27.16      1.00
         det_prob[207]      0.91      0.08      0.94      0.79      1.00     27.91      1.00
         det_prob[208]      0.91      0.08      0.94      0.80      1.00     29.03      1.00
         det_prob[209]      0.91      0.08      0.94      0.79      1.00     29.78      1.00
         det_prob[210]      0.91      0.08      0.94      0.79      1.00     29.57      1.00
         det_prob[211]      0.91      0.08      0.94      0.79      1.00     28.79      1.00
         det_prob[212]      0.91      0.08      0.94      0.79      1.00     28.45      1.00
         det_prob[213]      0.91      0.08      0.94      0.79      1.00     29.54      1.00
         det_prob[214]      0.91      0.09      0.94      0.78      1.00     30.56      1.00
         det_prob[215]      0.91      0.08      0.94      0.78      1.00     31.60      1.00
         det_prob[216]      0.91      0.09      0.94      0.79      1.00     30.77      1.00
         det_prob[217]      0.91      0.09      0.94      0.79      1.00     32.42      1.00
         det_prob[218]      0.91      0.09      0.94      0.79      1.00     33.61      1.00
         det_prob[219]      0.91      0.09      0.94      0.79      1.00     33.07      1.00
         det_prob[220]      0.91      0.09      0.94      0.79      1.00     34.82      1.00
         det_prob[221]      0.91      0.09      0.94      0.78      1.00     38.37      1.00
         det_prob[222]      0.91      0.09      0.95      0.79      1.00     38.33      1.00
         det_prob[223]      0.91      0.10      0.95      0.79      1.00     40.05      1.00
         det_prob[224]      0.91      0.10      0.95      0.77      1.00     38.69      1.00
         det_prob[225]      0.91      0.10      0.95      0.77      1.00     40.58      1.00
         det_prob[226]      0.91      0.10      0.95      0.77      1.00     42.64      1.00
         det_prob[227]      0.91      0.11      0.95      0.76      1.00     44.05      1.00
             det_prob0      0.23      0.06      0.23      0.15      0.32    276.60      1.00
            det_prob_d      0.90      0.03      0.90      0.85      0.95   2483.98      1.00
                 gamma      0.48      0.05      0.48      0.40      0.56   1012.86      1.00
                 rw[0]     -0.14      1.05     -0.20     -1.75      1.61     49.20      1.00
                 rw[1]     -0.22      1.43     -0.26     -2.65      2.08     27.16      1.01
                 rw[2]     -0.25      1.74     -0.29     -2.82      2.82     17.69      1.01
                 rw[3]     -0.23      1.97     -0.37     -3.11      3.30     13.62      1.02
                 rw[4]     -0.13      2.19     -0.31     -3.94      3.32     11.30      1.02
                 rw[5]     -0.05      2.41     -0.20     -3.65      3.94      9.70      1.03
                 rw[6]     -0.05      2.55     -0.19     -4.33      3.83      9.37      1.03
                 rw[7]     -0.00      2.67     -0.18     -4.28      4.19      8.61      1.03
                 rw[8]      0.11      2.80      0.00     -4.50      4.59      8.07      1.03
                 rw[9]      0.20      2.91      0.03     -4.17      5.18      7.83      1.03
                rw[10]      0.31      2.99      0.12     -4.41      5.18      7.60      1.04
                rw[11]      0.29      3.11      0.10     -4.26      5.38      7.55      1.03
                rw[12]      0.13      3.17     -0.07     -4.63      5.40      7.69      1.03
                rw[13]     -0.06      3.17     -0.33     -4.66      5.28      7.62      1.03
                rw[14]     -0.32      3.17     -0.67     -4.89      5.15      7.76      1.02
                rw[15]     -0.71      3.20     -0.98     -5.35      4.70      7.77      1.02
                rw[16]     -1.15      3.18     -1.50     -5.65      4.42      7.80      1.02
                rw[17]     -1.70      3.25     -1.90     -6.45      3.67      7.78      1.02
                rw[18]     -2.20      3.20     -2.52     -6.85      3.16      8.18      1.02
                rw[19]     -2.71      3.14     -2.88     -7.41      2.66      8.00      1.02
                rw[20]     -3.12      3.07     -3.44     -7.75      2.05      7.98      1.02
                rw[21]     -3.41      3.01     -3.67     -7.65      1.90      7.92      1.02
                rw[22]     -3.75      3.00     -3.99     -8.25      1.20      8.02      1.02
                rw[23]     -4.08      3.03     -4.25     -8.78      0.83      7.89      1.02
                rw[24]     -4.34      3.03     -4.49     -8.45      1.09      7.93      1.02
                rw[25]     -4.66      3.00     -4.89     -8.91      0.78      7.82      1.02
                rw[26]     -4.94      2.98     -5.30     -9.21      0.15      7.76      1.02
                rw[27]     -5.26      2.99     -5.50     -9.98     -0.53      7.65      1.03
                rw[28]     -5.50      3.01     -5.80    -10.10     -0.73      7.72      1.02
                rw[29]     -5.73      3.00     -6.00    -10.33     -0.93      7.72      1.03
                rw[30]     -5.86      3.02     -6.32    -10.12     -0.73      7.67      1.03
                rw[31]     -5.98      2.96     -6.27    -10.63     -1.34      7.76      1.03
                rw[32]     -6.05      3.04     -6.34    -10.47     -1.02      7.92      1.02
                rw[33]     -6.08      3.05     -6.46    -10.64     -1.25      7.89      1.02
                rw[34]     -6.09      3.08     -6.35    -10.34     -0.60      8.02      1.02
                rw[35]     -6.16      3.09     -6.51    -10.53     -1.02      7.92      1.02
                rw[36]     -6.17      3.07     -6.54    -10.87     -1.17      8.06      1.02
                rw[37]     -6.18      3.09     -6.43    -10.66     -0.86      8.21      1.01
                rw[38]     -6.09      3.12     -6.28    -11.21     -1.33      8.09      1.01
                rw[39]     -5.96      3.16     -6.19    -10.95     -1.12      7.97      1.01
                rw[40]     -5.88      3.13     -6.15    -10.31     -0.48      7.85      1.02
                rw[41]     -5.81      3.16     -6.11    -10.54     -0.81      7.89      1.01
                rw[42]     -5.82      3.13     -6.13    -10.49     -0.55      7.80      1.01
                rw[43]     -5.87      3.17     -6.10    -10.78     -0.84      7.70      1.01
                rw[44]     -5.89      3.16     -6.02    -10.92     -1.16      7.91      1.01
                rw[45]     -5.97      3.18     -6.19    -10.77     -0.79      7.95      1.01
                rw[46]     -6.11      3.19     -6.35    -11.15     -1.21      7.95      1.01
                rw[47]     -6.31      3.17     -6.48    -10.83     -0.91      7.89      1.01
                rw[48]     -6.50      3.16     -6.64    -11.19     -1.25      7.83      1.01
                rw[49]     -6.73      3.15     -6.94    -11.74     -1.88      7.93      1.01
                rw[50]     -6.98      3.11     -7.15    -11.31     -1.76      8.01      1.01
                rw[51]     -7.22      3.11     -7.43    -11.50     -1.68      8.24      1.01
                rw[52]     -7.45      3.13     -7.71    -12.32     -2.51      8.21      1.01
                rw[53]     -7.69      3.11     -7.86    -12.45     -2.49      8.29      1.01
                rw[54]     -7.85      3.11     -8.03    -13.20     -3.37      8.11      1.01
                rw[55]     -7.95      3.10     -8.06    -12.66     -2.97      8.15      1.01
                rw[56]     -8.03      3.09     -8.29    -12.90     -3.13      8.18      1.02
                rw[57]     -8.04      3.14     -8.26    -12.71     -2.89      8.20      1.02
                rw[58]     -8.01      3.13     -8.28    -13.01     -2.94      8.02      1.02
                rw[59]     -7.93      3.14     -8.10    -12.44     -2.32      8.37      1.02
                rw[60]     -7.84      3.15     -8.04    -12.66     -2.50      8.25      1.03
                rw[61]     -7.72      3.09     -8.07    -11.97     -2.11      7.85      1.03
                rw[62]     -7.60      3.09     -7.87    -12.36     -2.62      7.81      1.03
                rw[63]     -7.47      3.14     -7.76    -12.27     -2.43      7.70      1.03
                rw[64]     -7.33      3.12     -7.60    -12.14     -2.40      7.76      1.02
                rw[65]     -7.23      3.19     -7.58    -12.08     -2.02      7.74      1.02
                rw[66]     -7.08      3.15     -7.38    -11.77     -1.93      7.80      1.02
                rw[67]     -6.90      3.14     -7.09    -11.36     -1.37      7.98      1.02
                rw[68]     -6.72      3.14     -6.83    -11.86     -1.89      7.92      1.02
                rw[69]     -6.57      3.16     -6.77    -10.89     -1.13      7.82      1.02
                rw[70]     -6.43      3.14     -6.68    -11.15     -1.41      7.92      1.02
                rw[71]     -6.26      3.20     -6.41    -10.85     -1.14      7.87      1.02
                rw[72]     -6.26      3.20     -6.43    -11.00     -1.16      7.66      1.02
                rw[73]     -6.16      3.13     -6.23    -10.78     -0.82      7.95      1.02
                rw[74]     -6.06      3.14     -6.23    -11.05     -1.12      7.83      1.02
                rw[75]     -5.92      3.12     -5.91    -10.50     -0.66      8.05      1.02
                rw[76]     -5.83      3.14     -5.96    -10.92     -1.05      8.25      1.02
                rw[77]     -5.72      3.09     -5.84    -10.16     -0.31      8.15      1.03
                rw[78]     -5.68      3.11     -5.90    -10.48     -0.68      8.09      1.02
                rw[79]     -5.70      3.08     -5.81    -10.17     -0.52      8.03      1.02
                rw[80]     -5.70      3.07     -5.94    -10.39     -0.77      8.05      1.03
                rw[81]     -5.60      3.11     -5.90    -10.09     -0.25      8.19      1.02
                rw[82]     -5.55      3.07     -5.79    -10.23     -0.83      8.25      1.03
                rw[83]     -5.48      3.02     -5.59     -9.97     -0.32      8.09      1.03
                rw[84]     -5.40      3.04     -5.52    -10.38     -0.81      8.18      1.03
                rw[85]     -5.33      3.09     -5.51     -9.95     -0.34      8.09      1.03
                rw[86]     -5.32      3.08     -5.44    -10.06     -0.42      8.11      1.04
                rw[87]     -5.31      3.04     -5.54     -9.88     -0.16      8.26      1.03
                rw[88]     -5.27      3.01     -5.39     -9.66     -0.23      8.49      1.03
                rw[89]     -5.21      3.00     -5.41     -9.69     -0.20      8.38      1.03
                rw[90]     -5.06      2.99     -5.31     -9.31      0.29      8.31      1.03
                rw[91]     -4.93      2.96     -5.24     -9.54     -0.04      8.11      1.03
                rw[92]     -4.79      2.94     -5.01     -9.44      0.03      8.21      1.03
                rw[93]     -4.72      2.93     -5.00     -9.13      0.23      8.04      1.02
                rw[94]     -4.64      2.97     -5.00     -8.83      0.64      7.90      1.02
                rw[95]     -4.64      2.97     -4.87     -8.74      0.66      7.78      1.02
                rw[96]     -4.60      2.95     -4.87     -8.70      0.55      7.74      1.02
                rw[97]     -4.57      2.97     -4.99     -8.57      0.69      7.63      1.02
                rw[98]     -4.48      2.96     -4.76     -9.04      0.32      7.59      1.02
                rw[99]     -4.43      2.95     -4.67     -9.06      0.20      7.51      1.03
               rw[100]     -4.43      2.93     -4.74     -9.31      0.11      7.59      1.03
               rw[101]     -4.43      2.95     -4.66     -9.10      0.19      7.82      1.02
               rw[102]     -4.39      2.97     -4.62     -8.87      0.46      7.77      1.02
               rw[103]     -4.33      2.99     -4.60     -8.59      0.56      7.75      1.02
               rw[104]     -4.27      2.94     -4.59     -8.40      0.66      7.87      1.02
               rw[105]     -4.23      2.96     -4.48     -8.42      0.83      7.79      1.02
               rw[106]     -4.20      2.95     -4.45     -8.86      0.37      7.69      1.03
               rw[107]     -4.17      2.94     -4.47     -8.36      0.95      7.71      1.02
               rw[108]     -4.17      2.98     -4.42     -8.76      0.55      7.56      1.02
               rw[109]     -4.19      2.98     -4.21     -8.48      0.93      7.74      1.03
               rw[110]     -4.17      2.95     -4.41     -8.39      0.88      7.76      1.03
               rw[111]     -4.15      2.95     -4.43     -8.49      0.70      7.85      1.03
               rw[112]     -4.12      2.97     -4.37     -8.33      0.85      7.96      1.03
               rw[113]     -4.16      2.96     -4.38     -8.57      0.70      7.80      1.03
               rw[114]     -4.18      2.95     -4.36     -8.47      0.77      7.87      1.02
               rw[115]     -4.28      2.97     -4.67     -8.42      0.64      7.77      1.02
               rw[116]     -4.36      2.99     -4.65     -8.34      0.93      7.71      1.02
               rw[117]     -4.42      2.96     -4.63     -8.79      0.37      7.95      1.03
               rw[118]     -4.53      2.94     -4.86     -8.64      0.60      7.80      1.03
               rw[119]     -4.54      3.00     -4.82     -9.03      0.11      7.67      1.03
               rw[120]     -4.53      2.97     -4.86     -8.74      0.37      7.55      1.03
               rw[121]     -4.54      2.94     -4.85     -8.64      0.42      7.67      1.03
               rw[122]     -4.52      2.92     -4.77     -8.57      0.35      7.53      1.03
               rw[123]     -4.55      2.95     -4.82     -8.85      0.09      7.66      1.03
               rw[124]     -4.54      2.95     -4.88     -8.98      0.16      7.76      1.02
               rw[125]     -4.50      2.99     -4.80     -9.03      0.56      7.68      1.02
               rw[126]     -4.43      3.01     -4.77     -8.50      1.01      7.47      1.03
               rw[127]     -4.48      3.00     -4.90     -8.82      0.51      7.47      1.03
               rw[128]     -4.56      3.03     -4.82     -9.26      0.22      7.78      1.02
               rw[129]     -4.68      3.03     -5.05     -9.24      0.35      7.83      1.02
               rw[130]     -4.86      3.00     -5.16     -9.64      0.13      7.68      1.02
               rw[131]     -5.09      3.03     -5.33    -10.09     -0.25      7.93      1.01
               rw[132]     -5.36      3.10     -5.69     -9.64      0.12      7.75      1.02
               rw[133]     -5.69      3.09     -6.03    -10.67     -0.81      7.83      1.01
               rw[134]     -5.98      3.11     -6.38    -10.58     -0.86      7.79      1.02
               rw[135]     -6.25      3.07     -6.49    -10.91     -1.21      7.87      1.01
               rw[136]     -6.52      3.11     -6.89    -11.19     -1.34      7.74      1.01
               rw[137]     -6.84      3.13     -7.24    -11.28     -1.40      7.58      1.01
               rw[138]     -7.10      3.12     -7.41    -11.80     -1.91      7.55      1.02
               rw[139]     -7.29      3.15     -7.60    -12.15     -2.13      7.69      1.02
               rw[140]     -7.45      3.12     -7.73    -11.81     -2.05      7.65      1.02
               rw[141]     -7.62      3.09     -7.79    -12.09     -2.43      7.67      1.01
               rw[142]     -7.69      3.07     -7.82    -12.27     -2.75      7.56      1.01
               rw[143]     -7.69      3.09     -7.91    -12.48     -2.77      7.49      1.01
               rw[144]     -7.75      3.14     -8.11    -12.34     -2.46      7.40      1.02
               rw[145]     -7.71      3.17     -8.02    -12.30     -2.26      7.47      1.02
               rw[146]     -7.71      3.15     -8.00    -12.46     -2.52      7.53      1.02
               rw[147]     -7.74      3.10     -7.85    -12.49     -2.66      7.54      1.01
               rw[148]     -7.71      3.10     -7.85    -12.45     -2.62      7.58      1.01
               rw[149]     -7.69      3.22     -7.94    -12.46     -2.37      7.65      1.01
               rw[150]     -7.69      3.20     -7.91    -12.47     -2.31      7.66      1.01
               rw[151]     -7.67      3.19     -7.94    -12.33     -2.27      7.75      1.02
               rw[152]     -7.61      3.19     -7.84    -12.27     -2.22      7.63      1.02
               rw[153]     -7.61      3.21     -7.89    -12.30     -2.08      7.62      1.02
               rw[154]     -7.57      3.23     -7.97    -12.07     -2.00      7.65      1.02
               rw[155]     -7.50      3.17     -7.75    -11.96     -2.31      7.70      1.02
               rw[156]     -7.51      3.17     -7.89    -12.00     -2.09      7.72      1.02
               rw[157]     -7.47      3.15     -7.82    -12.19     -2.54      7.62      1.02
               rw[158]     -7.40      3.20     -7.60    -11.98     -2.02      7.70      1.02
               rw[159]     -7.26      3.21     -7.48    -11.79     -1.77      7.64      1.02
               rw[160]     -7.20      3.25     -7.49    -11.94     -1.64      7.87      1.02
               rw[161]     -7.08      3.22     -7.26    -11.52     -1.44      7.88      1.02
               rw[162]     -7.05      3.22     -7.29    -11.49     -1.53      8.48      1.02
               rw[163]     -6.92      3.15     -7.12    -11.48     -1.62      8.21      1.02
               rw[164]     -6.80      3.11     -7.00    -11.62     -1.86      8.14      1.02
               rw[165]     -6.67      3.04     -6.85    -11.54     -1.92      7.85      1.03
               rw[166]     -6.52      3.06     -6.72    -11.53     -1.82      7.76      1.03
               rw[167]     -6.44      3.05     -6.70    -10.95     -1.33      8.01      1.03
               rw[168]     -6.32      3.07     -6.46    -10.88     -1.26      8.32      1.03
               rw[169]     -6.27      3.07     -6.54    -10.57     -1.06      8.23      1.02
               rw[170]     -6.24      3.08     -6.52    -11.04     -1.43      8.20      1.02
               rw[171]     -6.18      3.07     -6.50    -10.52     -0.82      8.22      1.02
               rw[172]     -6.10      3.06     -6.37    -10.55     -0.95      8.29      1.02
               rw[173]     -6.01      3.06     -6.31    -10.28     -0.89      7.99      1.02
               rw[174]     -5.93      3.03     -6.20    -10.42     -0.90      8.12      1.02
               rw[175]     -5.88      3.07     -6.17    -10.44     -0.72      8.19      1.02
               rw[176]     -5.89      3.10     -6.07    -10.32     -0.57      7.97      1.02
               rw[177]     -5.93      3.09     -6.11    -10.48     -0.60      8.07      1.02
               rw[178]     -6.00      3.08     -6.22    -10.56     -1.02      8.13      1.02
               rw[179]     -6.05      3.09     -6.34    -10.74     -0.90      8.02      1.02
               rw[180]     -6.07      3.11     -6.29    -10.91     -1.20      8.14      1.02
               rw[181]     -6.08      3.07     -6.29    -10.20     -0.51      8.33      1.02
               rw[182]     -6.09      3.06     -6.40    -10.60     -0.71      8.14      1.03
               rw[183]     -6.14      3.07     -6.38    -11.13     -1.41      8.05      1.02
               rw[184]     -6.23      3.06     -6.36    -10.62     -0.84      7.94      1.03
               rw[185]     -6.16      3.04     -6.39    -10.67     -1.19      8.19      1.02
               rw[186]     -6.05      3.02     -6.26    -10.50     -1.02      8.06      1.02
               rw[187]     -5.98      3.00     -6.32    -10.81     -1.13      7.99      1.02
               rw[188]     -5.78      2.99     -6.05    -10.19     -0.76      7.94      1.03
               rw[189]     -5.70      2.99     -5.84    -10.23     -0.79      7.85      1.03
               rw[190]     -5.68      2.98     -5.96    -10.07     -0.80      7.84      1.03
               rw[191]     -5.77      2.98     -6.05     -9.96     -0.86      7.78      1.02
               rw[192]     -5.87      2.97     -6.15    -10.48     -1.26      7.95      1.02
               rw[193]     -5.95      2.96     -6.30    -10.14     -0.84      7.96      1.02
               rw[194]     -6.00      2.97     -6.25    -10.35     -1.11      7.81      1.02
               rw[195]     -6.02      3.01     -6.32    -10.37     -0.95      7.87      1.02
               rw[196]     -6.02      3.00     -6.33    -10.22     -0.84      7.88      1.02
               rw[197]     -6.00      3.00     -6.30    -10.71     -1.20      7.88      1.02
               rw[198]     -5.97      3.01     -6.33    -10.18     -0.70      7.49      1.02
               rw[199]     -5.93      3.00     -6.13    -10.63     -1.06      7.58      1.02
               rw[200]     -5.90      3.08     -6.05    -10.30     -0.62      7.73      1.02
               rw[201]     -5.99      3.05     -6.21    -10.56     -1.02      7.62      1.02
               rw[202]     -6.14      3.03     -6.45    -10.66     -1.23      7.69      1.03
               rw[203]     -6.27      3.05     -6.63    -10.40     -0.74      7.56      1.02
               rw[204]     -6.39      3.03     -6.84    -11.21     -1.54      7.71      1.02
               rw[205]     -6.48      3.01     -6.99    -10.98     -1.48      7.80      1.02
               rw[206]     -6.50      3.02     -6.93    -11.08     -1.71      8.04      1.02
               rw[207]     -6.48      3.04     -6.89    -11.23     -1.88      7.81      1.02
               rw[208]     -6.43      3.05     -6.75    -10.74     -1.13      7.75      1.03
               rw[209]     -6.38      3.01     -6.61    -10.96     -1.37      7.73      1.03
               rw[210]     -6.20      3.03     -6.51    -10.14     -0.61      7.78      1.03
               rw[211]     -6.03      3.04     -6.42    -10.66     -1.11      8.05      1.03
               rw[212]     -5.97      3.06     -6.19    -10.97     -1.16      8.00      1.03
               rw[213]     -5.88      3.03     -6.12    -10.61     -0.84      7.91      1.02
               rw[214]     -5.84      3.06     -6.14    -10.38     -0.57      7.90      1.02
               rw[215]     -5.72      3.10     -6.09    -10.13     -0.44      7.72      1.02
               rw[216]     -5.60      3.09     -5.90    -10.52     -1.00      7.74      1.02
               rw[217]     -5.45      3.09     -5.69     -9.59     -0.06      7.59      1.02
               rw[218]     -5.39      3.06     -5.62    -10.10     -0.48      7.52      1.02
               rw[219]     -5.36      3.08     -5.57     -9.87     -0.22      7.67      1.02
               rw[220]     -5.26      3.13     -5.57     -9.93     -0.25      7.80      1.02
               rw[221]     -5.16      3.12     -5.46     -9.81     -0.08      7.68      1.02
               rw[222]     -5.08      3.14     -5.21    -10.04     -0.12      7.95      1.02
               rw[223]     -5.13      3.19     -5.33     -9.70      0.50      8.17      1.02
               rw[224]     -5.12      3.28     -5.32    -10.20      0.22      8.68      1.02
               rw[225]     -5.10      3.40     -5.41    -10.26      0.58      9.39      1.02
               rw[226]     -5.16      3.49     -5.37    -10.33      0.92     10.38      1.02
               rw[227]     -5.19      3.63     -5.30    -10.79      0.83     10.73      1.02
                 sigma      0.22      0.02      0.22      0.19      0.26    894.69      1.00

Number of divergences: 0
