
                            mean       std    median      5.0%     95.0%     n_eff     r_hat
                    D0      3.96     32.63      0.85      0.00      4.95    539.33      1.00
                    E0      9.91     10.10      6.97      0.05     22.29     52.94      1.01
                    H0      4.10      2.68      3.56      0.35      7.48   1097.09      1.00
                    I0      5.88      7.96      3.35      0.02     13.68     50.68      1.00
                 beta0      1.03      0.62      1.04      0.21      1.83      6.89      1.02
  confirmed_dispersion      0.21      0.04      0.21      0.15      0.27    957.47      1.00
      death_dispersion      0.85      0.09      0.84      0.70      0.99   1365.45      1.00
            death_prob      0.01      0.00      0.01      0.01      0.02     23.83      1.00
            death_rate      0.03      0.01      0.03      0.02      0.04    212.20      1.01
           det_prob[0]      0.29      0.07      0.28      0.16      0.39    155.99      1.01
           det_prob[1]      0.29      0.08      0.28      0.16      0.41    129.86      1.01
           det_prob[2]      0.29      0.09      0.28      0.15      0.43    119.24      1.01
           det_prob[3]      0.30      0.10      0.28      0.15      0.45    111.01      1.01
           det_prob[4]      0.30      0.10      0.29      0.14      0.45     97.29      1.01
           det_prob[5]      0.31      0.11      0.29      0.14      0.47     93.89      1.03
           det_prob[6]      0.31      0.11      0.30      0.14      0.47     79.23      1.02
           det_prob[7]      0.32      0.11      0.30      0.13      0.48     63.53      1.02
           det_prob[8]      0.32      0.12      0.31      0.13      0.50     46.86      1.03
           det_prob[9]      0.32      0.12      0.31      0.13      0.52     39.50      1.02
          det_prob[10]      0.32      0.12      0.31      0.12      0.50     37.71      1.03
          det_prob[11]      0.33      0.13      0.31      0.13      0.53     36.05      1.03
          det_prob[12]      0.33      0.13      0.31      0.13      0.54     26.89      1.04
          det_prob[13]      0.34      0.14      0.32      0.12      0.54     28.99      1.04
          det_prob[14]      0.35      0.14      0.33      0.13      0.55     29.30      1.04
          det_prob[15]      0.35      0.14      0.34      0.13      0.58     26.10      1.04
          det_prob[16]      0.37      0.14      0.35      0.14      0.58     23.76      1.04
          det_prob[17]      0.39      0.14      0.37      0.15      0.61     25.17      1.04
          det_prob[18]      0.40      0.15      0.38      0.15      0.62     27.51      1.04
          det_prob[19]      0.41      0.15      0.40      0.16      0.64     27.77      1.04
          det_prob[20]      0.42      0.15      0.41      0.17      0.66     25.59      1.04
          det_prob[21]      0.43      0.15      0.43      0.18      0.67     23.69      1.04
          det_prob[22]      0.45      0.15      0.44      0.21      0.71     26.50      1.04
          det_prob[23]      0.46      0.16      0.45      0.21      0.70     27.43      1.04
          det_prob[24]      0.47      0.16      0.47      0.22      0.72     25.51      1.03
          det_prob[25]      0.48      0.16      0.47      0.23      0.73     25.87      1.03
          det_prob[26]      0.48      0.16      0.47      0.22      0.73     27.12      1.03
          det_prob[27]      0.50      0.16      0.48      0.24      0.75     26.32      1.03
          det_prob[28]      0.51      0.16      0.50      0.26      0.77     28.43      1.03
          det_prob[29]      0.52      0.16      0.51      0.29      0.81     28.90      1.02
          det_prob[30]      0.53      0.16      0.52      0.31      0.82     28.61      1.02
          det_prob[31]      0.54      0.16      0.54      0.29      0.81     28.74      1.02
          det_prob[32]      0.56      0.16      0.55      0.34      0.83     27.32      1.02
          det_prob[33]      0.57      0.15      0.57      0.34      0.84     27.20      1.03
          det_prob[34]      0.59      0.15      0.58      0.36      0.85     27.52      1.02
          det_prob[35]      0.60      0.15      0.60      0.39      0.87     26.00      1.02
          det_prob[36]      0.61      0.15      0.61      0.38      0.87     26.77      1.02
          det_prob[37]      0.62      0.15      0.62      0.43      0.90     25.69      1.01
          det_prob[38]      0.64      0.14      0.63      0.42      0.88     27.07      1.01
          det_prob[39]      0.64      0.14      0.65      0.44      0.90     26.75      1.01
          det_prob[40]      0.65      0.14      0.65      0.44      0.90     25.89      1.01
          det_prob[41]      0.66      0.14      0.65      0.44      0.90     25.45      1.00
          det_prob[42]      0.65      0.15      0.65      0.41      0.89     25.67      1.00
          det_prob[43]      0.65      0.15      0.65      0.44      0.93     24.60      1.00
          det_prob[44]      0.65      0.15      0.65      0.42      0.92     24.67      1.00
          det_prob[45]      0.64      0.16      0.64      0.42      0.94     23.83      1.00
          det_prob[46]      0.63      0.16      0.63      0.40      0.93     23.05      1.00
          det_prob[47]      0.63      0.17      0.64      0.40      0.94     23.40      1.00
          det_prob[48]      0.63      0.17      0.63      0.38      0.92     22.13      1.00
          det_prob[49]      0.63      0.17      0.64      0.37      0.93     22.75      1.00
          det_prob[50]      0.63      0.17      0.64      0.38      0.94     22.68      1.00
          det_prob[51]      0.63      0.17      0.63      0.38      0.95     21.88      1.00
          det_prob[52]      0.63      0.18      0.63      0.37      0.95     21.77      1.00
          det_prob[53]      0.63      0.18      0.63      0.36      0.95     21.89      1.01
          det_prob[54]      0.63      0.18      0.64      0.37      0.96     22.00      1.01
          det_prob[55]      0.64      0.18      0.64      0.37      0.95     22.16      1.01
          det_prob[56]      0.64      0.18      0.65      0.37      0.96     22.00      1.01
          det_prob[57]      0.65      0.18      0.66      0.37      0.95     21.99      1.01
          det_prob[58]      0.65      0.18      0.67      0.37      0.96     22.04      1.01
          det_prob[59]      0.66      0.18      0.68      0.38      0.96     21.81      1.01
          det_prob[60]      0.67      0.18      0.69      0.41      0.98     21.96      1.01
          det_prob[61]      0.68      0.18      0.70      0.42      0.97     21.94      1.02
          det_prob[62]      0.70      0.17      0.72      0.45      0.97     22.36      1.01
          det_prob[63]      0.72      0.16      0.74      0.47      0.97     22.08      1.01
          det_prob[64]      0.73      0.15      0.75      0.50      0.97     21.77      1.01
          det_prob[65]      0.74      0.15      0.76      0.53      0.98     21.78      1.01
          det_prob[66]      0.74      0.15      0.76      0.51      0.97     22.21      1.01
          det_prob[67]      0.74      0.16      0.76      0.50      0.97     22.52      1.01
          det_prob[68]      0.73      0.16      0.76      0.50      0.98     22.97      1.02
          det_prob[69]      0.73      0.16      0.76      0.50      0.98     22.86      1.02
          det_prob[70]      0.73      0.16      0.76      0.50      0.98     22.52      1.01
          det_prob[71]      0.74      0.16      0.76      0.50      0.98     22.56      1.01
          det_prob[72]      0.74      0.16      0.77      0.51      0.98     23.38      1.01
          det_prob[73]      0.74      0.17      0.76      0.50      0.98     22.67      1.01
          det_prob[74]      0.74      0.16      0.77      0.49      0.98     22.58      1.01
          det_prob[75]      0.75      0.16      0.77      0.51      0.99     22.54      1.01
          det_prob[76]      0.75      0.16      0.78      0.53      0.99     22.72      1.01
          det_prob[77]      0.76      0.15      0.79      0.53      0.99     22.69      1.01
          det_prob[78]      0.77      0.14      0.79      0.56      0.98     22.24      1.01
          det_prob[79]      0.78      0.14      0.80      0.57      0.99     23.38      1.01
          det_prob[80]      0.78      0.15      0.80      0.57      0.99     23.36      1.01
          det_prob[81]      0.77      0.15      0.80      0.56      0.99     22.84      1.01
          det_prob[82]      0.78      0.15      0.80      0.56      0.99     22.74      1.01
          det_prob[83]      0.78      0.15      0.81      0.57      0.99     22.60      1.01
          det_prob[84]      0.78      0.15      0.80      0.58      0.99     22.98      1.01
          det_prob[85]      0.78      0.15      0.81      0.58      0.99     23.27      1.01
          det_prob[86]      0.78      0.15      0.81      0.57      0.99     23.62      1.00
          det_prob[87]      0.79      0.15      0.81      0.58      1.00     23.95      1.00
          det_prob[88]      0.79      0.15      0.82      0.57      0.99     24.26      1.00
          det_prob[89]      0.79      0.15      0.82      0.58      0.99     24.41      1.00
          det_prob[90]      0.79      0.15      0.82      0.58      0.99     24.31      1.00
          det_prob[91]      0.79      0.15      0.83      0.57      0.99     24.35      1.00
          det_prob[92]      0.80      0.15      0.83      0.57      0.99     24.38      1.00
          det_prob[93]      0.80      0.15      0.83      0.58      0.99     25.07      1.00
          det_prob[94]      0.80      0.15      0.83      0.58      0.99     25.32      1.00
          det_prob[95]      0.80      0.15      0.84      0.57      0.99     24.62      1.00
          det_prob[96]      0.80      0.15      0.84      0.57      0.99     24.73      1.00
          det_prob[97]      0.81      0.15      0.84      0.58      1.00     25.33      1.00
          det_prob[98]      0.81      0.15      0.84      0.58      1.00     25.00      1.00
          det_prob[99]      0.81      0.15      0.84      0.58      1.00     24.93      1.00
         det_prob[100]      0.81      0.15      0.85      0.58      0.99     25.21      1.00
         det_prob[101]      0.81      0.16      0.85      0.57      1.00     25.10      1.00
         det_prob[102]      0.81      0.16      0.85      0.58      1.00     24.80      1.00
         det_prob[103]      0.81      0.16      0.85      0.58      1.00     24.14      1.00
         det_prob[104]      0.81      0.16      0.86      0.58      1.00     23.58      1.00
         det_prob[105]      0.81      0.16      0.85      0.57      1.00     22.60      1.00
         det_prob[106]      0.81      0.16      0.86      0.58      1.00     23.00      1.00
         det_prob[107]      0.81      0.16      0.85      0.57      1.00     22.32      1.00
         det_prob[108]      0.81      0.17      0.86      0.57      1.00     21.93      1.00
         det_prob[109]      0.81      0.17      0.86      0.57      1.00     21.87      1.00
         det_prob[110]      0.81      0.17      0.86      0.56      1.00     22.07      1.00
         det_prob[111]      0.82      0.17      0.86      0.56      1.00     21.45      1.00
         det_prob[112]      0.82      0.17      0.86      0.56      1.00     21.33      1.00
         det_prob[113]      0.82      0.16      0.86      0.58      1.00     21.32      1.00
         det_prob[114]      0.82      0.16      0.87      0.57      1.00     21.21      1.01
         det_prob[115]      0.82      0.16      0.87      0.58      1.00     20.76      1.01
         det_prob[116]      0.82      0.16      0.86      0.58      1.00     20.40      1.01
         det_prob[117]      0.83      0.16      0.87      0.59      1.00     20.47      1.01
         det_prob[118]      0.83      0.16      0.88      0.59      1.00     20.44      1.01
         det_prob[119]      0.83      0.16      0.88      0.61      1.00     19.98      1.01
         det_prob[120]      0.83      0.16      0.88      0.60      1.00     19.96      1.01
         det_prob[121]      0.83      0.16      0.89      0.60      1.00     20.03      1.01
         det_prob[122]      0.83      0.16      0.89      0.59      1.00     19.45      1.01
         det_prob[123]      0.84      0.16      0.89      0.60      1.00     19.34      1.01
         det_prob[124]      0.84      0.15      0.89      0.60      1.00     19.33      1.00
         det_prob[125]      0.84      0.15      0.89      0.61      1.00     19.38      1.00
         det_prob[126]      0.84      0.15      0.89      0.61      1.00     19.04      1.00
         det_prob[127]      0.84      0.15      0.89      0.62      1.00     18.67      1.00
         det_prob[128]      0.84      0.15      0.90      0.62      1.00     18.74      1.00
         det_prob[129]      0.84      0.15      0.90      0.61      1.00     18.27      1.00
         det_prob[130]      0.85      0.15      0.90      0.62      1.00     18.27      1.00
         det_prob[131]      0.85      0.15      0.90      0.63      1.00     18.07      1.00
         det_prob[132]      0.85      0.15      0.90      0.64      1.00     18.04      1.01
         det_prob[133]      0.85      0.15      0.90      0.64      1.00     18.28      1.01
         det_prob[134]      0.86      0.15      0.91      0.65      1.00     18.17      1.01
         det_prob[135]      0.86      0.15      0.91      0.65      1.00     17.80      1.01
         det_prob[136]      0.86      0.15      0.91      0.64      1.00     17.81      1.01
         det_prob[137]      0.86      0.14      0.91      0.66      1.00     17.70      1.01
         det_prob[138]      0.87      0.14      0.91      0.68      1.00     17.57      1.01
         det_prob[139]      0.87      0.14      0.92      0.68      1.00     17.69      1.01
         det_prob[140]      0.87      0.14      0.92      0.68      1.00     17.62      1.01
         det_prob[141]      0.87      0.13      0.92      0.69      1.00     17.67      1.01
         det_prob[142]      0.88      0.13      0.92      0.70      1.00     17.99      1.01
         det_prob[143]      0.88      0.13      0.92      0.70      1.00     18.19      1.01
         det_prob[144]      0.88      0.13      0.92      0.70      1.00     18.16      1.01
         det_prob[145]      0.88      0.13      0.93      0.71      1.00     18.09      1.01
         det_prob[146]      0.89      0.13      0.93      0.72      1.00     18.18      1.01
         det_prob[147]      0.89      0.13      0.93      0.72      1.00     18.24      1.01
         det_prob[148]      0.89      0.12      0.94      0.71      1.00     17.91      1.01
         det_prob[149]      0.89      0.12      0.94      0.73      1.00     17.88      1.01
         det_prob[150]      0.90      0.12      0.94      0.73      1.00     17.68      1.01
         det_prob[151]      0.90      0.12      0.94      0.74      1.00     17.62      1.01
         det_prob[152]      0.90      0.11      0.94      0.74      1.00     17.88      1.01
         det_prob[153]      0.90      0.11      0.94      0.74      1.00     17.71      1.01
         det_prob[154]      0.90      0.11      0.94      0.74      1.00     17.77      1.01
         det_prob[155]      0.90      0.11      0.95      0.76      1.00     17.85      1.01
         det_prob[156]      0.90      0.11      0.95      0.76      1.00     17.84      1.01
         det_prob[157]      0.91      0.11      0.95      0.76      1.00     18.28      1.01
         det_prob[158]      0.91      0.11      0.95      0.76      1.00     18.33      1.01
         det_prob[159]      0.91      0.11      0.95      0.76      1.00     17.98      1.01
         det_prob[160]      0.91      0.11      0.95      0.76      1.00     18.05      1.01
         det_prob[161]      0.91      0.11      0.95      0.75      1.00     18.15      1.01
         det_prob[162]      0.91      0.10      0.95      0.77      1.00     17.89      1.01
         det_prob[163]      0.91      0.10      0.95      0.76      1.00     17.64      1.01
         det_prob[164]      0.91      0.10      0.96      0.77      1.00     17.71      1.01
         det_prob[165]      0.91      0.11      0.95      0.77      1.00     17.83      1.01
         det_prob[166]      0.91      0.10      0.95      0.77      1.00     17.83      1.01
         det_prob[167]      0.92      0.10      0.95      0.78      1.00     17.50      1.00
         det_prob[168]      0.92      0.10      0.96      0.78      1.00     17.59      1.01
         det_prob[169]      0.92      0.10      0.96      0.78      1.00     17.69      1.01
         det_prob[170]      0.92      0.10      0.96      0.78      1.00     17.81      1.00
         det_prob[171]      0.92      0.10      0.96      0.78      1.00     17.94      1.00
         det_prob[172]      0.92      0.10      0.96      0.78      1.00     18.06      1.00
         det_prob[173]      0.92      0.10      0.96      0.78      1.00     18.07      1.00
         det_prob[174]      0.92      0.09      0.96      0.79      1.00     18.36      1.00
         det_prob[175]      0.92      0.09      0.96      0.79      1.00     17.72      1.00
         det_prob[176]      0.92      0.09      0.96      0.79      1.00     17.88      1.00
         det_prob[177]      0.93      0.09      0.96      0.80      1.00     18.11      1.00
         det_prob[178]      0.92      0.09      0.96      0.80      1.00     18.08      1.00
         det_prob[179]      0.92      0.09      0.96      0.79      1.00     18.18      1.00
         det_prob[180]      0.92      0.10      0.96      0.79      1.00     18.30      1.00
         det_prob[181]      0.92      0.10      0.96      0.78      1.00     18.24      1.00
         det_prob[182]      0.92      0.10      0.96      0.77      1.00     17.83      1.00
         det_prob[183]      0.92      0.10      0.96      0.76      1.00     18.02      1.00
         det_prob[184]      0.91      0.11      0.96      0.75      1.00     18.38      1.00
         det_prob[185]      0.91      0.11      0.96      0.74      1.00     18.14      1.00
         det_prob[186]      0.91      0.11      0.96      0.73      1.00     17.66      1.00
         det_prob[187]      0.91      0.12      0.96      0.72      1.00     17.67      1.00
         det_prob[188]      0.91      0.12      0.96      0.72      1.00     17.93      1.00
         det_prob[189]      0.91      0.12      0.96      0.71      1.00     17.97      1.00
         det_prob[190]      0.91      0.12      0.96      0.71      1.00     18.27      1.00
         det_prob[191]      0.90      0.13      0.96      0.71      1.00     18.14      1.00
         det_prob[192]      0.90      0.12      0.96      0.71      1.00     18.10      1.00
         det_prob[193]      0.90      0.13      0.96      0.70      1.00     18.20      1.00
         det_prob[194]      0.90      0.13      0.96      0.71      1.00     18.29      1.00
         det_prob[195]      0.90      0.13      0.96      0.71      1.00     18.25      1.00
         det_prob[196]      0.90      0.13      0.96      0.71      1.00     18.13      1.00
         det_prob[197]      0.90      0.13      0.96      0.70      1.00     17.89      1.00
         det_prob[198]      0.90      0.13      0.96      0.70      1.00     17.77      1.00
         det_prob[199]      0.90      0.14      0.96      0.69      1.00     17.43      1.00
         det_prob[200]      0.89      0.14      0.96      0.68      1.00     17.46      1.00
         det_prob[201]      0.89      0.14      0.96      0.68      1.00     17.34      1.00
         det_prob[202]      0.89      0.14      0.96      0.68      1.00     17.60      1.00
         det_prob[203]      0.89      0.14      0.96      0.67      1.00     17.63      1.00
         det_prob[204]      0.89      0.14      0.96      0.66      1.00     17.32      1.00
         det_prob[205]      0.89      0.14      0.96      0.66      1.00     17.08      1.00
         det_prob[206]      0.89      0.15      0.96      0.65      1.00     17.36      1.00
         det_prob[207]      0.88      0.15      0.96      0.64      1.00     17.45      1.00
         det_prob[208]      0.88      0.15      0.96      0.63      1.00     17.14      1.00
         det_prob[209]      0.88      0.16      0.96      0.63      1.00     17.25      1.00
         det_prob[210]      0.88      0.16      0.96      0.63      1.00     17.27      1.00
         det_prob[211]      0.88      0.16      0.96      0.63      1.00     17.39      1.00
         det_prob[212]      0.88      0.16      0.96      0.63      1.00     17.70      1.00
         det_prob[213]      0.88      0.16      0.96      0.62      1.00     17.58      1.00
         det_prob[214]      0.88      0.16      0.96      0.61      1.00     17.67      1.00
         det_prob[215]      0.88      0.16      0.96      0.60      1.00     17.46      1.00
         det_prob[216]      0.88      0.16      0.96      0.61      1.00     17.69      1.00
         det_prob[217]      0.88      0.16      0.96      0.61      1.00     17.69      1.00
         det_prob[218]      0.88      0.16      0.96      0.63      1.00     17.61      1.00
         det_prob[219]      0.88      0.16      0.96      0.64      1.00     17.66      1.00
         det_prob[220]      0.88      0.16      0.96      0.63      1.00     18.26      1.00
         det_prob[221]      0.88      0.16      0.96      0.63      1.00     18.82      1.00
         det_prob[222]      0.88      0.17      0.96      0.61      1.00     19.00      1.00
         det_prob[223]      0.88      0.17      0.96      0.62      1.00     19.28      1.00
         det_prob[224]      0.88      0.17      0.96      0.61      1.00     19.53      1.00
         det_prob[225]      0.87      0.17      0.96      0.60      1.00     19.90      1.00
         det_prob[226]      0.87      0.17      0.96      0.60      1.00     19.92      1.00
         det_prob[227]      0.87      0.17      0.96      0.59      1.00     20.27      1.00
             det_prob0      0.29      0.06      0.28      0.19      0.38    215.72      1.01
            det_prob_d      0.90      0.03      0.90      0.85      0.95   1422.70      1.00
                 gamma      0.48      0.05      0.48      0.40      0.56   1150.50      1.00
                 rw[0]     -0.26      1.04     -0.27     -1.94      1.37     49.93      1.00
                 rw[1]     -0.46      1.46     -0.51     -2.82      1.97     26.48      1.01
                 rw[2]     -0.61      1.79     -0.67     -3.46      2.40     16.14      1.01
                 rw[3]     -0.69      2.03     -0.84     -3.86      2.86     13.35      1.01
                 rw[4]     -0.71      2.32     -0.93     -4.01      3.58     10.99      1.02
                 rw[5]     -0.77      2.56     -0.99     -4.70      3.61      9.24      1.02
                 rw[6]     -0.83      2.74     -1.00     -5.24      3.55      8.65      1.02
                 rw[7]     -0.88      2.92     -1.16     -5.55      3.84      8.03      1.02
                 rw[8]     -0.81      3.11     -1.08     -5.20      5.00      7.55      1.02
                 rw[9]     -0.73      3.26     -1.23     -5.86      4.55      7.21      1.02
                rw[10]     -0.60      3.36     -1.04     -6.28      4.45      6.89      1.03
                rw[11]     -0.42      3.50     -0.90     -5.25      5.69      6.64      1.03
                rw[12]     -0.24      3.62     -0.63     -5.38      5.95      6.68      1.02
                rw[13]      0.02      3.68     -0.47     -5.52      5.80      6.55      1.02
                rw[14]      0.31      3.74     -0.35     -5.06      6.50      6.44      1.02
                rw[15]      0.54      3.78     -0.14     -4.91      6.67      6.53      1.01
                rw[16]      0.81      3.82      0.15     -4.47      7.17      6.42      1.01
                rw[17]      0.96      3.87      0.22     -4.24      7.49      6.43      1.02
                rw[18]      1.06      3.84      0.40     -4.76      6.96      6.48      1.01
                rw[19]      1.09      3.84      0.36     -4.28      7.42      6.38      1.01
                rw[20]      1.10      3.78      0.33     -4.26      7.33      6.39      1.01
                rw[21]      1.14      3.74      0.46     -4.44      6.99      6.37      1.01
                rw[22]      1.03      3.74      0.32     -4.26      7.33      6.42      1.01
                rw[23]      0.94      3.78      0.35     -4.59      7.22      6.29      1.01
                rw[24]      0.83      3.78      0.25     -4.65      7.11      6.33      1.01
                rw[25]      0.69      3.73     -0.01     -4.38      7.07      6.24      1.01
                rw[26]      0.60      3.70     -0.09     -5.21      6.15      6.16      1.01
                rw[27]      0.51      3.69     -0.07     -4.74      6.51      6.11      1.01
                rw[28]      0.43      3.70     -0.23     -4.92      6.26      6.10      1.01
                rw[29]      0.30      3.66     -0.43     -4.72      6.33      6.03      1.01
                rw[30]      0.25      3.68     -0.60     -4.71      6.32      6.03      1.02
                rw[31]      0.19      3.61     -0.59     -4.60      6.33      6.02      1.01
                rw[32]      0.14      3.65     -0.67     -5.00      5.89      6.07      1.01
                rw[33]      0.12      3.65     -0.62     -5.19      5.84      6.08      1.01
                rw[34]      0.04      3.68     -0.55     -5.23      5.71      6.15      1.01
                rw[35]     -0.10      3.68     -0.82     -5.62      5.43      6.09      1.01
                rw[36]     -0.24      3.65     -1.08     -5.49      5.53      6.19      1.01
                rw[37]     -0.45      3.68     -1.12     -5.43      5.76      6.27      1.01
                rw[38]     -0.71      3.67     -1.31     -5.82      5.43      6.29      1.01
                rw[39]     -1.06      3.74     -1.76     -6.46      5.13      6.18      1.01
                rw[40]     -1.47      3.74     -2.10     -6.98      4.47      6.16      1.01
                rw[41]     -1.90      3.71     -2.56     -6.87      4.38      6.16      1.01
                rw[42]     -2.35      3.68     -3.17     -7.37      3.77      6.08      1.01
                rw[43]     -2.72      3.68     -3.33     -7.73      3.38      6.09      1.01
                rw[44]     -2.98      3.67     -3.54     -8.62      2.46      6.12      1.01
                rw[45]     -3.22      3.71     -3.90     -8.12      3.03      6.13      1.01
                rw[46]     -3.41      3.70     -4.00     -8.52      2.77      6.21      1.01
                rw[47]     -3.58      3.69     -4.18     -8.90      2.31      6.08      1.01
                rw[48]     -3.64      3.70     -4.19     -9.04      2.27      6.18      1.01
                rw[49]     -3.74      3.68     -4.27     -9.34      1.88      6.20      1.01
                rw[50]     -3.83      3.68     -4.41     -8.94      2.18      6.22      1.01
                rw[51]     -3.88      3.65     -4.37     -8.70      2.41      6.26      1.00
                rw[52]     -3.88      3.68     -4.54     -9.34      1.86      6.33      1.01
                rw[53]     -3.84      3.67     -4.41     -9.19      2.09      6.35      1.01
                rw[54]     -3.69      3.64     -4.39     -8.73      2.46      6.29      1.01
                rw[55]     -3.55      3.62     -4.25     -8.69      2.37      6.29      1.01
                rw[56]     -3.41      3.62     -4.05     -8.46      2.53      6.24      1.01
                rw[57]     -3.22      3.61     -3.83     -8.03      2.90      6.21      1.01
                rw[58]     -3.03      3.61     -3.73     -7.86      3.20      6.24      1.02
                rw[59]     -2.83      3.60     -3.54     -8.00      3.09      6.51      1.02
                rw[60]     -2.67      3.66     -3.43     -7.70      3.58      6.44      1.02
                rw[61]     -2.55      3.60     -3.23     -7.47      3.43      6.26      1.02
                rw[62]     -2.57      3.58     -3.18     -7.67      3.29      6.24      1.02
                rw[63]     -2.68      3.62     -3.19     -7.92      3.01      6.41      1.02
                rw[64]     -2.97      3.62     -3.65     -8.47      2.77      6.44      1.01
                rw[65]     -3.41      3.66     -4.09     -8.30      2.87      6.45      1.01
                rw[66]     -3.77      3.65     -4.36     -9.00      2.23      6.42      1.01
                rw[67]     -4.05      3.64     -4.51     -9.52      1.79      6.47      1.01
                rw[68]     -4.20      3.62     -4.71     -9.27      1.87      6.43      1.01
                rw[69]     -4.28      3.67     -4.83     -9.63      1.53      6.33      1.01
                rw[70]     -4.25      3.63     -4.90     -9.21      1.77      6.35      1.02
                rw[71]     -4.21      3.69     -4.90     -9.55      1.65      6.39      1.01
                rw[72]     -4.14      3.69     -4.71     -9.77      1.49      6.31      1.01
                rw[73]     -3.97      3.64     -4.48     -9.28      1.74      6.35      1.01
                rw[74]     -3.75      3.66     -4.17     -8.96      2.28      6.34      1.01
                rw[75]     -3.55      3.65     -3.98     -8.35      2.79      6.34      1.01
                rw[76]     -3.44      3.66     -3.92     -8.58      2.59      6.48      1.01
                rw[77]     -3.30      3.64     -3.79     -8.63      2.49      6.40      1.02
                rw[78]     -3.28      3.65     -3.74     -8.76      2.45      6.50      1.01
                rw[79]     -3.39      3.61     -3.84     -8.60      2.44      6.34      1.01
                rw[80]     -3.46      3.63     -4.08     -8.59      2.54      6.32      1.02
                rw[81]     -3.45      3.67     -4.11     -8.70      2.44      6.41      1.02
                rw[82]     -3.49      3.69     -4.19     -8.80      2.42      6.38      1.02
                rw[83]     -3.47      3.63     -4.00     -8.49      2.82      6.36      1.02
                rw[84]     -3.42      3.65     -4.07     -8.99      2.21      6.36      1.02
                rw[85]     -3.39      3.69     -4.04     -8.73      2.73      6.38      1.02
                rw[86]     -3.39      3.66     -4.03     -8.82      2.48      6.35      1.02
                rw[87]     -3.33      3.64     -4.03     -8.38      2.91      6.40      1.02
                rw[88]     -3.20      3.61     -3.79     -8.43      2.57      6.52      1.02
                rw[89]     -3.16      3.61     -3.83     -8.07      3.07      6.51      1.02
                rw[90]     -3.09      3.60     -3.67     -8.15      3.06      6.49      1.02
                rw[91]     -3.11      3.59     -3.75     -8.22      2.89      6.41      1.02
                rw[92]     -3.04      3.55     -3.60     -8.16      2.66      6.36      1.02
                rw[93]     -3.03      3.57     -3.63     -8.28      2.74      6.32      1.01
                rw[94]     -3.02      3.60     -3.68     -8.61      2.54      6.28      1.01
                rw[95]     -3.04      3.60     -3.66     -8.06      2.87      6.19      1.01
                rw[96]     -3.06      3.57     -3.75     -8.08      2.67      6.12      1.01
                rw[97]     -3.07      3.60     -3.76     -7.82      3.13      6.10      1.01
                rw[98]     -3.01      3.58     -3.70     -8.63      2.20      6.04      1.01
                rw[99]     -3.06      3.56     -3.60     -8.64      2.34      6.03      1.01
               rw[100]     -3.20      3.56     -3.74     -8.18      2.66      6.08      1.01
               rw[101]     -3.23      3.59     -3.84     -8.46      2.51      6.25      1.01
               rw[102]     -3.19      3.61     -3.89     -8.29      2.96      6.22      1.01
               rw[103]     -3.17      3.63     -3.95     -8.51      2.57      6.19      1.01
               rw[104]     -3.14      3.57     -3.98     -8.17      2.75      6.27      1.01
               rw[105]     -3.13      3.58     -3.73     -8.29      2.77      6.24      1.01
               rw[106]     -3.12      3.56     -3.82     -8.13      2.92      6.22      1.01
               rw[107]     -3.07      3.57     -3.64     -7.71      3.27      6.16      1.01
               rw[108]     -3.04      3.64     -3.62     -8.48      2.47      6.12      1.01
               rw[109]     -3.03      3.62     -3.52     -8.23      2.76      6.36      1.01
               rw[110]     -2.99      3.61     -3.52     -7.89      3.13      6.43      1.01
               rw[111]     -2.92      3.60     -3.53     -7.98      3.09      6.44      1.01
               rw[112]     -2.85      3.62     -3.50     -7.78      3.50      6.56      1.01
               rw[113]     -2.87      3.62     -3.43     -8.31      2.94      6.34      1.02
               rw[114]     -2.88      3.61     -3.40     -8.51      2.70      6.41      1.01
               rw[115]     -2.93      3.63     -3.51     -7.87      3.25      6.42      1.01
               rw[116]     -2.91      3.66     -3.58     -7.70      3.46      6.43      1.02
               rw[117]     -2.91      3.59     -3.51     -8.12      2.80      6.39      1.02
               rw[118]     -2.96      3.60     -3.52     -8.11      2.96      6.38      1.02
               rw[119]     -2.95      3.64     -3.61     -7.98      3.14      6.32      1.02
               rw[120]     -2.93      3.58     -3.41     -7.72      3.28      6.30      1.02
               rw[121]     -2.95      3.57     -3.55     -7.87      2.98      6.40      1.02
               rw[122]     -2.92      3.60     -3.55     -7.90      2.97      6.29      1.02
               rw[123]     -2.96      3.60     -3.54     -8.06      2.77      6.38      1.02
               rw[124]     -2.98      3.56     -3.68     -7.94      2.79      6.42      1.01
               rw[125]     -3.01      3.58     -3.73     -8.04      2.97      6.33      1.01
               rw[126]     -3.01      3.59     -3.80     -8.14      2.85      6.21      1.02
               rw[127]     -3.07      3.62     -3.78     -8.30      2.61      6.23      1.02
               rw[128]     -3.08      3.60     -3.74     -8.41      2.53      6.30      1.02
               rw[129]     -3.00      3.58     -3.56     -8.18      2.97      6.35      1.01
               rw[130]     -2.88      3.55     -3.45     -8.51      2.59      6.23      1.01
               rw[131]     -2.76      3.56     -3.40     -7.88      3.15      6.27      1.01
               rw[132]     -2.66      3.61     -3.38     -7.71      3.47      6.18      1.01
               rw[133]     -2.63      3.62     -3.30     -8.14      2.90      6.25      1.01
               rw[134]     -2.55      3.62     -3.20     -7.54      3.64      6.28      1.01
               rw[135]     -2.53      3.57     -3.14     -7.35      3.41      6.36      1.01
               rw[136]     -2.44      3.58     -3.14     -7.42      3.59      6.31      1.01
               rw[137]     -2.41      3.62     -3.07     -7.21      3.90      6.26      1.01
               rw[138]     -2.36      3.62     -2.98     -7.44      3.80      6.29      1.02
               rw[139]     -2.34      3.64     -2.89     -7.37      3.64      6.28      1.02
               rw[140]     -2.28      3.61     -2.81     -7.29      3.76      6.30      1.02
               rw[141]     -2.33      3.56     -2.95     -7.29      3.61      6.28      1.01
               rw[142]     -2.35      3.51     -2.94     -7.07      3.66      6.28      1.01
               rw[143]     -2.38      3.52     -2.92     -7.61      3.08      6.20      1.01
               rw[144]     -2.47      3.59     -3.30     -7.67      3.11      6.13      1.02
               rw[145]     -2.49      3.59     -3.15     -7.87      3.13      6.16      1.02
               rw[146]     -2.56      3.56     -3.17     -7.78      3.00      6.17      1.02
               rw[147]     -2.63      3.53     -3.07     -8.04      2.79      6.23      1.01
               rw[148]     -2.66      3.52     -3.22     -7.61      3.14      6.33      1.02
               rw[149]     -2.72      3.62     -3.36     -8.03      3.11      6.32      1.01
               rw[150]     -2.75      3.60     -3.26     -7.72      3.31      6.38      1.01
               rw[151]     -2.78      3.57     -3.43     -7.92      3.03      6.22      1.02
               rw[152]     -2.71      3.57     -3.28     -7.80      3.02      6.23      1.02
               rw[153]     -2.71      3.60     -3.32     -7.82      3.15      6.28      1.02
               rw[154]     -2.68      3.64     -3.34     -7.70      3.40      6.26      1.02
               rw[155]     -2.63      3.57     -3.38     -7.63      3.17      6.27      1.02
               rw[156]     -2.61      3.58     -3.35     -7.33      3.45      6.15      1.02
               rw[157]     -2.57      3.54     -3.35     -7.69      3.06      6.17      1.02
               rw[158]     -2.50      3.61     -3.12     -7.52      3.38      6.26      1.01
               rw[159]     -2.27      3.63     -2.97     -7.27      3.85      6.20      1.02
               rw[160]     -2.13      3.66     -2.64     -7.34      4.01      6.32      1.02
               rw[161]     -1.95      3.64     -2.64     -7.09      4.01      6.35      1.02
               rw[162]     -1.85      3.61     -2.55     -6.52      4.51      6.54      1.02
               rw[163]     -1.66      3.55     -2.27     -6.58      4.43      6.56      1.02
               rw[164]     -1.52      3.52     -2.27     -7.09      3.75      6.47      1.02
               rw[165]     -1.40      3.49     -2.09     -6.36      4.11      6.25      1.02
               rw[166]     -1.22      3.53     -1.88     -6.27      4.32      6.17      1.02
               rw[167]     -1.11      3.52     -1.77     -5.97      4.60      6.24      1.02
               rw[168]     -0.93      3.47     -1.60     -5.54      4.94      6.34      1.02
               rw[169]     -0.86      3.52     -1.52     -5.71      4.87      6.32      1.02
               rw[170]     -0.85      3.53     -1.49     -5.95      4.71      6.20      1.01
               rw[171]     -0.87      3.54     -1.44     -5.62      5.16      6.22      1.01
               rw[172]     -0.81      3.54     -1.43     -5.62      5.11      6.10      1.01
               rw[173]     -0.78      3.54     -1.56     -5.70      4.79      6.03      1.01
               rw[174]     -0.78      3.54     -1.43     -6.07      4.88      6.19      1.01
               rw[175]     -0.95      3.56     -1.64     -5.91      4.89      6.27      1.01
               rw[176]     -1.33      3.60     -2.02     -6.31      4.54      6.04      1.01
               rw[177]     -1.70      3.60     -2.38     -6.99      3.98      6.16      1.02
               rw[178]     -2.06      3.61     -2.80     -7.12      3.58      6.20      1.01
               rw[179]     -2.36      3.63     -3.12     -7.88      3.37      6.21      1.02
               rw[180]     -2.53      3.63     -3.22     -7.72      3.44      6.28      1.01
               rw[181]     -2.71      3.61     -3.35     -8.10      2.77      6.33      1.01
               rw[182]     -2.82      3.63     -3.45     -8.48      2.68      6.29      1.02
               rw[183]     -2.93      3.64     -3.51     -8.17      2.87      6.14      1.02
               rw[184]     -3.01      3.62     -3.59     -8.42      2.67      6.17      1.02
               rw[185]     -2.94      3.59     -3.56     -8.10      2.82      6.23      1.01
               rw[186]     -2.85      3.62     -3.51     -7.86      3.26      6.14      1.01
               rw[187]     -2.76      3.60     -3.43     -8.39      2.73      6.16      1.01
               rw[188]     -2.55      3.56     -3.13     -7.69      3.30      6.10      1.01
               rw[189]     -2.39      3.57     -2.96     -7.74      3.12      6.11      1.01
               rw[190]     -2.25      3.56     -2.98     -7.17      3.54      6.01      1.01
               rw[191]     -2.12      3.58     -2.74     -6.85      3.89      6.07      1.01
               rw[192]     -2.01      3.57     -2.72     -7.10      3.63      6.17      1.01
               rw[193]     -1.86      3.57     -2.57     -6.75      3.94      6.17      1.01
               rw[194]     -1.72      3.58     -2.54     -6.95      3.84      6.12      1.01
               rw[195]     -1.61      3.60     -2.44     -6.72      4.28      6.14      1.01
               rw[196]     -1.58      3.58     -2.39     -6.30      4.57      6.10      1.01
               rw[197]     -1.56      3.58     -2.34     -6.99      3.89      6.13      1.01
               rw[198]     -1.55      3.63     -2.39     -6.99      3.99      5.98      1.01
               rw[199]     -1.53      3.61     -2.23     -6.76      4.20      6.06      1.01
               rw[200]     -1.46      3.63     -2.15     -6.80      4.14      6.06      1.01
               rw[201]     -1.43      3.63     -2.16     -6.45      4.52      6.05      1.01
               rw[202]     -1.48      3.61     -2.33     -6.58      4.43      6.11      1.02
               rw[203]     -1.57      3.62     -2.35     -7.18      3.87      6.02      1.01
               rw[204]     -1.69      3.58     -2.44     -7.01      3.92      6.09      1.01
               rw[205]     -1.82      3.59     -2.54     -6.95      3.81      6.20      1.01
               rw[206]     -1.89      3.59     -2.62     -7.03      3.82      6.27      1.01
               rw[207]     -1.96      3.62     -2.70     -6.73      4.07      6.15      1.01
               rw[208]     -1.92      3.60     -2.56     -7.42      3.70      6.22      1.02
               rw[209]     -2.00      3.57     -2.71     -7.09      3.82      6.16      1.02
               rw[210]     -1.99      3.59     -2.67     -6.82      4.05      6.16      1.02
               rw[211]     -1.97      3.60     -2.60     -7.00      3.99      6.27      1.02
               rw[212]     -1.96      3.64     -2.69     -7.30      4.01      6.24      1.02
               rw[213]     -1.89      3.60     -2.54     -7.52      3.89      6.22      1.01
               rw[214]     -1.85      3.63     -2.49     -6.57      4.59      6.22      1.01
               rw[215]     -1.80      3.64     -2.53     -7.22      3.93      6.21      1.01
               rw[216]     -1.75      3.64     -2.49     -7.15      3.76      6.12      1.01
               rw[217]     -1.73      3.64     -2.29     -6.67      4.20      6.10      1.01
               rw[218]     -1.78      3.65     -2.40     -6.81      4.23      6.16      1.01
               rw[219]     -1.85      3.63     -2.41     -6.93      4.06      6.16      1.01
               rw[220]     -1.84      3.64     -2.50     -6.93      4.09      6.21      1.02
               rw[221]     -1.83      3.68     -2.49     -7.22      4.11      6.25      1.02
               rw[222]     -1.81      3.68     -2.29     -7.06      4.17      6.36      1.01
               rw[223]     -1.78      3.73     -2.28     -7.07      4.22      6.31      1.01
               rw[224]     -1.79      3.84     -2.35     -7.84      4.14      6.77      1.01
               rw[225]     -1.76      3.86     -2.22     -7.22      4.91      7.16      1.02
               rw[226]     -1.82      3.98     -2.26     -7.85      4.83      7.68      1.01
               rw[227]     -1.84      4.10     -2.23     -7.58      5.37      8.12      1.01
                 sigma      0.22      0.02      0.22      0.19      0.26    998.29      1.00

Number of divergences: 0
