
                            mean       std    median      5.0%     95.0%     n_eff     r_hat
                    D0      0.94      1.46      0.52      0.00      2.09   1079.74      1.00
                    E0     11.48     13.85      7.39      0.01     26.98     85.27      1.00
                    H0      1.30      1.26      0.95      0.00      2.97   2072.22      1.00
                    I0      4.49      6.19      2.58      0.01     10.48     45.17      1.01
                 beta0      1.69      0.91      1.66      0.50      2.92      7.97      1.02
  confirmed_dispersion      0.12      0.02      0.12      0.10      0.15   1033.56      1.00
      death_dispersion      0.43      0.06      0.42      0.32      0.52   1685.94      1.00
            death_prob      0.01      0.00      0.01      0.00      0.01     18.57      1.02
            death_rate      0.05      0.01      0.05      0.04      0.07    202.33      1.02
           det_prob[0]      0.25      0.07      0.24      0.14      0.35    362.27      1.00
           det_prob[1]      0.24      0.07      0.23      0.13      0.35    326.89      1.00
           det_prob[2]      0.23      0.08      0.22      0.11      0.35    263.10      1.00
           det_prob[3]      0.22      0.08      0.21      0.09      0.34    229.44      1.00
           det_prob[4]      0.21      0.08      0.20      0.09      0.34    213.57      1.00
           det_prob[5]      0.21      0.08      0.20      0.09      0.33    210.50      1.01
           det_prob[6]      0.21      0.08      0.19      0.07      0.32    218.41      1.01
           det_prob[7]      0.21      0.08      0.19      0.07      0.32    171.25      1.01
           det_prob[8]      0.21      0.08      0.19      0.08      0.34    132.05      1.02
           det_prob[9]      0.21      0.09      0.19      0.09      0.35    167.42      1.02
          det_prob[10]      0.22      0.09      0.20      0.09      0.35    154.33      1.02
          det_prob[11]      0.22      0.08      0.20      0.08      0.35    132.51      1.02
          det_prob[12]      0.22      0.09      0.20      0.10      0.35     97.39      1.03
          det_prob[13]      0.22      0.09      0.20      0.09      0.35     95.41      1.02
          det_prob[14]      0.22      0.08      0.20      0.10      0.36    110.14      1.03
          det_prob[15]      0.23      0.09      0.21      0.10      0.36     81.71      1.04
          det_prob[16]      0.23      0.08      0.21      0.10      0.35     67.05      1.05
          det_prob[17]      0.23      0.08      0.22      0.11      0.37     62.98      1.05
          det_prob[18]      0.24      0.08      0.23      0.12      0.36     66.98      1.05
          det_prob[19]      0.23      0.08      0.22      0.11      0.36     64.63      1.04
          det_prob[20]      0.23      0.08      0.22      0.09      0.33     67.19      1.05
          det_prob[21]      0.23      0.08      0.22      0.11      0.35     65.66      1.05
          det_prob[22]      0.23      0.08      0.22      0.11      0.35     59.88      1.06
          det_prob[23]      0.24      0.08      0.23      0.12      0.35     57.30      1.05
          det_prob[24]      0.24      0.08      0.23      0.13      0.36     56.81      1.04
          det_prob[25]      0.23      0.08      0.22      0.12      0.35     59.34      1.04
          det_prob[26]      0.23      0.08      0.22      0.11      0.36     61.96      1.04
          det_prob[27]      0.23      0.08      0.22      0.11      0.36     57.64      1.04
          det_prob[28]      0.26      0.08      0.24      0.12      0.37     43.84      1.04
          det_prob[29]      0.26      0.08      0.26      0.13      0.39     46.68      1.04
          det_prob[30]      0.27      0.08      0.26      0.14      0.40     54.96      1.03
          det_prob[31]      0.26      0.08      0.25      0.13      0.40     42.83      1.04
          det_prob[32]      0.25      0.08      0.24      0.13      0.39     37.86      1.05
          det_prob[33]      0.24      0.08      0.23      0.11      0.37     32.59      1.04
          det_prob[34]      0.24      0.08      0.23      0.11      0.37     32.65      1.04
          det_prob[35]      0.24      0.08      0.24      0.10      0.37     35.47      1.03
          det_prob[36]      0.26      0.09      0.25      0.13      0.40     32.21      1.03
          det_prob[37]      0.26      0.09      0.25      0.11      0.39     32.73      1.03
          det_prob[38]      0.25      0.09      0.24      0.12      0.38     33.43      1.02
          det_prob[39]      0.25      0.09      0.24      0.11      0.37     35.85      1.01
          det_prob[40]      0.25      0.09      0.25      0.10      0.38     33.85      1.01
          det_prob[41]      0.27      0.09      0.26      0.12      0.41     33.18      1.01
          det_prob[42]      0.28      0.09      0.27      0.13      0.42     33.71      1.01
          det_prob[43]      0.29      0.09      0.28      0.14      0.44     33.87      1.01
          det_prob[44]      0.29      0.10      0.28      0.14      0.45     35.98      1.01
          det_prob[45]      0.30      0.10      0.29      0.15      0.46     38.49      1.00
          det_prob[46]      0.31      0.10      0.29      0.14      0.46     38.49      1.00
          det_prob[47]      0.31      0.10      0.29      0.15      0.46     38.57      1.00
          det_prob[48]      0.32      0.10      0.31      0.17      0.48     37.73      1.00
          det_prob[49]      0.33      0.10      0.32      0.16      0.48     37.58      1.00
          det_prob[50]      0.33      0.10      0.32      0.16      0.49     40.32      1.00
          det_prob[51]      0.33      0.10      0.32      0.17      0.50     42.16      1.00
          det_prob[52]      0.33      0.10      0.32      0.16      0.50     42.50      1.00
          det_prob[53]      0.33      0.11      0.32      0.17      0.50     44.78      1.00
          det_prob[54]      0.33      0.11      0.32      0.17      0.50     41.76      1.00
          det_prob[55]      0.34      0.11      0.33      0.17      0.50     42.73      1.00
          det_prob[56]      0.35      0.10      0.34      0.17      0.50     43.82      1.00
          det_prob[57]      0.35      0.11      0.34      0.16      0.50     39.81      1.00
          det_prob[58]      0.35      0.11      0.35      0.19      0.53     43.82      1.00
          det_prob[59]      0.36      0.11      0.35      0.19      0.53     46.09      1.00
          det_prob[60]      0.36      0.11      0.35      0.19      0.54     47.50      1.00
          det_prob[61]      0.36      0.11      0.35      0.19      0.54     47.43      1.00
          det_prob[62]      0.37      0.11      0.36      0.19      0.56     46.10      1.00
          det_prob[63]      0.37      0.11      0.36      0.19      0.55     48.07      1.00
          det_prob[64]      0.38      0.12      0.37      0.19      0.56     50.61      1.00
          det_prob[65]      0.39      0.12      0.37      0.19      0.56     49.99      1.00
          det_prob[66]      0.39      0.12      0.37      0.20      0.58     49.26      1.00
          det_prob[67]      0.38      0.12      0.38      0.19      0.57     50.53      1.00
          det_prob[68]      0.39      0.12      0.38      0.21      0.58     49.19      1.00
          det_prob[69]      0.40      0.12      0.40      0.22      0.61     47.80      1.00
          det_prob[70]      0.41      0.12      0.40      0.22      0.60     52.01      1.00
          det_prob[71]      0.43      0.12      0.42      0.24      0.63     50.84      1.00
          det_prob[72]      0.44      0.12      0.42      0.23      0.61     51.66      1.00
          det_prob[73]      0.45      0.12      0.44      0.26      0.64     52.84      1.00
          det_prob[74]      0.45      0.12      0.44      0.23      0.63     60.37      1.00
          det_prob[75]      0.46      0.13      0.45      0.27      0.68     60.74      1.00
          det_prob[76]      0.47      0.13      0.46      0.27      0.68     60.75      1.00
          det_prob[77]      0.48      0.13      0.47      0.24      0.66     61.13      1.00
          det_prob[78]      0.49      0.13      0.48      0.26      0.69     59.90      1.00
          det_prob[79]      0.49      0.13      0.49      0.25      0.69     59.81      1.00
          det_prob[80]      0.49      0.14      0.48      0.28      0.72     58.89      1.01
          det_prob[81]      0.49      0.14      0.49      0.27      0.73     56.78      1.01
          det_prob[82]      0.50      0.14      0.49      0.30      0.76     57.82      1.01
          det_prob[83]      0.52      0.14      0.51      0.33      0.80     60.53      1.01
          det_prob[84]      0.54      0.14      0.53      0.33      0.78     57.87      1.01
          det_prob[85]      0.56      0.14      0.56      0.33      0.78     53.33      1.02
          det_prob[86]      0.57      0.14      0.57      0.34      0.79     53.10      1.02
          det_prob[87]      0.58      0.14      0.58      0.38      0.83     54.09      1.03
          det_prob[88]      0.59      0.14      0.59      0.34      0.81     52.60      1.03
          det_prob[89]      0.60      0.14      0.60      0.39      0.84     51.72      1.03
          det_prob[90]      0.61      0.14      0.61      0.40      0.86     49.17      1.03
          det_prob[91]      0.63      0.14      0.62      0.41      0.85     48.56      1.04
          det_prob[92]      0.64      0.14      0.63      0.43      0.88     47.20      1.04
          det_prob[93]      0.64      0.14      0.64      0.42      0.88     45.86      1.04
          det_prob[94]      0.64      0.14      0.64      0.40      0.87     46.26      1.04
          det_prob[95]      0.64      0.15      0.64      0.41      0.89     45.62      1.04
          det_prob[96]      0.64      0.15      0.65      0.42      0.91     45.07      1.05
          det_prob[97]      0.65      0.15      0.66      0.40      0.89     43.49      1.04
          det_prob[98]      0.66      0.15      0.66      0.40      0.90     41.73      1.04
          det_prob[99]      0.66      0.15      0.66      0.40      0.90     40.48      1.05
         det_prob[100]      0.67      0.15      0.67      0.43      0.91     39.68      1.04
         det_prob[101]      0.67      0.15      0.68      0.44      0.92     38.54      1.04
         det_prob[102]      0.67      0.15      0.69      0.45      0.94     37.53      1.04
         det_prob[103]      0.68      0.15      0.69      0.44      0.93     34.18      1.04
         det_prob[104]      0.68      0.14      0.69      0.47      0.94     33.80      1.04
         det_prob[105]      0.69      0.14      0.70      0.47      0.94     33.72      1.03
         det_prob[106]      0.69      0.14      0.70      0.49      0.95     32.24      1.03
         det_prob[107]      0.69      0.14      0.70      0.47      0.92     30.93      1.03
         det_prob[108]      0.69      0.14      0.70      0.45      0.92     28.04      1.03
         det_prob[109]      0.69      0.15      0.69      0.48      0.96     26.98      1.03
         det_prob[110]      0.68      0.15      0.69      0.43      0.93     25.58      1.03
         det_prob[111]      0.68      0.15      0.68      0.44      0.94     24.71      1.03
         det_prob[112]      0.68      0.15      0.68      0.45      0.95     24.21      1.03
         det_prob[113]      0.68      0.15      0.68      0.45      0.95     23.66      1.02
         det_prob[114]      0.68      0.15      0.68      0.45      0.96     21.87      1.03
         det_prob[115]      0.67      0.16      0.67      0.43      0.95     21.02      1.03
         det_prob[116]      0.67      0.16      0.67      0.41      0.94     20.83      1.02
         det_prob[117]      0.66      0.17      0.66      0.44      0.97     21.10      1.02
         det_prob[118]      0.66      0.17      0.66      0.42      0.96     20.05      1.02
         det_prob[119]      0.66      0.17      0.66      0.43      0.97     18.93      1.02
         det_prob[120]      0.66      0.17      0.66      0.40      0.95     19.06      1.02
         det_prob[121]      0.66      0.17      0.65      0.40      0.94     18.94      1.01
         det_prob[122]      0.66      0.18      0.65      0.42      0.97     18.03      1.01
         det_prob[123]      0.66      0.18      0.66      0.40      0.96     17.69      1.01
         det_prob[124]      0.66      0.18      0.66      0.43      0.98     17.43      1.02
         det_prob[125]      0.67      0.18      0.67      0.42      0.97     17.27      1.02
         det_prob[126]      0.67      0.18      0.67      0.42      0.97     16.54      1.02
         det_prob[127]      0.68      0.18      0.68      0.43      0.97     16.66      1.02
         det_prob[128]      0.68      0.18      0.68      0.42      0.98     16.45      1.01
         det_prob[129]      0.68      0.18      0.67      0.41      0.97     16.19      1.01
         det_prob[130]      0.68      0.18      0.68      0.42      0.98     16.30      1.01
         det_prob[131]      0.69      0.18      0.69      0.43      0.99     16.15      1.01
         det_prob[132]      0.70      0.18      0.70      0.42      0.97     16.00      1.01
         det_prob[133]      0.71      0.18      0.72      0.46      0.99     15.89      1.01
         det_prob[134]      0.71      0.18      0.72      0.46      0.99     16.17      1.01
         det_prob[135]      0.72      0.17      0.74      0.48      0.99     15.78      1.01
         det_prob[136]      0.73      0.17      0.74      0.47      0.98     15.70      1.01
         det_prob[137]      0.73      0.18      0.75      0.47      0.99     15.43      1.00
         det_prob[138]      0.73      0.17      0.76      0.48      0.99     15.44      1.01
         det_prob[139]      0.74      0.17      0.77      0.49      0.99     15.71      1.01
         det_prob[140]      0.75      0.17      0.78      0.51      0.99     15.34      1.00
         det_prob[141]      0.76      0.16      0.79      0.51      0.99     15.96      1.01
         det_prob[142]      0.76      0.16      0.79      0.53      0.99     16.41      1.00
         det_prob[143]      0.77      0.17      0.80      0.53      0.99     16.66      1.00
         det_prob[144]      0.77      0.17      0.80      0.52      0.99     16.68      1.00
         det_prob[145]      0.78      0.16      0.82      0.54      0.99     16.47      1.00
         det_prob[146]      0.79      0.16      0.83      0.55      0.99     16.45      1.00
         det_prob[147]      0.80      0.16      0.83      0.56      0.99     16.67      1.00
         det_prob[148]      0.80      0.15      0.84      0.59      0.99     17.00      1.00
         det_prob[149]      0.81      0.15      0.85      0.59      0.99     17.64      1.00
         det_prob[150]      0.82      0.14      0.85      0.61      0.99     18.02      1.00
         det_prob[151]      0.82      0.14      0.86      0.62      0.99     18.00      1.00
         det_prob[152]      0.83      0.14      0.87      0.64      0.99     18.30      1.00
         det_prob[153]      0.84      0.13      0.88      0.64      0.99     17.78      1.00
         det_prob[154]      0.85      0.13      0.88      0.66      0.99     18.26      1.00
         det_prob[155]      0.85      0.13      0.89      0.67      1.00     18.33      1.01
         det_prob[156]      0.85      0.13      0.89      0.68      1.00     18.36      1.01
         det_prob[157]      0.86      0.12      0.90      0.68      1.00     18.29      1.01
         det_prob[158]      0.86      0.12      0.90      0.69      1.00     18.76      1.01
         det_prob[159]      0.87      0.12      0.91      0.70      1.00     18.53      1.01
         det_prob[160]      0.87      0.11      0.91      0.71      1.00     18.63      1.01
         det_prob[161]      0.88      0.11      0.92      0.71      1.00     19.00      1.01
         det_prob[162]      0.88      0.10      0.92      0.73      1.00     18.50      1.01
         det_prob[163]      0.89      0.10      0.92      0.74      1.00     18.59      1.01
         det_prob[164]      0.89      0.10      0.92      0.75      1.00     18.28      1.01
         det_prob[165]      0.89      0.10      0.93      0.75      1.00     17.97      1.01
         det_prob[166]      0.90      0.10      0.93      0.76      1.00     18.34      1.02
         det_prob[167]      0.90      0.09      0.94      0.77      1.00     18.58      1.01
         det_prob[168]      0.91      0.09      0.94      0.78      1.00     18.92      1.01
         det_prob[169]      0.91      0.08      0.94      0.79      1.00     19.32      1.01
         det_prob[170]      0.91      0.08      0.94      0.79      1.00     19.30      1.01
         det_prob[171]      0.91      0.08      0.94      0.80      1.00     19.59      1.01
         det_prob[172]      0.92      0.08      0.95      0.81      1.00     19.96      1.01
         det_prob[173]      0.92      0.08      0.95      0.81      1.00     19.99      1.01
         det_prob[174]      0.92      0.07      0.95      0.81      1.00     20.44      1.01
         det_prob[175]      0.92      0.07      0.95      0.82      1.00     20.54      1.02
         det_prob[176]      0.93      0.07      0.95      0.83      1.00     20.65      1.02
         det_prob[177]      0.93      0.07      0.95      0.83      1.00     20.56      1.02
         det_prob[178]      0.93      0.07      0.95      0.84      1.00     20.23      1.02
         det_prob[179]      0.93      0.07      0.95      0.85      1.00     20.17      1.02
         det_prob[180]      0.93      0.07      0.96      0.84      1.00     20.61      1.02
         det_prob[181]      0.94      0.06      0.96      0.85      1.00     21.05      1.02
         det_prob[182]      0.94      0.06      0.96      0.85      1.00     21.42      1.02
         det_prob[183]      0.94      0.06      0.96      0.86      1.00     21.80      1.02
         det_prob[184]      0.94      0.06      0.96      0.86      1.00     21.87      1.02
         det_prob[185]      0.94      0.06      0.96      0.85      1.00     22.63      1.02
         det_prob[186]      0.94      0.07      0.96      0.85      1.00     22.21      1.02
         det_prob[187]      0.94      0.07      0.96      0.85      1.00     22.19      1.02
         det_prob[188]      0.94      0.07      0.96      0.86      1.00     22.16      1.03
         det_prob[189]      0.94      0.07      0.96      0.86      1.00     21.84      1.03
         det_prob[190]      0.94      0.07      0.96      0.86      1.00     22.37      1.03
         det_prob[191]      0.94      0.07      0.96      0.85      1.00     22.13      1.03
         det_prob[192]      0.94      0.07      0.96      0.85      1.00     22.21      1.02
         det_prob[193]      0.94      0.07      0.96      0.86      1.00     21.93      1.02
         det_prob[194]      0.94      0.07      0.96      0.86      1.00     23.11      1.02
         det_prob[195]      0.94      0.07      0.96      0.86      1.00     22.97      1.02
         det_prob[196]      0.94      0.07      0.96      0.85      1.00     21.94      1.02
         det_prob[197]      0.94      0.07      0.96      0.86      1.00     22.40      1.02
         det_prob[198]      0.94      0.07      0.97      0.85      1.00     22.24      1.03
         det_prob[199]      0.94      0.07      0.97      0.85      1.00     22.44      1.02
         det_prob[200]      0.94      0.08      0.96      0.86      1.00     23.46      1.03
         det_prob[201]      0.94      0.08      0.96      0.85      1.00     22.86      1.03
         det_prob[202]      0.94      0.08      0.96      0.84      1.00     22.95      1.02
         det_prob[203]      0.93      0.08      0.96      0.84      1.00     23.48      1.03
         det_prob[204]      0.93      0.08      0.96      0.84      1.00     23.52      1.03
         det_prob[205]      0.93      0.08      0.96      0.84      1.00     24.01      1.02
         det_prob[206]      0.93      0.09      0.96      0.84      1.00     24.26      1.03
         det_prob[207]      0.93      0.09      0.96      0.83      1.00     25.70      1.02
         det_prob[208]      0.93      0.09      0.96      0.82      1.00     25.77      1.02
         det_prob[209]      0.93      0.09      0.96      0.81      1.00     25.92      1.02
         det_prob[210]      0.93      0.09      0.96      0.81      1.00     26.74      1.02
         det_prob[211]      0.93      0.09      0.96      0.82      1.00     26.56      1.02
         det_prob[212]      0.93      0.09      0.96      0.82      1.00     26.27      1.02
         det_prob[213]      0.93      0.09      0.96      0.82      1.00     26.52      1.02
         det_prob[214]      0.93      0.09      0.96      0.82      1.00     27.91      1.02
         det_prob[215]      0.93      0.10      0.96      0.82      1.00     28.35      1.02
         det_prob[216]      0.93      0.10      0.96      0.82      1.00     28.31      1.02
         det_prob[217]      0.93      0.10      0.96      0.82      1.00     28.98      1.02
         det_prob[218]      0.93      0.10      0.96      0.81      1.00     29.36      1.02
         det_prob[219]      0.93      0.10      0.96      0.80      1.00     30.57      1.02
         det_prob[220]      0.93      0.10      0.96      0.80      1.00     30.73      1.02
         det_prob[221]      0.92      0.10      0.96      0.80      1.00     31.19      1.02
         det_prob[222]      0.92      0.10      0.96      0.79      1.00     32.69      1.02
         det_prob[223]      0.93      0.10      0.96      0.79      1.00     33.23      1.01
         det_prob[224]      0.92      0.10      0.96      0.80      1.00     35.10      1.01
         det_prob[225]      0.92      0.10      0.96      0.80      1.00     36.06      1.01
         det_prob[226]      0.92      0.11      0.96      0.80      1.00     36.54      1.01
         det_prob[227]      0.92      0.11      0.96      0.80      1.00     37.52      1.01
             det_prob0      0.26      0.06      0.25      0.16      0.35    402.46      1.00
            det_prob_d      0.90      0.03      0.90      0.85      0.95   2571.04      1.00
                 gamma      0.48      0.05      0.48      0.40      0.56   1365.19      1.00
                 rw[0]     -0.14      1.04     -0.16     -1.80      1.59     45.79      1.00
                 rw[1]     -0.21      1.44     -0.29     -2.67      1.98     23.38      1.00
                 rw[2]     -0.18      1.73     -0.28     -3.05      2.62     16.13      1.01
                 rw[3]     -0.10      2.02     -0.24     -3.24      3.30     13.12      1.01
                 rw[4]      0.07      2.25     -0.07     -3.66      3.77     10.97      1.01
                 rw[5]      0.25      2.46      0.11     -3.41      4.38      9.65      1.01
                 rw[6]      0.44      2.61      0.36     -3.84      4.35      8.97      1.01
                 rw[7]      0.65      2.76      0.31     -3.43      5.36      8.58      1.02
                 rw[8]      0.82      2.90      0.64     -3.92      5.43      8.12      1.02
                 rw[9]      0.89      2.98      0.62     -3.85      5.50      7.73      1.02
                rw[10]      0.98      3.05      0.74     -3.64      6.12      7.45      1.02
                rw[11]      0.93      3.17      0.57     -3.60      6.18      7.38      1.02
                rw[12]      0.80      3.22      0.46     -4.19      5.80      7.24      1.02
                rw[13]      0.74      3.22      0.29     -3.67      6.46      7.29      1.02
                rw[14]      0.61      3.23      0.04     -3.86      6.46      7.34      1.01
                rw[15]      0.36      3.26     -0.24     -4.04      6.04      7.31      1.01
                rw[16]      0.06      3.27     -0.43     -4.76      5.53      7.33      1.01
                rw[17]     -0.41      3.35     -0.81     -5.22      5.05      7.34      1.01
                rw[18]     -0.88      3.31     -1.21     -6.02      4.36      7.66      1.01
                rw[19]     -1.45      3.30     -1.87     -6.20      4.18      7.54      1.01
                rw[20]     -1.91      3.26     -2.42     -6.51      3.78      7.47      1.01
                rw[21]     -2.23      3.21     -2.66     -6.84      3.29      7.56      1.01
                rw[22]     -2.72      3.20     -3.16     -7.54      2.55      7.58      1.01
                rw[23]     -3.22      3.22     -3.60     -8.22      1.95      7.49      1.01
                rw[24]     -3.68      3.22     -4.00     -8.87      1.29      7.42      1.01
                rw[25]     -4.15      3.20     -4.43     -8.68      1.41      7.41      1.01
                rw[26]     -4.45      3.16     -4.86     -9.25      0.66      7.36      1.01
                rw[27]     -4.75      3.19     -5.13     -9.66      0.49      7.45      1.01
                rw[28]     -5.02      3.20     -5.40     -9.42      0.57      7.51      1.01
                rw[29]     -5.38      3.19     -5.80    -10.01     -0.27      7.56      1.01
                rw[30]     -5.73      3.21     -6.19    -10.41     -0.35      7.55      1.01
                rw[31]     -6.01      3.20     -6.51    -10.77     -0.69      7.61      1.01
                rw[32]     -6.20      3.16     -6.63    -10.48     -0.73      7.62      1.01
                rw[33]     -6.24      3.19     -6.79    -10.98     -1.20      7.55      1.01
                rw[34]     -6.24      3.19     -6.67    -10.92     -1.06      7.68      1.01
                rw[35]     -6.20      3.24     -6.65    -10.80     -0.40      7.64      1.01
                rw[36]     -6.20      3.23     -6.59    -10.66     -0.52      7.74      1.01
                rw[37]     -6.21      3.23     -6.74    -11.50     -1.16      7.79      1.00
                rw[38]     -6.04      3.26     -6.39    -11.07     -0.84      7.60      1.00
                rw[39]     -5.89      3.26     -6.31    -10.66     -0.43      7.49      1.00
                rw[40]     -5.76      3.25     -6.21    -10.34     -0.13      7.62      1.01
                rw[41]     -5.63      3.24     -6.13    -10.67     -0.42      7.45      1.01
                rw[42]     -5.56      3.21     -5.94    -10.60     -0.50      7.34      1.00
                rw[43]     -5.51      3.23     -5.85    -10.39     -0.24      7.48      1.01
                rw[44]     -5.46      3.20     -5.72    -10.33     -0.24      7.59      1.00
                rw[45]     -5.39      3.20     -5.81    -10.12     -0.23      7.50      1.01
                rw[46]     -5.39      3.23     -5.76    -10.07      0.13      7.49      1.01
                rw[47]     -5.37      3.22     -5.64     -9.84      0.12      7.33      1.01
                rw[48]     -5.37      3.20     -5.71    -10.34     -0.32      7.45      1.01
                rw[49]     -5.40      3.21     -5.78    -10.19     -0.08      7.50      1.01
                rw[50]     -5.44      3.16     -5.77    -10.27     -0.61      7.39      1.01
                rw[51]     -5.53      3.14     -5.92    -10.40     -0.52      7.39      1.00
                rw[52]     -5.56      3.19     -6.01    -10.14     -0.26      7.35      1.00
                rw[53]     -5.63      3.19     -6.03    -10.19     -0.08      7.36      1.00
                rw[54]     -5.65      3.19     -5.98    -10.97     -0.88      7.25      1.01
                rw[55]     -5.68      3.18     -5.99    -10.38     -0.64      7.29      1.01
                rw[56]     -5.79      3.16     -6.17    -10.71     -0.82      7.35      1.01
                rw[57]     -5.84      3.20     -6.26    -10.55     -0.65      7.28      1.01
                rw[58]     -5.90      3.19     -6.27    -10.45     -0.53      7.13      1.01
                rw[59]     -5.97      3.22     -6.28    -11.05     -0.97      7.40      1.01
                rw[60]     -6.08      3.23     -6.50    -10.49     -0.18      7.24      1.02
                rw[61]     -6.14      3.18     -6.58    -10.85     -0.94      7.12      1.02
                rw[62]     -6.23      3.17     -6.62    -10.75     -0.84      7.21      1.02
                rw[63]     -6.32      3.24     -6.86    -11.17     -1.02      7.27      1.01
                rw[64]     -6.35      3.22     -6.70    -10.86     -0.88      7.25      1.01
                rw[65]     -6.43      3.29     -6.78    -10.79     -0.40      7.37      1.02
                rw[66]     -6.46      3.25     -6.96    -11.09     -1.01      7.35      1.01
                rw[67]     -6.46      3.24     -6.79    -11.22     -1.09      7.57      1.01
                rw[68]     -6.38      3.25     -6.76    -10.92     -0.71      7.55      1.01
                rw[69]     -6.29      3.26     -6.66    -10.81     -0.63      7.46      1.01
                rw[70]     -6.25      3.27     -6.62    -10.92     -0.89      7.45      1.01
                rw[71]     -6.18      3.29     -6.52    -11.11     -0.75      7.45      1.01
                rw[72]     -6.22      3.30     -6.51    -10.93     -0.64      7.49      1.01
                rw[73]     -6.15      3.26     -6.40    -11.03     -0.61      7.80      1.01
                rw[74]     -6.10      3.23     -6.35    -10.96     -0.69      7.50      1.02
                rw[75]     -6.02      3.22     -6.16    -10.75     -0.55      7.63      1.01
                rw[76]     -5.97      3.24     -6.16    -10.87     -0.46      7.80      1.01
                rw[77]     -5.89      3.21     -6.17    -10.68     -0.59      7.82      1.01
                rw[78]     -5.83      3.22     -6.10    -10.82     -0.54      7.74      1.02
                rw[79]     -5.74      3.17     -5.93    -10.43     -0.55      7.66      1.01
                rw[80]     -5.58      3.16     -5.90     -9.97      0.08      7.59      1.02
                rw[81]     -5.31      3.21     -5.62     -9.84      0.26      7.60      1.01
                rw[82]     -5.03      3.16     -5.32     -9.70      0.22      7.54      1.02
                rw[83]     -4.76      3.10     -4.99     -9.23      0.45      7.40      1.02
                rw[84]     -4.53      3.13     -4.85     -9.17      0.70      7.53      1.02
                rw[85]     -4.39      3.16     -4.84     -9.12      0.84      7.43      1.02
                rw[86]     -4.40      3.15     -4.81     -9.28      0.58      7.48      1.02
                rw[87]     -4.42      3.14     -4.87     -9.20      0.87      7.55      1.02
                rw[88]     -4.45      3.09     -4.91     -8.72      1.11      7.83      1.02
                rw[89]     -4.50      3.08     -4.99     -8.91      0.82      7.84      1.02
                rw[90]     -4.53      3.08     -4.91     -9.27      0.48      7.70      1.02
                rw[91]     -4.71      3.06     -5.06     -9.10      0.50      7.45      1.02
                rw[92]     -4.89      3.03     -5.27     -9.55     -0.10      7.44      1.01
                rw[93]     -5.14      3.05     -5.58     -9.73     -0.03      7.33      1.01
                rw[94]     -5.31      3.08     -5.65     -9.74     -0.03      7.34      1.01
                rw[95]     -5.43      3.10     -5.85     -9.89     -0.24      7.22      1.01
                rw[96]     -5.48      3.08     -5.87     -9.97     -0.33      7.24      1.01
                rw[97]     -5.45      3.10     -5.92     -9.96     -0.33      7.14      1.01
                rw[98]     -5.35      3.10     -5.73     -9.88     -0.20      7.09      1.01
                rw[99]     -5.26      3.08     -5.60     -9.79      0.03      7.09      1.02
               rw[100]     -5.21      3.08     -5.63     -9.96     -0.39      7.17      1.01
               rw[101]     -5.10      3.08     -5.47     -9.72     -0.10      7.43      1.01
               rw[102]     -4.93      3.11     -5.28     -9.64      0.08      7.39      1.01
               rw[103]     -4.78      3.11     -5.12     -9.37      0.28      7.44      1.01
               rw[104]     -4.64      3.08     -5.00     -8.90      0.70      7.48      1.01
               rw[105]     -4.57      3.11     -4.97     -9.10      0.62      7.41      1.01
               rw[106]     -4.54      3.08     -4.89     -9.05      0.52      7.31      1.01
               rw[107]     -4.53      3.08     -4.86     -8.80      0.94      7.31      1.01
               rw[108]     -4.56      3.12     -4.95     -9.14      0.47      7.06      1.01
               rw[109]     -4.55      3.14     -4.80     -8.98      0.95      7.30      1.01
               rw[110]     -4.50      3.12     -4.90     -9.26      0.53      7.38      1.01
               rw[111]     -4.44      3.10     -4.83     -8.98      0.83      7.40      1.01
               rw[112]     -4.41      3.12     -4.78     -9.09      0.56      7.37      1.01
               rw[113]     -4.50      3.11     -4.86     -8.87      0.98      7.28      1.01
               rw[114]     -4.55      3.09     -4.88     -9.13      0.69      7.33      1.01
               rw[115]     -4.63      3.14     -5.14     -8.95      0.88      7.15      1.01
               rw[116]     -4.71      3.20     -5.25     -8.95      0.94      7.25      1.01
               rw[117]     -4.78      3.16     -5.27     -9.19      0.51      7.33      1.01
               rw[118]     -4.90      3.15     -5.37     -9.77      0.05      7.29      1.01
               rw[119]     -4.94      3.18     -5.45     -9.62      0.14      7.23      1.01
               rw[120]     -4.95      3.16     -5.47     -9.33      0.40      7.16      1.01
               rw[121]     -5.03      3.13     -5.53     -9.18      0.55      7.22      1.01
               rw[122]     -5.08      3.15     -5.53     -9.56      0.21      7.15      1.01
               rw[123]     -5.17      3.15     -5.63     -9.47      0.18      7.19      1.01
               rw[124]     -5.23      3.14     -5.66     -9.61      0.08      7.32      1.01
               rw[125]     -5.31      3.18     -5.71     -9.77      0.17      7.25      1.01
               rw[126]     -5.36      3.19     -5.97    -10.07     -0.21      7.09      1.01
               rw[127]     -5.52      3.19     -6.04    -10.44     -0.50      7.14      1.01
               rw[128]     -5.65      3.20     -6.11    -10.15     -0.16      7.23      1.01
               rw[129]     -5.72      3.18     -6.15    -10.35     -0.21      7.35      1.01
               rw[130]     -5.78      3.18     -6.24    -10.40     -0.22      7.17      1.01
               rw[131]     -5.81      3.17     -6.24    -10.65     -0.61      7.23      1.01
               rw[132]     -5.86      3.19     -6.34    -10.60     -0.48      7.13      1.01
               rw[133]     -6.00      3.21     -6.51    -11.01     -0.66      7.17      1.01
               rw[134]     -6.15      3.22     -6.58    -10.72     -0.62      7.15      1.01
               rw[135]     -6.31      3.19     -6.69    -11.07     -1.22      7.19      1.01
               rw[136]     -6.46      3.19     -6.80    -10.83     -0.89      7.04      1.01
               rw[137]     -6.63      3.21     -7.03    -11.40     -1.32      6.95      1.01
               rw[138]     -6.74      3.22     -7.11    -11.32     -1.21      7.00      1.01
               rw[139]     -6.80      3.26     -7.12    -11.55     -1.37      7.20      1.01
               rw[140]     -6.88      3.21     -7.33    -11.07     -0.98      7.15      1.01
               rw[141]     -7.04      3.18     -7.36    -11.41     -1.40      7.18      1.01
               rw[142]     -7.12      3.16     -7.41    -11.69     -2.02      7.04      1.01
               rw[143]     -7.15      3.18     -7.62    -11.60     -1.75      6.97      1.01
               rw[144]     -7.15      3.21     -7.66    -11.78     -1.81      7.08      1.01
               rw[145]     -7.04      3.20     -7.48    -11.41     -1.44      7.15      1.01
               rw[146]     -7.00      3.18     -7.34    -11.66     -1.64      7.18      1.01
               rw[147]     -6.94      3.14     -7.18    -11.45     -1.61      7.25      1.01
               rw[148]     -6.87      3.14     -7.16    -11.65     -1.78      7.36      1.01
               rw[149]     -6.84      3.20     -7.09    -11.47     -1.26      7.37      1.01
               rw[150]     -6.80      3.21     -7.12    -11.39     -1.44      7.39      1.01
               rw[151]     -6.77      3.20     -7.08    -11.51     -1.29      7.47      1.01
               rw[152]     -6.70      3.18     -7.00    -11.56     -1.78      7.44      1.02
               rw[153]     -6.70      3.17     -7.07    -11.45     -1.40      7.36      1.01
               rw[154]     -6.69      3.17     -7.12    -11.33     -1.43      7.34      1.01
               rw[155]     -6.65      3.16     -7.06    -11.15     -1.49      7.39      1.01
               rw[156]     -6.62      3.14     -7.11    -10.85     -1.03      7.39      1.01
               rw[157]     -6.60      3.13     -7.05    -10.97     -1.33      7.28      1.01
               rw[158]     -6.52      3.18     -6.91    -10.92     -1.07      7.33      1.01
               rw[159]     -6.33      3.21     -6.80    -10.76     -0.67      7.44      1.01
               rw[160]     -6.27      3.25     -6.56    -11.07     -0.92      7.51      1.01
               rw[161]     -6.19      3.24     -6.62    -11.03     -0.92      7.47      1.01
               rw[162]     -6.17      3.23     -6.58    -10.96     -0.87      7.83      1.01
               rw[163]     -6.11      3.14     -6.38    -10.61     -0.79      7.73      1.01
               rw[164]     -6.05      3.11     -6.52    -10.64     -0.97      7.55      1.02
               rw[165]     -5.95      3.07     -6.43    -10.46     -0.76      7.39      1.02
               rw[166]     -5.85      3.10     -6.28    -10.10     -0.42      7.24      1.02
               rw[167]     -5.80      3.11     -6.18    -10.85     -1.08      7.36      1.01
               rw[168]     -5.74      3.09     -6.07    -10.51     -0.83      7.59      1.01
               rw[169]     -5.76      3.11     -6.19    -10.11     -0.43      7.40      1.01
               rw[170]     -5.77      3.10     -6.28    -10.41     -0.66      7.37      1.01
               rw[171]     -5.77      3.11     -6.20    -10.18     -0.58      7.36      1.01
               rw[172]     -5.65      3.11     -6.05    -10.39     -0.76      7.29      1.01
               rw[173]     -5.57      3.10     -6.15    -10.07     -0.51      7.15      1.01
               rw[174]     -5.52      3.08     -5.96    -10.03     -0.52      7.24      1.01
               rw[175]     -5.48      3.11     -5.94     -9.89     -0.20      7.28      1.01
               rw[176]     -5.48      3.15     -5.89     -9.66     -0.02      7.19      1.01
               rw[177]     -5.49      3.14     -5.89    -10.07     -0.21      7.30      1.01
               rw[178]     -5.49      3.10     -5.85    -10.00     -0.28      7.28      1.01
               rw[179]     -5.47      3.12     -6.04    -10.09     -0.31      7.20      1.01
               rw[180]     -5.35      3.16     -5.75    -10.22     -0.40      7.25      1.01
               rw[181]     -5.27      3.12     -5.67    -10.01     -0.17      7.46      1.01
               rw[182]     -5.24      3.11     -5.59     -9.96     -0.06      7.42      1.01
               rw[183]     -5.24      3.13     -5.60    -10.12     -0.20      7.34      1.01
               rw[184]     -5.23      3.14     -5.60    -10.17     -0.40      7.20      1.01
               rw[185]     -5.07      3.11     -5.51     -9.75      0.00      7.32      1.01
               rw[186]     -4.84      3.10     -5.30     -9.29      0.59      7.16      1.02
               rw[187]     -4.64      3.06     -5.11     -9.61      0.10      7.10      1.01
               rw[188]     -4.26      3.04     -4.70     -8.86      0.64      7.14      1.01
               rw[189]     -3.99      3.06     -4.47     -8.62      1.01      7.11      1.02
               rw[190]     -3.74      3.06     -4.20     -8.06      1.45      7.10      1.02
               rw[191]     -3.53      3.09     -3.98     -8.20      1.24      7.02      1.01
               rw[192]     -3.41      3.05     -3.90     -8.13      1.39      7.04      1.01
               rw[193]     -3.29      3.05     -3.81     -7.45      1.92      7.06      1.01
               rw[194]     -3.25      3.08     -3.67     -7.53      1.99      6.95      1.01
               rw[195]     -3.26      3.09     -3.83     -7.61      1.90      7.02      1.01
               rw[196]     -3.34      3.06     -3.86     -7.52      2.15      7.01      1.01
               rw[197]     -3.51      3.06     -4.11     -8.30      1.31      7.10      1.02
               rw[198]     -3.71      3.11     -4.32     -8.38      1.32      6.89      1.01
               rw[199]     -3.88      3.09     -4.40     -8.19      1.51      6.92      1.01
               rw[200]     -3.97      3.13     -4.43     -8.51      1.19      6.92      1.01
               rw[201]     -4.06      3.12     -4.57     -8.42      1.34      7.05      1.01
               rw[202]     -4.16      3.12     -4.62     -8.70      1.06      7.16      1.02
               rw[203]     -4.31      3.13     -4.88     -8.58      1.12      6.95      1.01
               rw[204]     -4.53      3.09     -5.10     -9.52      0.24      7.10      1.01
               rw[205]     -4.74      3.08     -5.35     -8.94      0.72      7.18      1.01
               rw[206]     -4.92      3.11     -5.44     -9.15      0.39      7.24      1.01
               rw[207]     -5.04      3.12     -5.70     -9.54      0.00      7.17      1.01
               rw[208]     -5.11      3.13     -5.56     -9.46      0.50      7.22      1.01
               rw[209]     -5.19      3.09     -5.54     -9.76     -0.11      7.19      1.02
               rw[210]     -5.19      3.10     -5.63     -9.49      0.08      7.12      1.02
               rw[211]     -5.16      3.14     -5.63     -9.80     -0.08      7.30      1.01
               rw[212]     -5.21      3.14     -5.70    -10.01      0.05      7.27      1.01
               rw[213]     -5.22      3.13     -5.67     -9.79      0.30      7.26      1.01
               rw[214]     -5.28      3.17     -5.69     -9.76      0.29      7.28      1.01
               rw[215]     -5.29      3.18     -5.73     -9.79      0.11      7.17      1.01
               rw[216]     -5.22      3.17     -5.65     -9.86     -0.05      7.06      1.01
               rw[217]     -5.20      3.14     -5.56     -9.73     -0.01      7.02      1.01
               rw[218]     -5.22      3.15     -5.54    -10.10     -0.26      7.04      1.01
               rw[219]     -5.28      3.14     -5.60     -9.97     -0.20      7.05      1.01
               rw[220]     -5.24      3.15     -5.72     -9.58      0.13      7.17      1.01
               rw[221]     -5.21      3.18     -5.66     -9.45      0.34      7.07      1.01
               rw[222]     -5.17      3.17     -5.56    -10.07     -0.37      7.27      1.01
               rw[223]     -5.16      3.23     -5.47     -9.94      0.17      7.30      1.01
               rw[224]     -5.14      3.32     -5.46     -9.96      0.60      7.82      1.01
               rw[225]     -5.12      3.41     -5.34    -10.36      0.44      8.39      1.01
               rw[226]     -5.19      3.45     -5.48    -10.66      0.42      9.01      1.01
               rw[227]     -5.20      3.61     -5.36    -11.04      0.48      9.50      1.01
                 sigma      0.22      0.02      0.22      0.18      0.26   1166.18      1.00

Number of divergences: 0
