
                            mean       std    median      5.0%     95.0%     n_eff     r_hat
                    D0      1.00      1.94      0.52      0.00      2.33    764.81      1.00
                    E0     19.96     18.36     15.42      0.14     42.72    139.80      1.00
                    H0      2.72      2.29      2.14      0.01      5.70    263.22      1.01
                    I0      6.09      7.45      3.76      0.02     14.21    140.27      1.01
                 beta0      2.28      0.93      2.34      0.86      3.60      6.35      1.04
  confirmed_dispersion      0.11      0.01      0.11      0.10      0.12    584.80      1.00
      death_dispersion      0.47      0.04      0.47      0.40      0.53    543.83      1.00
            death_prob      0.02      0.00      0.02      0.01      0.02      7.08      1.36
            death_rate      0.06      0.02      0.06      0.04      0.09      9.10      1.21
           det_prob[0]      0.22      0.06      0.21      0.11      0.30     70.72      1.00
           det_prob[1]      0.20      0.06      0.20      0.11      0.30     60.15      1.01
           det_prob[2]      0.19      0.06      0.18      0.09      0.28     55.56      1.00
           det_prob[3]      0.18      0.06      0.17      0.08      0.27     48.72      1.00
           det_prob[4]      0.17      0.06      0.16      0.08      0.27     42.75      1.00
           det_prob[5]      0.17      0.06      0.16      0.08      0.26     34.01      1.00
           det_prob[6]      0.16      0.06      0.15      0.07      0.24     33.62      1.00
           det_prob[7]      0.16      0.06      0.15      0.08      0.24     30.85      1.00
           det_prob[8]      0.16      0.06      0.15      0.07      0.24     26.94      1.00
           det_prob[9]      0.15      0.05      0.14      0.07      0.23     22.68      1.00
          det_prob[10]      0.14      0.05      0.13      0.07      0.20     21.93      1.01
          det_prob[11]      0.13      0.04      0.13      0.07      0.20     21.93      1.01
          det_prob[12]      0.13      0.04      0.13      0.07      0.20     20.39      1.01
          det_prob[13]      0.13      0.04      0.12      0.06      0.19     23.89      1.02
          det_prob[14]      0.13      0.04      0.13      0.07      0.19     23.48      1.02
          det_prob[15]      0.13      0.04      0.13      0.06      0.19     28.77      1.02
          det_prob[16]      0.13      0.04      0.13      0.07      0.19     32.70      1.03
          det_prob[17]      0.14      0.04      0.13      0.07      0.20     30.28      1.03
          det_prob[18]      0.13      0.04      0.13      0.07      0.19     26.54      1.05
          det_prob[19]      0.13      0.04      0.13      0.07      0.19     26.31      1.05
          det_prob[20]      0.14      0.04      0.14      0.08      0.21     27.01      1.07
          det_prob[21]      0.14      0.04      0.14      0.08      0.22     30.90      1.06
          det_prob[22]      0.15      0.05      0.14      0.08      0.22     31.32      1.07
          det_prob[23]      0.15      0.05      0.14      0.07      0.23     38.94      1.06
          det_prob[24]      0.16      0.05      0.15      0.08      0.23     42.84      1.06
          det_prob[25]      0.16      0.05      0.15      0.08      0.24     42.21      1.07
          det_prob[26]      0.16      0.05      0.16      0.09      0.25     42.23      1.07
          det_prob[27]      0.17      0.05      0.16      0.09      0.25     42.41      1.08
          det_prob[28]      0.17      0.05      0.16      0.09      0.25     45.93      1.06
          det_prob[29]      0.17      0.05      0.17      0.10      0.26     47.51      1.05
          det_prob[30]      0.18      0.05      0.17      0.10      0.26     44.89      1.05
          det_prob[31]      0.17      0.05      0.17      0.10      0.25     44.04      1.04
          det_prob[32]      0.17      0.05      0.17      0.10      0.25     45.31      1.03
          det_prob[33]      0.18      0.05      0.18      0.10      0.26     44.94      1.03
          det_prob[34]      0.18      0.05      0.18      0.10      0.26     46.50      1.02
          det_prob[35]      0.19      0.05      0.18      0.11      0.27     52.11      1.01
          det_prob[36]      0.19      0.05      0.19      0.11      0.28     54.25      1.01
          det_prob[37]      0.20      0.05      0.19      0.11      0.27     52.56      1.00
          det_prob[38]      0.19      0.05      0.18      0.11      0.28     53.65      1.00
          det_prob[39]      0.20      0.05      0.19      0.10      0.27     43.98      1.00
          det_prob[40]      0.20      0.06      0.20      0.11      0.29     48.69      1.00
          det_prob[41]      0.21      0.06      0.20      0.12      0.30     42.47      1.01
          det_prob[42]      0.22      0.06      0.21      0.12      0.31     37.34      1.02
          det_prob[43]      0.24      0.06      0.23      0.14      0.33     35.57      1.04
          det_prob[44]      0.25      0.07      0.24      0.14      0.35     32.80      1.06
          det_prob[45]      0.26      0.07      0.25      0.15      0.35     31.41      1.07
          det_prob[46]      0.27      0.07      0.26      0.17      0.40     29.40      1.08
          det_prob[47]      0.29      0.07      0.28      0.18      0.40     30.78      1.09
          det_prob[48]      0.30      0.08      0.29      0.19      0.42     28.23      1.09
          det_prob[49]      0.32      0.08      0.31      0.21      0.45     25.67      1.10
          det_prob[50]      0.34      0.09      0.32      0.21      0.46     24.58      1.11
          det_prob[51]      0.35      0.09      0.34      0.23      0.50     24.66      1.10
          det_prob[52]      0.37      0.10      0.36      0.22      0.52     22.80      1.12
          det_prob[53]      0.38      0.10      0.37      0.23      0.55     20.82      1.15
          det_prob[54]      0.41      0.10      0.40      0.23      0.56     16.73      1.18
          det_prob[55]      0.42      0.10      0.42      0.25      0.58     14.65      1.21
          det_prob[56]      0.45      0.10      0.44      0.29      0.61     12.74      1.25
          det_prob[57]      0.47      0.10      0.46      0.29      0.62     11.55      1.27
          det_prob[58]      0.48      0.11      0.48      0.29      0.63     11.23      1.28
          det_prob[59]      0.50      0.11      0.50      0.31      0.67     10.62      1.29
          det_prob[60]      0.51      0.11      0.51      0.33      0.68     10.33      1.31
          det_prob[61]      0.52      0.11      0.52      0.31      0.68     10.49      1.30
          det_prob[62]      0.53      0.12      0.54      0.33      0.72     10.83      1.27
          det_prob[63]      0.54      0.12      0.56      0.33      0.72     10.44      1.27
          det_prob[64]      0.56      0.12      0.58      0.35      0.74      9.72      1.26
          det_prob[65]      0.58      0.12      0.59      0.36      0.75      9.74      1.25
          det_prob[66]      0.60      0.12      0.61      0.40      0.80      9.25      1.23
          det_prob[67]      0.62      0.12      0.63      0.42      0.80      9.01      1.23
          det_prob[68]      0.63      0.12      0.64      0.44      0.83      8.79      1.24
          det_prob[69]      0.64      0.12      0.66      0.43      0.83      8.45      1.24
          det_prob[70]      0.66      0.12      0.67      0.47      0.86      8.10      1.25
          det_prob[71]      0.67      0.12      0.69      0.46      0.85      7.49      1.25
          det_prob[72]      0.68      0.12      0.70      0.48      0.87      7.74      1.23
          det_prob[73]      0.69      0.12      0.71      0.48      0.87      7.70      1.23
          det_prob[74]      0.70      0.12      0.72      0.48      0.87      7.23      1.24
          det_prob[75]      0.71      0.12      0.73      0.52      0.89      7.12      1.22
          det_prob[76]      0.72      0.11      0.74      0.53      0.90      7.19      1.22
          det_prob[77]      0.74      0.11      0.76      0.54      0.90      7.24      1.21
          det_prob[78]      0.74      0.11      0.77      0.54      0.91      7.58      1.20
          det_prob[79]      0.76      0.11      0.78      0.57      0.92      7.79      1.20
          det_prob[80]      0.77      0.11      0.79      0.61      0.94      7.94      1.19
          det_prob[81]      0.78      0.10      0.80      0.62      0.92      8.09      1.19
          det_prob[82]      0.79      0.10      0.81      0.65      0.94      8.50      1.18
          det_prob[83]      0.80      0.10      0.82      0.65      0.94      8.76      1.17
          det_prob[84]      0.81      0.09      0.83      0.65      0.93      9.34      1.16
          det_prob[85]      0.81      0.09      0.83      0.66      0.93      9.83      1.15
          det_prob[86]      0.81      0.09      0.84      0.68      0.95     10.33      1.15
          det_prob[87]      0.82      0.09      0.84      0.68      0.95     10.85      1.15
          det_prob[88]      0.82      0.09      0.84      0.69      0.95     12.04      1.15
          det_prob[89]      0.82      0.09      0.84      0.69      0.95     13.36      1.15
          det_prob[90]      0.83      0.09      0.85      0.69      0.95     14.95      1.15
          det_prob[91]      0.83      0.09      0.85      0.70      0.95     16.37      1.15
          det_prob[92]      0.83      0.09      0.86      0.70      0.96     17.91      1.16
          det_prob[93]      0.83      0.09      0.85      0.70      0.96     19.14      1.17
          det_prob[94]      0.83      0.09      0.86      0.70      0.96     18.18      1.18
          det_prob[95]      0.83      0.10      0.86      0.69      0.96     18.89      1.18
          det_prob[96]      0.83      0.10      0.85      0.68      0.97     19.74      1.19
          det_prob[97]      0.83      0.10      0.85      0.67      0.97     19.35      1.19
          det_prob[98]      0.82      0.11      0.85      0.67      0.97     19.25      1.19
          det_prob[99]      0.83      0.11      0.85      0.68      0.97     20.64      1.19
         det_prob[100]      0.83      0.11      0.85      0.67      0.97     21.12      1.20
         det_prob[101]      0.83      0.11      0.86      0.65      0.98     19.87      1.21
         det_prob[102]      0.82      0.12      0.86      0.64      0.98     19.33      1.22
         det_prob[103]      0.82      0.12      0.86      0.63      0.97     18.27      1.24
         det_prob[104]      0.82      0.12      0.86      0.64      0.98     17.92      1.25
         det_prob[105]      0.83      0.12      0.87      0.62      0.98     16.63      1.26
         det_prob[106]      0.83      0.12      0.87      0.64      0.98     16.36      1.27
         det_prob[107]      0.83      0.12      0.87      0.64      0.99     14.08      1.30
         det_prob[108]      0.83      0.13      0.87      0.64      0.98     13.64      1.32
         det_prob[109]      0.83      0.13      0.87      0.64      0.99     12.77      1.34
         det_prob[110]      0.84      0.13      0.88      0.65      0.98     11.54      1.36
         det_prob[111]      0.84      0.13      0.88      0.66      0.99     11.38      1.37
         det_prob[112]      0.84      0.12      0.88      0.67      0.98     11.22      1.37
         det_prob[113]      0.85      0.12      0.88      0.68      0.98     10.79      1.38
         det_prob[114]      0.85      0.12      0.89      0.68      0.99     10.41      1.39
         det_prob[115]      0.85      0.12      0.89      0.68      0.99     10.22      1.40
         det_prob[116]      0.86      0.12      0.89      0.69      0.99     10.16      1.39
         det_prob[117]      0.86      0.11      0.89      0.70      0.98     10.12      1.40
         det_prob[118]      0.87      0.11      0.89      0.72      0.99     10.02      1.40
         det_prob[119]      0.87      0.11      0.90      0.73      0.99      9.98      1.41
         det_prob[120]      0.87      0.10      0.91      0.74      0.99      9.66      1.42
         det_prob[121]      0.88      0.10      0.91      0.74      0.99      9.44      1.43
         det_prob[122]      0.88      0.10      0.91      0.76      0.99      9.31      1.44
         det_prob[123]      0.88      0.09      0.91      0.76      0.99      9.24      1.44
         det_prob[124]      0.89      0.09      0.91      0.77      0.99      8.69      1.46
         det_prob[125]      0.89      0.08      0.91      0.77      0.99      8.34      1.49
         det_prob[126]      0.90      0.08      0.91      0.79      0.99      8.46      1.50
         det_prob[127]      0.90      0.07      0.92      0.79      0.99      8.33      1.52
         det_prob[128]      0.90      0.07      0.92      0.80      0.99      8.22      1.53
         det_prob[129]      0.91      0.07      0.92      0.81      0.99      8.02      1.55
         det_prob[130]      0.91      0.07      0.93      0.82      0.99      7.59      1.57
         det_prob[131]      0.91      0.06      0.93      0.82      0.99      7.54      1.57
         det_prob[132]      0.91      0.06      0.93      0.82      0.99      7.15      1.58
         det_prob[133]      0.92      0.06      0.93      0.82      0.99      7.08      1.59
         det_prob[134]      0.92      0.06      0.93      0.82      0.99      6.77      1.60
         det_prob[135]      0.92      0.07      0.93      0.82      1.00      6.90      1.59
         det_prob[136]      0.92      0.07      0.93      0.82      1.00      6.90      1.58
         det_prob[137]      0.92      0.07      0.93      0.82      1.00      7.25      1.56
         det_prob[138]      0.92      0.07      0.93      0.82      1.00      7.25      1.56
         det_prob[139]      0.92      0.07      0.94      0.82      1.00      7.10      1.56
         det_prob[140]      0.92      0.07      0.94      0.82      1.00      7.05      1.55
         det_prob[141]      0.92      0.07      0.94      0.82      1.00      7.00      1.54
         det_prob[142]      0.92      0.07      0.94      0.82      1.00      6.64      1.57
         det_prob[143]      0.92      0.07      0.94      0.81      1.00      6.46      1.59
         det_prob[144]      0.92      0.07      0.94      0.82      1.00      6.34      1.59
         det_prob[145]      0.92      0.07      0.94      0.81      1.00      6.22      1.58
         det_prob[146]      0.92      0.07      0.94      0.81      1.00      6.04      1.59
         det_prob[147]      0.92      0.07      0.94      0.81      1.00      5.97      1.58
         det_prob[148]      0.92      0.07      0.94      0.81      1.00      5.99      1.58
         det_prob[149]      0.92      0.08      0.95      0.82      1.00      6.03      1.56
         det_prob[150]      0.92      0.07      0.95      0.82      1.00      5.93      1.57
         det_prob[151]      0.92      0.07      0.95      0.81      1.00      5.75      1.57
         det_prob[152]      0.92      0.07      0.95      0.81      1.00      5.88      1.55
         det_prob[153]      0.92      0.07      0.95      0.82      1.00      5.60      1.56
         det_prob[154]      0.92      0.07      0.95      0.81      1.00      5.62      1.56
         det_prob[155]      0.93      0.07      0.95      0.82      1.00      5.61      1.54
         det_prob[156]      0.92      0.07      0.95      0.82      1.00      5.63      1.53
         det_prob[157]      0.92      0.08      0.95      0.81      1.00      5.82      1.51
         det_prob[158]      0.92      0.08      0.95      0.81      1.00      5.82      1.50
         det_prob[159]      0.92      0.08      0.95      0.80      1.00      5.91      1.50
         det_prob[160]      0.92      0.09      0.95      0.80      1.00      5.91      1.50
         det_prob[161]      0.92      0.09      0.95      0.79      1.00      6.32      1.46
         det_prob[162]      0.92      0.09      0.95      0.79      1.00      6.11      1.47
         det_prob[163]      0.91      0.10      0.95      0.78      1.00      6.18      1.47
         det_prob[164]      0.91      0.10      0.95      0.77      1.00      6.29      1.46
         det_prob[165]      0.91      0.10      0.95      0.76      1.00      6.15      1.47
         det_prob[166]      0.91      0.11      0.95      0.74      1.00      5.97      1.48
         det_prob[167]      0.90      0.11      0.95      0.74      1.00      5.77      1.49
         det_prob[168]      0.90      0.11      0.95      0.74      1.00      5.71      1.48
         det_prob[169]      0.90      0.11      0.95      0.73      1.00      5.57      1.48
         det_prob[170]      0.90      0.11      0.95      0.72      1.00      5.35      1.50
         det_prob[171]      0.90      0.11      0.95      0.71      1.00      5.22      1.50
         det_prob[172]      0.90      0.12      0.95      0.71      1.00      5.16      1.49
         det_prob[173]      0.90      0.12      0.95      0.71      1.00      5.04      1.49
         det_prob[174]      0.90      0.12      0.96      0.71      1.00      5.01      1.50
         det_prob[175]      0.90      0.12      0.96      0.71      1.00      4.93      1.50
         det_prob[176]      0.90      0.12      0.96      0.72      1.00      4.63      1.51
         det_prob[177]      0.90      0.12      0.96      0.71      1.00      4.42      1.52
         det_prob[178]      0.90      0.12      0.96      0.70      1.00      4.25      1.53
         det_prob[179]      0.90      0.12      0.96      0.71      1.00      4.08      1.54
         det_prob[180]      0.90      0.12      0.96      0.71      1.00      3.99      1.55
         det_prob[181]      0.90      0.12      0.96      0.71      1.00      3.90      1.55
         det_prob[182]      0.90      0.12      0.96      0.73      1.00      3.78      1.56
         det_prob[183]      0.90      0.12      0.96      0.73      1.00      3.71      1.56
         det_prob[184]      0.90      0.12      0.96      0.73      1.00      3.65      1.57
         det_prob[185]      0.90      0.12      0.96      0.72      1.00      3.62      1.57
         det_prob[186]      0.89      0.13      0.96      0.72      1.00      3.61      1.57
         det_prob[187]      0.90      0.13      0.96      0.72      1.00      3.60      1.56
         det_prob[188]      0.89      0.13      0.96      0.72      1.00      3.59      1.56
         det_prob[189]      0.89      0.13      0.96      0.71      1.00      3.62      1.54
         det_prob[190]      0.89      0.13      0.96      0.70      1.00      3.63      1.54
         det_prob[191]      0.89      0.13      0.96      0.70      1.00      3.62      1.55
         det_prob[192]      0.89      0.13      0.96      0.69      1.00      3.69      1.52
         det_prob[193]      0.89      0.13      0.96      0.69      1.00      3.70      1.52
         det_prob[194]      0.89      0.13      0.96      0.68      1.00      3.69      1.52
         det_prob[195]      0.89      0.13      0.96      0.70      1.00      3.72      1.51
         det_prob[196]      0.90      0.13      0.96      0.70      1.00      3.74      1.51
         det_prob[197]      0.90      0.13      0.96      0.70      1.00      3.81      1.49
         det_prob[198]      0.90      0.13      0.96      0.70      1.00      3.85      1.48
         det_prob[199]      0.90      0.13      0.96      0.69      1.00      3.84      1.49
         det_prob[200]      0.90      0.13      0.96      0.71      1.00      3.87      1.48
         det_prob[201]      0.90      0.12      0.96      0.71      1.00      3.88      1.48
         det_prob[202]      0.90      0.12      0.96      0.71      1.00      3.88      1.48
         det_prob[203]      0.91      0.12      0.96      0.72      1.00      3.84      1.49
         det_prob[204]      0.91      0.11      0.96      0.72      1.00      3.88      1.48
         det_prob[205]      0.91      0.11      0.97      0.72      1.00      3.84      1.49
         det_prob[206]      0.91      0.11      0.97      0.72      1.00      3.90      1.48
         det_prob[207]      0.91      0.11      0.97      0.73      1.00      3.94      1.47
         det_prob[208]      0.91      0.11      0.97      0.74      1.00      3.99      1.47
         det_prob[209]      0.92      0.10      0.97      0.75      1.00      4.03      1.46
         det_prob[210]      0.92      0.10      0.97      0.76      1.00      4.03      1.47
         det_prob[211]      0.92      0.10      0.97      0.76      1.00      4.01      1.47
         det_prob[212]      0.92      0.10      0.97      0.78      1.00      4.10      1.46
         det_prob[213]      0.92      0.09      0.97      0.78      1.00      4.17      1.45
         det_prob[214]      0.92      0.10      0.97      0.78      1.00      4.26      1.43
         det_prob[215]      0.92      0.10      0.97      0.78      1.00      4.30      1.42
         det_prob[216]      0.92      0.10      0.97      0.78      1.00      4.45      1.41
         det_prob[217]      0.93      0.09      0.97      0.80      1.00      4.59      1.39
         det_prob[218]      0.93      0.09      0.97      0.79      1.00      4.77      1.38
         det_prob[219]      0.92      0.10      0.97      0.78      1.00      5.08      1.35
         det_prob[220]      0.92      0.10      0.97      0.79      1.00      5.28      1.34
         det_prob[221]      0.92      0.10      0.97      0.78      1.00      5.30      1.34
         det_prob[222]      0.92      0.10      0.97      0.78      1.00      5.57      1.32
         det_prob[223]      0.92      0.11      0.97      0.77      1.00      5.73      1.31
         det_prob[224]      0.92      0.11      0.97      0.76      1.00      5.87      1.31
         det_prob[225]      0.92      0.11      0.97      0.75      1.00      5.92      1.31
         det_prob[226]      0.92      0.11      0.97      0.75      1.00      5.99      1.30
         det_prob[227]      0.92      0.11      0.97      0.75      1.00      6.04      1.30
             det_prob0      0.23      0.05      0.23      0.15      0.32    101.03      1.00
            det_prob_d      0.90      0.03      0.90      0.85      0.95    580.08      1.00
                 gamma      0.48      0.05      0.48      0.41      0.56    185.12      1.00
                 rw[0]     -0.26      1.00     -0.30     -1.82      1.38     84.31      1.00
                 rw[1]     -0.39      1.34     -0.41     -2.27      2.01     31.19      1.01
                 rw[2]     -0.47      1.60     -0.55     -2.90      2.43     19.22      1.01
                 rw[3]     -0.57      1.79     -0.62     -3.33      2.38     14.29      1.02
                 rw[4]     -0.63      1.99     -0.86     -3.41      3.11     11.15      1.03
                 rw[5]     -0.75      2.15     -0.91     -4.26      2.57      9.94      1.03
                 rw[6]     -0.86      2.27     -1.19     -4.44      2.57      8.47      1.05
                 rw[7]     -1.06      2.41     -1.43     -4.48      3.03      8.32      1.04
                 rw[8]     -1.28      2.48     -1.60     -4.71      3.08      7.96      1.04
                 rw[9]     -1.53      2.62     -2.03     -5.42      2.78      7.61      1.05
                rw[10]     -1.66      2.68     -2.08     -5.62      3.00      7.08      1.05
                rw[11]     -1.72      2.70     -2.19     -6.01      2.67      7.04      1.05
                rw[12]     -1.82      2.78     -2.24     -5.63      3.32      7.10      1.04
                rw[13]     -1.92      2.82     -2.41     -6.01      3.00      6.92      1.04
                rw[14]     -2.01      2.83     -2.53     -6.73      2.17      6.84      1.04
                rw[15]     -2.16      2.79     -2.67     -6.57      2.20      6.80      1.04
                rw[16]     -2.25      2.75     -2.75     -6.13      2.36      6.80      1.04
                rw[17]     -2.46      2.69     -2.93     -6.02      2.39      6.99      1.03
                rw[18]     -2.68      2.65     -3.12     -6.58      1.59      6.93      1.03
                rw[19]     -2.79      2.61     -3.08     -6.81      1.35      6.95      1.04
                rw[20]     -2.96      2.56     -3.27     -6.56      1.54      7.04      1.03
                rw[21]     -3.24      2.53     -3.59     -7.38      0.73      6.84      1.04
                rw[22]     -3.51      2.54     -3.77     -7.64      0.45      6.78      1.04
                rw[23]     -3.81      2.51     -4.06     -7.54      0.40      6.66      1.03
                rw[24]     -4.01      2.50     -4.28     -7.95     -0.16      6.65      1.04
                rw[25]     -4.26      2.53     -4.54     -8.26     -0.16      6.67      1.04
                rw[26]     -4.46      2.55     -4.75     -8.19     -0.01      6.72      1.03
                rw[27]     -4.61      2.54     -4.86     -8.21     -0.01      6.61      1.03
                rw[28]     -4.79      2.55     -5.04     -9.02     -0.90      6.82      1.03
                rw[29]     -5.06      2.58     -5.36     -8.68     -0.54      6.83      1.03
                rw[30]     -5.33      2.61     -5.55     -9.28     -1.13      7.10      1.03
                rw[31]     -5.55      2.66     -5.88    -10.12     -1.69      7.15      1.03
                rw[32]     -5.75      2.63     -6.19     -9.62     -1.44      7.08      1.02
                rw[33]     -6.02      2.63     -6.49    -10.19     -1.96      7.25      1.02
                rw[34]     -6.31      2.70     -6.61    -10.60     -2.12      7.37      1.02
                rw[35]     -6.50      2.72     -6.92    -10.49     -2.02      7.26      1.01
                rw[36]     -6.78      2.71     -7.22    -10.61     -2.27      7.19      1.01
                rw[37]     -7.03      2.68     -7.30    -10.87     -2.69      7.33      1.01
                rw[38]     -7.24      2.72     -7.49    -11.48     -2.98      7.40      1.00
                rw[39]     -7.40      2.75     -7.69    -11.90     -3.13      7.28      1.00
                rw[40]     -7.50      2.75     -7.73    -11.84     -2.92      7.22      1.00
                rw[41]     -7.55      2.71     -7.80    -11.78     -3.25      7.24      1.00
                rw[42]     -7.65      2.66     -7.92    -11.69     -3.17      7.27      1.01
                rw[43]     -7.70      2.70     -7.85    -12.06     -3.45      7.39      1.01
                rw[44]     -7.70      2.67     -7.93    -11.87     -3.16      7.08      1.01
                rw[45]     -7.71      2.67     -7.95    -11.76     -3.38      7.06      1.01
                rw[46]     -7.75      2.69     -8.01    -11.67     -3.19      6.89      1.01
                rw[47]     -7.77      2.65     -7.99    -11.73     -3.46      7.01      1.01
                rw[48]     -7.85      2.69     -8.15    -11.69     -3.39      6.83      1.01
                rw[49]     -7.86      2.71     -8.16    -11.67     -3.33      7.03      1.01
                rw[50]     -7.93      2.66     -8.26    -11.71     -3.28      7.16      1.01
                rw[51]     -8.09      2.72     -8.43    -12.06     -3.55      7.18      1.01
                rw[52]     -8.14      2.70     -8.47    -11.84     -3.58      7.38      1.01
                rw[53]     -8.14      2.66     -8.50    -12.03     -3.60      7.47      1.01
                rw[54]     -8.21      2.66     -8.51    -12.43     -4.09      7.28      1.01
                rw[55]     -8.20      2.67     -8.55    -12.59     -4.34      7.19      1.02
                rw[56]     -8.24      2.68     -8.46    -12.05     -3.63      7.24      1.02
                rw[57]     -8.33      2.66     -8.56    -12.46     -4.18      7.04      1.03
                rw[58]     -8.39      2.63     -8.77    -12.46     -4.18      6.97      1.03
                rw[59]     -8.43      2.68     -8.81    -12.48     -4.11      7.00      1.03
                rw[60]     -8.41      2.65     -8.78    -12.16     -3.85      6.98      1.04
                rw[61]     -8.43      2.66     -8.74    -12.36     -4.07      6.86      1.04
                rw[62]     -8.38      2.59     -8.58    -12.36     -4.36      6.75      1.04
                rw[63]     -8.28      2.64     -8.59    -12.09     -3.69      6.86      1.04
                rw[64]     -8.20      2.62     -8.54    -11.93     -3.59      7.01      1.04
                rw[65]     -8.08      2.64     -8.44    -12.30     -3.93      6.96      1.04
                rw[66]     -8.01      2.61     -8.31    -11.88     -3.54      6.94      1.03
                rw[67]     -7.98      2.61     -8.31    -12.04     -3.85      6.91      1.03
                rw[68]     -7.95      2.65     -8.21    -11.88     -3.60      6.87      1.04
                rw[69]     -7.88      2.63     -8.18    -11.95     -3.76      6.66      1.05
                rw[70]     -7.89      2.65     -8.27    -12.27     -3.88      6.75      1.05
                rw[71]     -7.90      2.60     -8.34    -11.86     -3.56      6.75      1.04
                rw[72]     -7.86      2.61     -8.16    -11.70     -3.61      6.64      1.04
                rw[73]     -7.79      2.64     -7.99    -11.98     -3.90      6.66      1.04
                rw[74]     -7.71      2.64     -7.92    -11.41     -3.24      7.02      1.04
                rw[75]     -7.69      2.60     -7.85    -11.65     -3.26      7.32      1.04
                rw[76]     -7.67      2.62     -7.93    -11.76     -3.46      7.22      1.04
                rw[77]     -7.60      2.62     -7.82    -11.61     -3.30      7.35      1.04
                rw[78]     -7.61      2.54     -7.74    -11.41     -3.35      7.41      1.05
                rw[79]     -7.61      2.60     -7.78    -11.69     -3.36      7.32      1.05
                rw[80]     -7.60      2.57     -7.83    -11.63     -3.37      7.22      1.05
                rw[81]     -7.69      2.56     -8.05    -11.95     -3.73      7.17      1.06
                rw[82]     -7.88      2.59     -8.22    -12.11     -3.99      7.21      1.06
                rw[83]     -8.03      2.62     -8.37    -11.92     -3.84      7.22      1.06
                rw[84]     -8.18      2.59     -8.56    -11.76     -3.65      7.03      1.05
                rw[85]     -8.35      2.59     -8.67    -12.08     -3.87      7.01      1.06
                rw[86]     -8.50      2.62     -8.86    -12.18     -3.88      7.18      1.06
                rw[87]     -8.60      2.64     -9.00    -12.33     -4.01      7.35      1.06
                rw[88]     -8.64      2.62     -9.01    -12.48     -4.19      7.21      1.05
                rw[89]     -8.70      2.58     -9.09    -12.90     -4.72      7.38      1.04
                rw[90]     -8.71      2.57     -9.02    -12.52     -4.32      7.59      1.04
                rw[91]     -8.68      2.58     -9.01    -12.27     -4.12      7.50      1.03
                rw[92]     -8.70      2.55     -9.06    -12.52     -4.52      7.39      1.02
                rw[93]     -8.72      2.56     -9.03    -12.71     -4.72      7.42      1.02
                rw[94]     -8.80      2.60     -9.18    -12.76     -4.57      7.34      1.02
                rw[95]     -8.84      2.62     -9.28    -12.49     -4.15      7.51      1.02
                rw[96]     -8.75      2.61     -9.16    -12.67     -4.51      7.09      1.01
                rw[97]     -8.59      2.59     -8.91    -12.52     -4.64      6.87      1.02
                rw[98]     -8.39      2.59     -8.76    -12.29     -4.38      6.75      1.01
                rw[99]     -8.21      2.63     -8.51    -12.35     -4.33      6.73      1.01
               rw[100]     -8.05      2.62     -8.40    -12.26     -4.15      6.58      1.01
               rw[101]     -7.90      2.63     -8.17    -11.92     -3.92      6.56      1.01
               rw[102]     -7.74      2.66     -8.07    -11.65     -3.40      6.80      1.01
               rw[103]     -7.52      2.58     -7.90    -11.33     -3.13      6.88      1.01
               rw[104]     -7.35      2.57     -7.69    -11.11     -2.82      6.84      1.01
               rw[105]     -7.17      2.56     -7.44    -10.97     -2.89      6.90      1.01
               rw[106]     -7.14      2.52     -7.39    -10.73     -2.75      7.08      1.02
               rw[107]     -7.16      2.51     -7.29    -10.85     -3.02      7.12      1.02
               rw[108]     -7.14      2.55     -7.28    -10.83     -2.92      7.10      1.02
               rw[109]     -7.21      2.58     -7.37    -11.44     -3.26      7.10      1.02
               rw[110]     -7.31      2.62     -7.54    -11.30     -2.94      7.31      1.03
               rw[111]     -7.38      2.59     -7.71    -11.71     -3.44      7.37      1.03
               rw[112]     -7.42      2.57     -7.74    -11.13     -2.95      7.33      1.04
               rw[113]     -7.47      2.62     -7.82    -11.26     -2.91      7.34      1.05
               rw[114]     -7.57      2.61     -7.86    -11.54     -3.18      7.23      1.05
               rw[115]     -7.64      2.57     -7.89    -11.79     -3.56      7.30      1.05
               rw[116]     -7.61      2.58     -8.01    -11.78     -3.51      7.35      1.05
               rw[117]     -7.56      2.56     -7.77    -11.48     -3.42      7.50      1.05
               rw[118]     -7.47      2.56     -7.73    -11.21     -3.24      7.41      1.07
               rw[119]     -7.41      2.56     -7.65    -11.31     -3.25      7.64      1.07
               rw[120]     -7.26      2.53     -7.51    -11.32     -3.32      7.66      1.07
               rw[121]     -7.12      2.55     -7.43    -10.98     -2.74      7.22      1.07
               rw[122]     -7.07      2.49     -7.35    -11.15     -3.32      7.28      1.07
               rw[123]     -6.92      2.53     -7.24    -10.79     -2.86      7.28      1.06
               rw[124]     -6.69      2.52     -7.14    -10.34     -2.42      7.06      1.07
               rw[125]     -6.50      2.50     -6.83    -10.34     -2.45      7.23      1.06
               rw[126]     -6.41      2.52     -6.73    -10.11     -2.06      7.13      1.06
               rw[127]     -6.28      2.49     -6.70     -9.86     -2.08      6.77      1.06
               rw[128]     -6.27      2.48     -6.59     -9.96     -2.22      6.88      1.05
               rw[129]     -6.26      2.53     -6.60     -9.93     -1.95      6.87      1.05
               rw[130]     -6.23      2.50     -6.65     -9.76     -1.81      6.82      1.04
               rw[131]     -6.27      2.50     -6.57    -10.12     -2.46      6.79      1.04
               rw[132]     -6.33      2.53     -6.73    -10.28     -2.21      6.77      1.03
               rw[133]     -6.36      2.54     -6.78     -9.89     -2.03      6.83      1.03
               rw[134]     -6.36      2.52     -6.66    -10.31     -2.31      7.14      1.03
               rw[135]     -6.45      2.56     -6.79    -10.38     -2.39      7.09      1.02
               rw[136]     -6.46      2.52     -6.85     -9.94     -2.11      6.88      1.02
               rw[137]     -6.50      2.53     -6.84    -10.30     -2.41      6.87      1.03
               rw[138]     -6.57      2.58     -7.06    -10.29     -2.25      6.77      1.02
               rw[139]     -6.63      2.56     -7.09    -10.41     -2.42      6.72      1.02
               rw[140]     -6.74      2.53     -7.02    -10.37     -2.43      6.74      1.02
               rw[141]     -6.88      2.52     -7.19    -10.68     -2.75      6.68      1.03
               rw[142]     -7.06      2.50     -7.44    -10.86     -3.08      6.69      1.03
               rw[143]     -7.26      2.49     -7.65    -10.89     -3.15      6.68      1.04
               rw[144]     -7.41      2.56     -7.73    -11.12     -3.09      6.69      1.04
               rw[145]     -7.59      2.54     -7.93    -11.68     -3.56      6.95      1.03
               rw[146]     -7.71      2.53     -8.08    -11.56     -3.61      7.00      1.04
               rw[147]     -7.75      2.52     -8.05    -11.74     -3.84      7.14      1.04
               rw[148]     -7.74      2.54     -7.97    -11.53     -3.60      6.97      1.04
               rw[149]     -7.71      2.55     -7.99    -11.58     -3.68      6.86      1.03
               rw[150]     -7.64      2.54     -7.97    -11.34     -3.33      7.05      1.04
               rw[151]     -7.64      2.51     -7.95    -11.39     -3.49      6.97      1.04
               rw[152]     -7.63      2.54     -7.94    -11.74     -3.71      6.74      1.04
               rw[153]     -7.61      2.54     -7.95    -11.03     -3.02      6.79      1.04
               rw[154]     -7.61      2.55     -7.94    -11.60     -3.61      6.75      1.04
               rw[155]     -7.64      2.56     -8.06    -11.38     -3.43      6.80      1.04
               rw[156]     -7.71      2.57     -8.15    -11.42     -3.22      6.74      1.04
               rw[157]     -7.74      2.57     -8.05    -11.63     -3.58      6.67      1.03
               rw[158]     -7.66      2.55     -7.81    -11.41     -3.47      6.80      1.02
               rw[159]     -7.55      2.57     -7.84    -10.92     -2.89      6.70      1.02
               rw[160]     -7.39      2.57     -7.73    -11.28     -3.22      6.87      1.02
               rw[161]     -7.34      2.59     -7.62    -11.25     -3.08      6.91      1.02
               rw[162]     -7.32      2.63     -7.66    -11.27     -2.88      6.97      1.03
               rw[163]     -7.31      2.60     -7.64    -11.20     -3.15      6.97      1.02
               rw[164]     -7.28      2.58     -7.68    -11.19     -3.07      6.97      1.02
               rw[165]     -7.24      2.55     -7.73    -11.30     -3.30      6.91      1.03
               rw[166]     -7.17      2.55     -7.60    -11.13     -3.16      7.00      1.03
               rw[167]     -7.08      2.53     -7.38    -11.07     -3.05      6.90      1.03
               rw[168]     -7.04      2.50     -7.40    -10.95     -3.01      6.97      1.03
               rw[169]     -6.97      2.53     -7.35    -10.28     -2.45      6.73      1.03
               rw[170]     -6.99      2.53     -7.32    -11.01     -3.06      7.06      1.03
               rw[171]     -7.00      2.51     -7.33    -10.68     -2.87      6.95      1.03
               rw[172]     -6.98      2.56     -7.33    -10.50     -2.49      6.90      1.03
               rw[173]     -6.88      2.57     -7.26    -10.67     -2.50      6.88      1.03
               rw[174]     -6.86      2.59     -7.24    -10.64     -2.52      6.95      1.03
               rw[175]     -6.87      2.58     -7.24    -10.91     -2.84      6.97      1.02
               rw[176]     -6.82      2.59     -7.18    -10.59     -2.62      6.82      1.03
               rw[177]     -6.90      2.62     -7.27    -11.08     -2.82      7.05      1.03
               rw[178]     -6.95      2.63     -7.32    -10.99     -2.64      7.05      1.03
               rw[179]     -6.87      2.67     -7.20    -10.83     -2.39      7.18      1.03
               rw[180]     -6.78      2.65     -7.11    -11.10     -2.71      7.06      1.03
               rw[181]     -6.73      2.65     -7.04    -10.89     -2.63      7.16      1.03
               rw[182]     -6.67      2.66     -6.99    -10.66     -2.48      7.22      1.02
               rw[183]     -6.59      2.66     -6.90    -10.70     -2.38      6.95      1.02
               rw[184]     -6.63      2.64     -6.90    -10.59     -2.39      6.97      1.02
               rw[185]     -6.67      2.65     -7.05    -10.98     -2.66      6.84      1.01
               rw[186]     -6.72      2.67     -7.03    -10.91     -2.59      6.83      1.02
               rw[187]     -6.76      2.64     -6.89    -10.87     -2.61      6.83      1.02
               rw[188]     -6.92      2.64     -7.13    -10.76     -2.37      6.78      1.02
               rw[189]     -7.11      2.65     -7.33    -11.24     -2.73      6.90      1.02
               rw[190]     -7.40      2.64     -7.65    -11.53     -3.14      7.23      1.02
               rw[191]     -7.75      2.59     -8.11    -11.97     -3.75      7.02      1.02
               rw[192]     -8.05      2.57     -8.36    -11.91     -3.94      7.05      1.02
               rw[193]     -8.33      2.56     -8.66    -12.11     -4.18      7.06      1.03
               rw[194]     -8.54      2.56     -8.83    -12.64     -4.69      7.30      1.03
               rw[195]     -8.69      2.55     -9.06    -12.59     -4.53      7.14      1.04
               rw[196]     -8.85      2.53     -9.25    -12.60     -4.70      7.03      1.04
               rw[197]     -8.95      2.56     -9.29    -12.74     -4.81      7.00      1.03
               rw[198]     -9.00      2.58     -9.28    -12.88     -4.86      7.09      1.04
               rw[199]     -9.00      2.57     -9.34    -12.91     -4.90      6.88      1.04
               rw[200]     -8.87      2.60     -9.27    -12.89     -4.70      6.82      1.04
               rw[201]     -8.68      2.55     -8.99    -12.27     -4.36      6.86      1.05
               rw[202]     -8.52      2.60     -8.94    -12.57     -4.55      6.88      1.05
               rw[203]     -8.43      2.56     -8.71    -12.26     -4.19      6.99      1.05
               rw[204]     -8.24      2.51     -8.63    -12.05     -4.23      7.20      1.05
               rw[205]     -8.06      2.50     -8.51    -11.57     -3.60      7.08      1.05
               rw[206]     -7.91      2.54     -8.22    -11.74     -3.68      7.21      1.05
               rw[207]     -7.70      2.57     -8.03    -11.61     -3.40      7.31      1.05
               rw[208]     -7.49      2.56     -7.88    -11.50     -3.47      6.87      1.05
               rw[209]     -7.26      2.56     -7.69    -11.39     -3.17      7.01      1.05
               rw[210]     -7.05      2.60     -7.43    -10.90     -2.64      7.03      1.05
               rw[211]     -6.83      2.58     -7.16    -10.51     -2.37      7.11      1.05
               rw[212]     -6.71      2.58     -6.98    -10.31     -2.01      7.06      1.05
               rw[213]     -6.63      2.60     -6.99    -10.77     -2.39      6.93      1.05
               rw[214]     -6.50      2.58     -6.89    -10.55     -2.40      7.00      1.04
               rw[215]     -6.37      2.57     -6.73     -9.97     -1.96      7.03      1.04
               rw[216]     -6.26      2.56     -6.60    -10.33     -2.28      6.78      1.03
               rw[217]     -6.26      2.56     -6.65     -9.89     -1.97      6.63      1.03
               rw[218]     -6.36      2.60     -6.67    -10.37     -2.24      6.74      1.03
               rw[219]     -6.49      2.57     -6.80    -10.24     -2.27      6.91      1.03
               rw[220]     -6.63      2.58     -7.03    -10.36     -2.48      6.79      1.03
               rw[221]     -6.65      2.59     -6.94    -10.54     -2.65      6.95      1.03
               rw[222]     -6.65      2.63     -7.02    -10.54     -2.37      7.01      1.04
               rw[223]     -6.70      2.64     -6.98    -10.61     -2.39      7.36      1.03
               rw[224]     -6.76      2.67     -7.01    -11.01     -2.67      7.81      1.03
               rw[225]     -6.81      2.77     -7.03    -11.33     -2.67      8.41      1.03
               rw[226]     -6.80      2.92     -6.97    -11.02     -1.68      9.28      1.03
               rw[227]     -6.84      3.09     -6.97    -11.46     -1.52     10.42      1.02
                 sigma      0.22      0.02      0.22      0.18      0.25    376.65      1.00

Number of divergences: 0
