
                            mean       std    median      5.0%     95.0%     n_eff     r_hat
                    D0      0.84      1.29      0.48      0.00      1.85    953.51      1.00
                    E0     10.67     12.95      6.57      0.00     25.87    204.30      1.00
                    H0      1.26      1.40      0.82      0.00      2.97    404.90      1.00
                    I0     10.30     18.40      4.22      0.00     25.25     93.51      1.00
                 beta0      0.78      0.62      0.58      0.14      1.59     19.88      1.05
  confirmed_dispersion      0.75      0.10      0.74      0.59      0.92   1845.84      1.00
      death_dispersion      0.31      0.13      0.30      0.10      0.49   1095.45      1.00
            death_prob      0.01      0.00      0.01      0.01      0.02     38.56      1.00
            death_rate      0.04      0.01      0.04      0.03      0.06    515.20      1.00
           det_prob[0]      0.26      0.07      0.25      0.15      0.37    266.99      1.01
           det_prob[1]      0.25      0.07      0.24      0.11      0.35    235.69      1.01
           det_prob[2]      0.24      0.08      0.23      0.11      0.37    187.54      1.01
           det_prob[3]      0.23      0.09      0.22      0.10      0.38    195.89      1.01
           det_prob[4]      0.23      0.09      0.21      0.09      0.37    172.54      1.01
           det_prob[5]      0.22      0.09      0.21      0.08      0.37    146.82      1.02
           det_prob[6]      0.22      0.10      0.20      0.07      0.37    120.12      1.02
           det_prob[7]      0.22      0.10      0.20      0.08      0.38    124.76      1.02
           det_prob[8]      0.22      0.11      0.20      0.06      0.38    113.66      1.02
           det_prob[9]      0.22      0.11      0.19      0.06      0.39    109.11      1.02
          det_prob[10]      0.22      0.12      0.20      0.07      0.41    115.68      1.02
          det_prob[11]      0.23      0.12      0.20      0.06      0.41    107.00      1.02
          det_prob[12]      0.23      0.12      0.20      0.06      0.42    104.44      1.01
          det_prob[13]      0.23      0.12      0.20      0.06      0.41     88.93      1.02
          det_prob[14]      0.23      0.13      0.21      0.06      0.42     77.73      1.02
          det_prob[15]      0.24      0.13      0.20      0.05      0.41     75.52      1.02
          det_prob[16]      0.24      0.13      0.21      0.05      0.42     68.87      1.03
          det_prob[17]      0.25      0.13      0.22      0.05      0.42     63.51      1.03
          det_prob[18]      0.25      0.14      0.23      0.05      0.45     59.26      1.03
          det_prob[19]      0.26      0.14      0.23      0.05      0.46     58.14      1.03
          det_prob[20]      0.25      0.14      0.22      0.05      0.44     55.44      1.03
          det_prob[21]      0.25      0.14      0.22      0.04      0.44     53.60      1.03
          det_prob[22]      0.25      0.14      0.22      0.06      0.46     54.46      1.02
          det_prob[23]      0.25      0.15      0.22      0.05      0.47     51.67      1.02
          det_prob[24]      0.25      0.15      0.22      0.03      0.45     51.03      1.02
          det_prob[25]      0.25      0.15      0.22      0.04      0.46     49.47      1.02
          det_prob[26]      0.25      0.15      0.21      0.03      0.45     49.96      1.02
          det_prob[27]      0.25      0.15      0.21      0.04      0.46     48.15      1.02
          det_prob[28]      0.25      0.15      0.22      0.04      0.47     46.76      1.02
          det_prob[29]      0.25      0.16      0.22      0.03      0.47     45.96      1.02
          det_prob[30]      0.25      0.16      0.22      0.03      0.47     45.33      1.02
          det_prob[31]      0.25      0.16      0.21      0.03      0.48     45.15      1.03
          det_prob[32]      0.25      0.16      0.21      0.03      0.49     45.91      1.02
          det_prob[33]      0.25      0.17      0.21      0.03      0.50     45.25      1.02
          det_prob[34]      0.25      0.17      0.21      0.03      0.49     43.60      1.03
          det_prob[35]      0.25      0.17      0.21      0.03      0.51     44.65      1.02
          det_prob[36]      0.25      0.17      0.20      0.03      0.52     44.25      1.02
          det_prob[37]      0.25      0.18      0.20      0.02      0.52     43.32      1.02
          det_prob[38]      0.25      0.18      0.20      0.03      0.53     43.56      1.03
          det_prob[39]      0.25      0.18      0.20      0.02      0.52     43.51      1.02
          det_prob[40]      0.25      0.18      0.20      0.02      0.51     43.11      1.02
          det_prob[41]      0.26      0.18      0.21      0.02      0.53     41.54      1.02
          det_prob[42]      0.26      0.18      0.21      0.02      0.53     41.69      1.02
          det_prob[43]      0.27      0.19      0.22      0.02      0.54     40.23      1.02
          det_prob[44]      0.27      0.19      0.22      0.02      0.55     40.33      1.02
          det_prob[45]      0.28      0.19      0.23      0.03      0.56     39.05      1.01
          det_prob[46]      0.28      0.20      0.23      0.03      0.58     38.07      1.01
          det_prob[47]      0.29      0.20      0.24      0.03      0.59     38.08      1.01
          det_prob[48]      0.30      0.20      0.26      0.02      0.60     38.87      1.01
          det_prob[49]      0.31      0.20      0.27      0.03      0.62     37.16      1.01
          det_prob[50]      0.32      0.20      0.28      0.02      0.63     36.00      1.01
          det_prob[51]      0.34      0.20      0.30      0.03      0.65     37.22      1.01
          det_prob[52]      0.35      0.21      0.31      0.03      0.66     36.67      1.01
          det_prob[53]      0.36      0.21      0.32      0.05      0.69     35.57      1.01
          det_prob[54]      0.37      0.21      0.33      0.04      0.69     35.81      1.01
          det_prob[55]      0.38      0.21      0.35      0.05      0.71     35.04      1.01
          det_prob[56]      0.39      0.21      0.37      0.05      0.72     34.51      1.01
          det_prob[57]      0.39      0.22      0.37      0.05      0.73     34.68      1.00
          det_prob[58]      0.40      0.22      0.37      0.03      0.72     34.38      1.00
          det_prob[59]      0.40      0.22      0.38      0.04      0.73     35.11      1.00
          det_prob[60]      0.40      0.23      0.38      0.05      0.75     34.96      1.00
          det_prob[61]      0.41      0.23      0.39      0.05      0.75     35.47      1.00
          det_prob[62]      0.41      0.23      0.39      0.04      0.75     35.80      1.00
          det_prob[63]      0.42      0.23      0.39      0.04      0.77     35.63      1.00
          det_prob[64]      0.42      0.23      0.40      0.05      0.80     35.10      1.00
          det_prob[65]      0.43      0.23      0.41      0.04      0.78     34.86      1.00
          det_prob[66]      0.43      0.24      0.42      0.04      0.78     34.80      1.00
          det_prob[67]      0.43      0.24      0.42      0.04      0.78     34.67      1.00
          det_prob[68]      0.44      0.24      0.42      0.04      0.80     34.30      1.00
          det_prob[69]      0.44      0.24      0.42      0.05      0.80     34.57      1.00
          det_prob[70]      0.44      0.25      0.42      0.05      0.81     34.07      1.00
          det_prob[71]      0.45      0.25      0.42      0.05      0.82     33.60      1.00
          det_prob[72]      0.45      0.25      0.43      0.02      0.82     33.64      1.00
          det_prob[73]      0.45      0.25      0.43      0.03      0.82     33.49      1.00
          det_prob[74]      0.46      0.26      0.44      0.03      0.83     33.26      1.00
          det_prob[75]      0.46      0.26      0.44      0.04      0.85     33.04      1.00
          det_prob[76]      0.47      0.26      0.46      0.03      0.84     33.08      1.00
          det_prob[77]      0.48      0.26      0.46      0.06      0.88     33.35      1.00
          det_prob[78]      0.48      0.26      0.47      0.07      0.89     33.34      1.00
          det_prob[79]      0.49      0.26      0.48      0.06      0.88     33.34      1.00
          det_prob[80]      0.49      0.26      0.49      0.07      0.89     32.84      1.00
          det_prob[81]      0.50      0.26      0.50      0.08      0.90     32.28      1.00
          det_prob[82]      0.50      0.26      0.52      0.08      0.90     31.76      1.00
          det_prob[83]      0.51      0.26      0.52      0.12      0.95     31.56      1.00
          det_prob[84]      0.52      0.26      0.52      0.09      0.91     32.11      1.00
          det_prob[85]      0.52      0.27      0.53      0.12      0.94     31.78      1.00
          det_prob[86]      0.53      0.27      0.54      0.12      0.94     31.39      1.00
          det_prob[87]      0.54      0.27      0.55      0.13      0.95     30.65      1.00
          det_prob[88]      0.55      0.26      0.57      0.17      0.99     30.28      1.00
          det_prob[89]      0.55      0.26      0.58      0.18      0.99     30.17      1.00
          det_prob[90]      0.56      0.26      0.58      0.14      0.95     30.40      1.00
          det_prob[91]      0.56      0.26      0.58      0.19      0.99     30.27      1.00
          det_prob[92]      0.57      0.26      0.59      0.16      0.96     30.44      1.00
          det_prob[93]      0.57      0.26      0.60      0.20      0.99     30.27      1.00
          det_prob[94]      0.58      0.26      0.60      0.20      0.99     30.29      1.00
          det_prob[95]      0.58      0.26      0.61      0.21      0.99     30.30      1.00
          det_prob[96]      0.59      0.26      0.63      0.21      1.00     30.04      1.00
          det_prob[97]      0.59      0.26      0.63      0.22      1.00     29.97      1.00
          det_prob[98]      0.60      0.26      0.63      0.22      1.00     30.05      1.00
          det_prob[99]      0.60      0.26      0.64      0.22      1.00     29.83      1.00
         det_prob[100]      0.61      0.26      0.64      0.23      1.00     29.98      1.00
         det_prob[101]      0.61      0.26      0.65      0.24      1.00     29.90      1.00
         det_prob[102]      0.62      0.26      0.65      0.25      1.00     28.87      1.00
         det_prob[103]      0.62      0.26      0.66      0.25      1.00     28.31      1.00
         det_prob[104]      0.63      0.25      0.66      0.26      1.00     28.43      1.00
         det_prob[105]      0.63      0.25      0.67      0.27      1.00     27.99      1.00
         det_prob[106]      0.64      0.25      0.67      0.26      0.99     27.49      1.00
         det_prob[107]      0.65      0.25      0.69      0.27      1.00     27.78      1.00
         det_prob[108]      0.65      0.25      0.70      0.28      1.00     27.47      1.00
         det_prob[109]      0.66      0.24      0.70      0.29      1.00     27.13      1.00
         det_prob[110]      0.66      0.24      0.71      0.29      1.00     26.26      1.00
         det_prob[111]      0.67      0.24      0.72      0.30      1.00     26.47      1.00
         det_prob[112]      0.68      0.24      0.73      0.30      1.00     25.88      1.00
         det_prob[113]      0.68      0.24      0.74      0.32      1.00     25.40      1.00
         det_prob[114]      0.69      0.24      0.75      0.31      1.00     25.36      1.00
         det_prob[115]      0.69      0.24      0.75      0.32      1.00     24.48      1.00
         det_prob[116]      0.69      0.24      0.77      0.33      1.00     24.57      1.00
         det_prob[117]      0.70      0.23      0.77      0.34      1.00     24.01      1.00
         det_prob[118]      0.71      0.23      0.78      0.35      1.00     23.77      1.00
         det_prob[119]      0.71      0.22      0.77      0.37      1.00     24.05      1.00
         det_prob[120]      0.72      0.22      0.79      0.37      1.00     23.47      1.00
         det_prob[121]      0.72      0.22      0.79      0.39      1.00     23.20      1.00
         det_prob[122]      0.73      0.22      0.79      0.39      1.00     23.09      1.00
         det_prob[123]      0.73      0.22      0.80      0.40      1.00     22.87      1.00
         det_prob[124]      0.74      0.21      0.80      0.41      1.00     22.64      1.00
         det_prob[125]      0.74      0.21      0.80      0.43      1.00     22.49      1.00
         det_prob[126]      0.75      0.21      0.81      0.42      1.00     21.87      1.00
         det_prob[127]      0.75      0.21      0.81      0.44      1.00     21.79      1.00
         det_prob[128]      0.75      0.20      0.82      0.44      1.00     21.60      1.00
         det_prob[129]      0.76      0.20      0.81      0.43      1.00     21.32      1.00
         det_prob[130]      0.76      0.20      0.82      0.44      1.00     21.79      1.00
         det_prob[131]      0.76      0.20      0.82      0.44      1.00     22.16      1.00
         det_prob[132]      0.76      0.20      0.83      0.44      1.00     21.90      1.00
         det_prob[133]      0.76      0.20      0.83      0.44      1.00     22.17      1.00
         det_prob[134]      0.76      0.21      0.83      0.44      1.00     22.15      1.00
         det_prob[135]      0.76      0.21      0.83      0.42      1.00     22.17      1.00
         det_prob[136]      0.76      0.21      0.83      0.42      1.00     22.04      1.00
         det_prob[137]      0.76      0.21      0.83      0.43      1.00     22.03      1.00
         det_prob[138]      0.76      0.21      0.84      0.43      1.00     21.69      1.00
         det_prob[139]      0.77      0.21      0.84      0.43      1.00     21.67      1.00
         det_prob[140]      0.77      0.21      0.84      0.42      1.00     21.77      1.00
         det_prob[141]      0.77      0.21      0.84      0.43      1.00     21.67      1.00
         det_prob[142]      0.77      0.21      0.84      0.41      1.00     21.80      1.00
         det_prob[143]      0.76      0.22      0.84      0.42      1.00     21.66      1.00
         det_prob[144]      0.77      0.21      0.84      0.42      1.00     22.14      1.00
         det_prob[145]      0.77      0.21      0.85      0.42      1.00     21.95      1.00
         det_prob[146]      0.77      0.21      0.85      0.43      1.00     21.60      1.00
         det_prob[147]      0.77      0.21      0.86      0.42      1.00     21.38      1.00
         det_prob[148]      0.78      0.21      0.86      0.43      1.00     21.74      1.00
         det_prob[149]      0.78      0.21      0.86      0.42      1.00     21.82      1.00
         det_prob[150]      0.78      0.21      0.86      0.43      1.00     21.93      1.00
         det_prob[151]      0.78      0.21      0.86      0.44      1.00     22.13      1.00
         det_prob[152]      0.79      0.21      0.86      0.43      1.00     22.16      1.00
         det_prob[153]      0.79      0.21      0.87      0.44      1.00     21.89      1.00
         det_prob[154]      0.79      0.21      0.87      0.43      1.00     21.74      1.00
         det_prob[155]      0.79      0.21      0.87      0.44      1.00     21.29      1.00
         det_prob[156]      0.79      0.21      0.87      0.44      1.00     21.39      1.00
         det_prob[157]      0.79      0.20      0.87      0.45      1.00     21.39      1.00
         det_prob[158]      0.80      0.20      0.87      0.46      1.00     20.94      1.00
         det_prob[159]      0.80      0.20      0.87      0.48      1.00     21.19      1.00
         det_prob[160]      0.80      0.20      0.88      0.48      1.00     20.93      1.00
         det_prob[161]      0.81      0.19      0.88      0.49      1.00     20.84      1.00
         det_prob[162]      0.81      0.19      0.88      0.50      1.00     20.98      1.00
         det_prob[163]      0.81      0.19      0.88      0.50      1.00     21.04      1.00
         det_prob[164]      0.81      0.19      0.88      0.48      1.00     20.98      1.00
         det_prob[165]      0.81      0.19      0.88      0.49      1.00     21.06      1.00
         det_prob[166]      0.81      0.19      0.88      0.50      1.00     21.36      1.00
         det_prob[167]      0.81      0.19      0.88      0.51      1.00     21.93      1.00
         det_prob[168]      0.82      0.19      0.88      0.51      1.00     21.69      1.00
         det_prob[169]      0.82      0.18      0.88      0.52      1.00     21.86      1.00
         det_prob[170]      0.82      0.19      0.88      0.53      1.00     21.86      1.00
         det_prob[171]      0.82      0.19      0.88      0.52      1.00     21.78      1.00
         det_prob[172]      0.82      0.19      0.89      0.52      1.00     22.41      1.00
         det_prob[173]      0.82      0.19      0.88      0.52      1.00     22.38      1.00
         det_prob[174]      0.82      0.19      0.88      0.52      1.00     22.22      1.00
         det_prob[175]      0.82      0.19      0.89      0.53      1.00     22.36      1.00
         det_prob[176]      0.82      0.19      0.89      0.52      1.00     22.61      1.00
         det_prob[177]      0.82      0.19      0.89      0.52      1.00     22.99      1.00
         det_prob[178]      0.82      0.19      0.89      0.52      1.00     23.83      1.00
         det_prob[179]      0.82      0.19      0.89      0.53      1.00     23.55      1.00
         det_prob[180]      0.82      0.19      0.89      0.52      1.00     23.62      1.00
         det_prob[181]      0.82      0.19      0.89      0.53      1.00     23.54      1.00
         det_prob[182]      0.82      0.19      0.89      0.52      1.00     24.03      1.00
         det_prob[183]      0.82      0.19      0.89      0.52      1.00     24.26      1.00
         det_prob[184]      0.82      0.19      0.89      0.52      1.00     24.01      1.00
         det_prob[185]      0.82      0.19      0.89      0.53      1.00     24.02      1.00
         det_prob[186]      0.82      0.19      0.89      0.52      1.00     24.23      1.00
         det_prob[187]      0.82      0.19      0.89      0.52      1.00     24.63      1.00
         det_prob[188]      0.82      0.19      0.90      0.52      1.00     25.06      1.00
         det_prob[189]      0.82      0.19      0.90      0.52      1.00     25.40      1.00
         det_prob[190]      0.82      0.19      0.90      0.53      1.00     25.96      1.00
         det_prob[191]      0.83      0.19      0.89      0.53      1.00     26.71      1.00
         det_prob[192]      0.83      0.19      0.90      0.55      1.00     27.01      1.00
         det_prob[193]      0.83      0.19      0.90      0.55      1.00     27.60      1.00
         det_prob[194]      0.83      0.18      0.90      0.56      1.00     27.54      1.00
         det_prob[195]      0.83      0.18      0.91      0.57      1.00     27.59      1.00
         det_prob[196]      0.83      0.18      0.91      0.57      1.00     27.85      1.00
         det_prob[197]      0.84      0.18      0.91      0.57      1.00     28.11      1.00
         det_prob[198]      0.84      0.18      0.90      0.56      1.00     27.98      1.00
         det_prob[199]      0.84      0.18      0.90      0.56      1.00     28.81      1.00
         det_prob[200]      0.84      0.18      0.91      0.57      1.00     28.72      1.00
         det_prob[201]      0.84      0.18      0.91      0.57      1.00     29.42      1.00
         det_prob[202]      0.84      0.18      0.91      0.57      1.00     30.06      1.00
         det_prob[203]      0.84      0.18      0.91      0.58      1.00     30.67      1.00
         det_prob[204]      0.84      0.18      0.90      0.57      1.00     31.45      1.00
         det_prob[205]      0.83      0.18      0.91      0.55      1.00     32.74      1.00
         det_prob[206]      0.83      0.19      0.90      0.54      1.00     32.52      1.00
         det_prob[207]      0.83      0.19      0.91      0.52      1.00     33.33      1.00
         det_prob[208]      0.82      0.20      0.90      0.51      1.00     33.57      1.00
         det_prob[209]      0.82      0.20      0.90      0.50      1.00     33.65      1.00
         det_prob[210]      0.82      0.20      0.90      0.50      1.00     33.88      1.00
         det_prob[211]      0.82      0.21      0.90      0.49      1.00     34.92      1.00
         det_prob[212]      0.81      0.21      0.91      0.48      1.00     35.43      1.00
         det_prob[213]      0.81      0.21      0.91      0.48      1.00     35.85      1.00
         det_prob[214]      0.81      0.22      0.91      0.46      1.00     37.15      1.00
         det_prob[215]      0.81      0.22      0.90      0.47      1.00     37.01      1.00
         det_prob[216]      0.81      0.22      0.91      0.47      1.00     36.81      1.00
         det_prob[217]      0.81      0.22      0.90      0.47      1.00     37.59      1.00
         det_prob[218]      0.81      0.22      0.90      0.47      1.00     38.26      1.00
         det_prob[219]      0.81      0.22      0.91      0.49      1.00     38.48      1.00
         det_prob[220]      0.81      0.22      0.91      0.48      1.00     39.33      1.00
         det_prob[221]      0.81      0.21      0.91      0.50      1.00     39.84      1.00
         det_prob[222]      0.82      0.21      0.91      0.50      1.00     40.06      1.00
         det_prob[223]      0.82      0.21      0.91      0.50      1.00     40.63      1.00
         det_prob[224]      0.82      0.21      0.91      0.50      1.00     41.05      1.00
         det_prob[225]      0.82      0.21      0.91      0.50      1.00     40.75      1.00
         det_prob[226]      0.82      0.21      0.91      0.49      1.00     41.91      1.00
         det_prob[227]      0.82      0.21      0.91      0.51      1.00     42.72      1.00
             det_prob0      0.27      0.06      0.26      0.16      0.37    412.93      1.01
            det_prob_d      0.90      0.03      0.90      0.85      0.95   1942.90      1.00
                 gamma      0.49      0.05      0.49      0.41      0.58   1380.35      1.00
                 rw[0]     -0.12      1.01     -0.13     -1.78      1.48    151.77      1.00
                 rw[1]     -0.15      1.41     -0.17     -2.56      2.10     81.90      1.00
                 rw[2]     -0.15      1.77     -0.14     -3.04      2.74     58.61      1.01
                 rw[3]     -0.08      2.06     -0.05     -3.34      3.30     38.02      1.01
                 rw[4]      0.02      2.31      0.12     -3.56      3.82     34.16      1.01
                 rw[5]      0.13      2.50      0.19     -4.39      3.78     28.24      1.01
                 rw[6]      0.27      2.70      0.39     -4.19      4.49     23.25      1.02
                 rw[7]      0.43      2.91      0.59     -4.26      5.12     23.10      1.02
                 rw[8]      0.62      3.06      0.69     -4.07      5.99     21.81      1.02
                 rw[9]      0.80      3.19      0.86     -4.67      5.72     22.03      1.02
                rw[10]      0.98      3.35      1.05     -4.36      6.53     21.12      1.02
                rw[11]      1.11      3.47      1.17     -4.82      6.38     21.08      1.02
                rw[12]      1.25      3.56      1.43     -4.82      6.69     19.84      1.02
                rw[13]      1.34      3.64      1.44     -5.06      6.88     19.78      1.02
                rw[14]      1.37      3.72      1.55     -4.92      6.97     19.13      1.02
                rw[15]      1.39      3.74      1.48     -4.66      7.69     19.76      1.02
                rw[16]      1.35      3.80      1.49     -4.68      7.39     19.56      1.02
                rw[17]      1.22      3.87      1.31     -4.65      7.95     20.25      1.02
                rw[18]      1.08      3.95      1.04     -4.52      8.52     19.23      1.02
                rw[19]      0.88      4.00      0.98     -5.58      7.58     18.84      1.02
                rw[20]      0.63      4.05      0.70     -5.80      7.33     18.16      1.02
                rw[21]      0.37      4.07      0.44     -6.05      7.12     19.00      1.02
                rw[22]      0.09      4.08      0.16     -6.93      6.24     19.90      1.02
                rw[23]     -0.16      4.09     -0.07     -7.03      6.27     19.57      1.02
                rw[24]     -0.48      4.09     -0.23     -6.62      6.55     20.17      1.02
                rw[25]     -0.77      4.10     -0.61     -7.90      5.24     20.13      1.02
                rw[26]     -1.01      4.09     -0.74     -7.92      5.49     20.97      1.02
                rw[27]     -1.28      4.05     -1.03     -9.03      4.28     21.18      1.02
                rw[28]     -1.59      4.05     -1.39     -8.51      4.71     20.89      1.02
                rw[29]     -1.89      4.10     -1.65     -8.02      5.17     20.42      1.02
                rw[30]     -2.18      4.10     -2.00     -9.68      3.66     20.48      1.02
                rw[31]     -2.45      4.12     -2.19     -9.62      3.88     20.99      1.02
                rw[32]     -2.69      4.04     -2.65     -9.05      4.17     20.93      1.02
                rw[33]     -2.94      4.08     -2.81     -9.40      3.85     21.05      1.02
                rw[34]     -3.11      4.10     -3.03    -10.06      3.31     21.61      1.02
                rw[35]     -3.28      4.09     -3.13    -10.14      3.24     21.52      1.02
                rw[36]     -3.46      4.08     -3.53     -9.93      3.39     21.07      1.02
                rw[37]     -3.60      4.05     -3.69     -9.78      3.59     20.44      1.01
                rw[38]     -3.72      4.07     -3.82     -9.57      3.46     20.85      1.01
                rw[39]     -3.80      4.08     -3.73     -9.99      3.07     20.28      1.01
                rw[40]     -3.84      4.08     -3.79     -9.70      3.59     19.99      1.01
                rw[41]     -3.85      4.10     -3.92    -10.10      2.95     21.27      1.01
                rw[42]     -3.86      4.14     -3.94    -10.65      2.85     20.10      1.01
                rw[43]     -3.86      4.08     -3.92    -10.11      2.95     19.85      1.01
                rw[44]     -3.80      4.11     -3.90    -11.22      2.11     19.99      1.01
                rw[45]     -3.80      4.13     -3.85    -10.28      3.00     19.30      1.01
                rw[46]     -3.81      4.17     -3.89    -10.59      2.70     20.15      1.01
                rw[47]     -3.84      4.17     -3.89    -10.38      2.95     19.43      1.01
                rw[48]     -3.83      4.21     -3.77     -9.90      3.28     19.27      1.01
                rw[49]     -3.80      4.22     -3.88    -10.20      3.24     19.39      1.01
                rw[50]     -3.80      4.25     -3.79    -10.43      3.16     19.94      1.01
                rw[51]     -3.81      4.25     -3.86    -10.36      3.11     20.06      1.01
                rw[52]     -3.84      4.25     -3.84    -10.57      2.75     20.18      1.01
                rw[53]     -3.97      4.24     -3.97    -10.19      3.21     18.85      1.01
                rw[54]     -4.09      4.22     -3.94    -10.48      3.02     20.64      1.01
                rw[55]     -4.23      4.19     -4.16    -10.95      2.72     20.27      1.01
                rw[56]     -4.42      4.11     -4.24    -10.43      3.33     21.03      1.01
                rw[57]     -4.58      4.13     -4.38    -10.91      2.88     21.08      1.01
                rw[58]     -4.74      4.14     -4.66    -11.06      2.63     20.26      1.01
                rw[59]     -4.81      4.15     -4.59    -10.71      3.01     20.98      1.00
                rw[60]     -4.90      4.17     -4.65    -12.13      1.45     20.90      1.01
                rw[61]     -4.98      4.17     -4.82    -11.98      1.61     21.79      1.00
                rw[62]     -5.03      4.21     -4.97    -11.79      2.01     21.37      1.00
                rw[63]     -5.10      4.21     -4.93    -11.88      1.72     21.49      1.01
                rw[64]     -5.16      4.26     -4.98    -12.13      1.79     22.67      1.01
                rw[65]     -5.21      4.26     -5.09    -11.55      2.29     24.08      1.01
                rw[66]     -5.16      4.24     -5.03    -12.22      1.52     24.26      1.01
                rw[67]     -5.06      4.26     -4.90    -11.81      1.98     23.89      1.01
                rw[68]     -4.96      4.29     -4.66    -11.44      2.32     24.37      1.01
                rw[69]     -4.92      4.35     -4.67    -11.62      2.35     24.10      1.01
                rw[70]     -4.85      4.33     -4.59    -12.01      2.28     24.37      1.01
                rw[71]     -4.72      4.35     -4.47    -11.89      2.73     24.28      1.01
                rw[72]     -4.58      4.31     -4.29    -11.98      2.27     24.22      1.01
                rw[73]     -4.41      4.31     -4.09    -11.24      2.83     23.70      1.01
                rw[74]     -4.24      4.29     -4.05    -10.71      3.15     24.25      1.01
                rw[75]     -4.03      4.28     -3.83    -11.59      2.51     25.18      1.02
                rw[76]     -3.86      4.23     -3.75    -10.14      3.85     24.85      1.01
                rw[77]     -3.68      4.25     -3.60    -11.13      2.94     24.62      1.01
                rw[78]     -3.48      4.27     -3.30    -10.07      3.72     24.45      1.02
                rw[79]     -3.24      4.26     -3.06     -9.84      3.80     23.72      1.02
                rw[80]     -3.05      4.22     -2.83     -9.54      3.82     23.56      1.02
                rw[81]     -2.80      4.21     -2.42     -9.19      4.08     23.08      1.02
                rw[82]     -2.58      4.18     -2.19     -8.30      4.98     23.24      1.02
                rw[83]     -2.33      4.18     -2.14     -7.83      5.72     22.94      1.02
                rw[84]     -2.10      4.14     -1.79     -8.59      4.75     23.00      1.02
                rw[85]     -1.87      4.12     -1.62     -8.76      4.58     22.63      1.02
                rw[86]     -1.68      4.15     -1.52     -8.44      5.28     21.53      1.02
                rw[87]     -1.49      4.17     -1.30     -8.29      5.32     22.64      1.02
                rw[88]     -1.30      4.12     -1.01     -8.31      5.02     23.10      1.02
                rw[89]     -1.10      4.13     -0.84     -8.11      5.39     22.63      1.02
                rw[90]     -0.95      4.11     -0.73     -7.27      6.16     20.41      1.02
                rw[91]     -0.77      4.08     -0.68     -6.79      6.68     19.77      1.02
                rw[92]     -0.60      4.09     -0.35     -6.62      6.71     20.01      1.02
                rw[93]     -0.44      4.12     -0.38     -6.90      6.43     19.55      1.02
                rw[94]     -0.21      4.04     -0.06     -6.80      6.44     18.53      1.02
                rw[95]     -0.02      4.00      0.05     -5.87      7.27     17.13      1.02
                rw[96]      0.16      4.01      0.22     -5.67      7.61     18.53      1.02
                rw[97]      0.35      4.01      0.44     -6.14      6.96     19.66      1.01
                rw[98]      0.57      3.98      0.63     -5.24      7.63     19.01      1.01
                rw[99]      0.78      3.96      0.89     -5.69      7.06     18.76      1.02
               rw[100]      0.96      4.00      1.14     -5.42      7.72     17.86      1.02
               rw[101]      1.12      3.97      1.25     -5.84      6.98     18.80      1.02
               rw[102]      1.30      3.96      1.48     -5.40      7.46     20.23      1.01
               rw[103]      1.50      3.94      1.66     -4.72      8.07     21.26      1.01
               rw[104]      1.71      3.90      1.78     -4.32      8.69     20.77      1.01
               rw[105]      1.94      3.89      2.09     -4.39      8.38     20.95      1.01
               rw[106]      2.08      3.94      2.20     -4.43      8.45     20.27      1.01
               rw[107]      2.18      3.91      2.39     -4.71      8.17     19.95      1.01
               rw[108]      2.31      3.85      2.44     -4.21      8.34     20.02      1.01
               rw[109]      2.44      3.84      2.59     -3.77      8.86     19.75      1.01
               rw[110]      2.57      3.86      2.75     -3.85      8.77     19.89      1.01
               rw[111]      2.65      3.83      2.80     -2.92      9.30     20.20      1.01
               rw[112]      2.67      3.78      2.84     -3.28      8.85     19.73      1.01
               rw[113]      2.69      3.74      2.75     -3.11      8.94     19.16      1.01
               rw[114]      2.77      3.80      2.91     -3.10      8.93     18.73      1.01
               rw[115]      2.81      3.79      2.87     -3.17      9.11     18.06      1.01
               rw[116]      2.83      3.77      2.88     -3.05      9.14     18.20      1.02
               rw[117]      2.89      3.80      3.02     -2.98      9.20     18.78      1.02
               rw[118]      2.84      3.80      2.90     -3.92      8.39     19.31      1.02
               rw[119]      2.77      3.78      2.96     -3.26      8.84     19.91      1.02
               rw[120]      2.69      3.81      2.85     -2.84      9.37     19.18      1.02
               rw[121]      2.53      3.81      2.59     -3.36      8.91     18.48      1.02
               rw[122]      2.33      3.80      2.44     -3.40      8.91     18.86      1.02
               rw[123]      2.15      3.82      2.22     -4.08      8.33     18.38      1.02
               rw[124]      1.96      3.83      2.04     -4.60      7.98     17.62      1.01
               rw[125]      1.79      3.82      1.88     -4.67      7.73     17.79      1.01
               rw[126]      1.53      3.84      1.66     -4.38      7.99     18.29      1.01
               rw[127]      1.19      3.78      1.27     -5.37      7.00     18.79      1.01
               rw[128]      0.87      3.82      0.93     -5.37      7.14     17.97      1.02
               rw[129]      0.56      3.85      0.62     -5.31      7.21     17.69      1.02
               rw[130]      0.21      3.80      0.31     -5.84      6.40     17.76      1.02
               rw[131]     -0.03      3.78      0.12     -6.32      5.78     17.48      1.02
               rw[132]     -0.33      3.82     -0.18     -7.14      5.31     17.38      1.02
               rw[133]     -0.60      3.88     -0.37     -7.07      5.41     18.58      1.02
               rw[134]     -0.82      3.83     -0.73     -7.18      5.24     19.01      1.02
               rw[135]     -1.06      3.82     -0.83     -7.72      4.92     18.44      1.01
               rw[136]     -1.22      3.86     -1.06     -7.41      5.16     18.13      1.01
               rw[137]     -1.34      3.83     -1.12     -7.65      4.94     17.97      1.02
               rw[138]     -1.45      3.82     -1.29     -7.41      4.98     18.87      1.02
               rw[139]     -1.48      3.79     -1.30     -7.91      4.51     18.17      1.02
               rw[140]     -1.47      3.75     -1.36     -7.19      5.18     17.60      1.02
               rw[141]     -1.37      3.73     -1.25     -7.85      4.33     18.55      1.02
               rw[142]     -1.31      3.77     -1.09     -7.12      5.03     18.32      1.02
               rw[143]     -1.18      3.80     -1.00     -7.35      4.82     17.93      1.02
               rw[144]     -1.04      3.80     -0.84     -6.93      5.41     17.03      1.02
               rw[145]     -0.87      3.80     -0.72     -6.68      5.49     17.04      1.02
               rw[146]     -0.73      3.82     -0.52     -6.56      5.67     16.88      1.02
               rw[147]     -0.55      3.79     -0.26     -6.81      5.24     18.17      1.02
               rw[148]     -0.35      3.82     -0.11     -6.17      5.95     18.88      1.02
               rw[149]     -0.19      3.82     -0.03     -6.24      5.82     19.46      1.02
               rw[150]     -0.02      3.81      0.01     -6.47      5.76     20.21      1.02
               rw[151]      0.13      3.84      0.22     -6.56      5.84     20.15      1.02
               rw[152]      0.25      3.85      0.38     -6.74      5.72     20.04      1.02
               rw[153]      0.33      3.84      0.49     -5.82      6.79     18.69      1.02
               rw[154]      0.46      3.78      0.73     -6.39      5.99     19.89      1.02
               rw[155]      0.51      3.78      0.59     -6.25      6.12     19.09      1.02
               rw[156]      0.59      3.79      0.67     -5.19      7.31     17.75      1.02
               rw[157]      0.63      3.79      0.85     -5.85      6.35     17.49      1.02
               rw[158]      0.62      3.85      0.81     -5.15      7.48     18.64      1.02
               rw[159]      0.48      3.90      0.61     -5.53      7.11     19.58      1.02
               rw[160]      0.30      3.91      0.35     -5.54      7.17     19.25      1.02
               rw[161]      0.07      3.92      0.21     -6.12      6.73     17.92      1.02
               rw[162]     -0.19      3.89     -0.02     -5.92      6.77     17.91      1.01
               rw[163]     -0.44      3.93     -0.34     -6.48      6.21     18.69      1.02
               rw[164]     -0.75      3.88     -0.58     -7.48      5.15     18.49      1.01
               rw[165]     -1.04      3.81     -0.94     -7.36      5.12     18.51      1.02
               rw[166]     -1.33      3.85     -1.02     -7.80      4.83     18.49      1.02
               rw[167]     -1.66      3.83     -1.45     -7.73      4.65     18.87      1.02
               rw[168]     -2.01      3.86     -1.93     -8.74      3.92     18.55      1.02
               rw[169]     -2.33      3.87     -2.20     -8.60      4.00     18.94      1.02
               rw[170]     -2.63      3.85     -2.47     -8.74      4.03     18.79      1.02
               rw[171]     -2.88      3.89     -2.69     -9.18      3.51     18.94      1.02
               rw[172]     -3.16      3.89     -2.98     -8.99      3.80     19.42      1.01
               rw[173]     -3.37      3.88     -3.29     -9.91      2.81     19.07      1.01
               rw[174]     -3.61      3.91     -3.41    -10.74      2.23     18.93      1.01
               rw[175]     -3.78      3.92     -3.56    -10.70      2.12     19.45      1.01
               rw[176]     -3.92      3.91     -3.75     -9.99      2.74     19.67      1.01
               rw[177]     -4.00      3.91     -3.74    -10.15      2.25     19.03      1.01
               rw[178]     -4.05      3.91     -3.78    -10.76      1.76     18.32      1.02
               rw[179]     -4.08      3.89     -4.07    -10.14      2.23     18.40      1.02
               rw[180]     -4.05      3.90     -3.93    -10.08      2.37     18.91      1.01
               rw[181]     -3.98      3.92     -3.72    -10.39      2.39     18.51      1.01
               rw[182]     -3.81      3.84     -3.52     -9.85      2.49     17.74      1.02
               rw[183]     -3.74      3.88     -3.61    -10.05      2.49     17.60      1.02
               rw[184]     -3.63      3.90     -3.52     -9.80      3.02     18.57      1.02
               rw[185]     -3.55      3.87     -3.39    -10.19      2.62     18.75      1.02
               rw[186]     -3.41      3.85     -3.22     -9.11      3.61     18.27      1.02
               rw[187]     -3.26      3.87     -3.06     -9.84      2.70     19.15      1.01
               rw[188]     -3.13      3.95     -2.97     -8.89      4.07     18.60      1.01
               rw[189]     -2.96      3.91     -2.84     -9.26      3.42     18.77      1.02
               rw[190]     -2.78      3.95     -2.65     -9.04      3.72     18.60      1.02
               rw[191]     -2.66      3.96     -2.48     -9.30      3.40     18.82      1.02
               rw[192]     -2.53      4.01     -2.39     -8.67      4.53     18.49      1.02
               rw[193]     -2.45      4.03     -2.26     -9.08      4.04     18.35      1.02
               rw[194]     -2.41      4.00     -2.31     -8.61      4.49     18.39      1.02
               rw[195]     -2.38      3.98     -2.26     -8.95      4.06     17.58      1.02
               rw[196]     -2.47      3.99     -2.31     -8.64      4.25     17.51      1.02
               rw[197]     -2.59      3.98     -2.49     -9.78      3.25     17.36      1.02
               rw[198]     -2.71      3.96     -2.59     -9.50      3.44     18.02      1.02
               rw[199]     -2.88      3.94     -2.60     -8.84      3.86     17.24      1.02
               rw[200]     -3.06      3.94     -2.86     -8.82      3.67     17.33      1.02
               rw[201]     -3.24      3.93     -3.13     -8.72      3.91     18.30      1.02
               rw[202]     -3.47      3.96     -3.32     -9.37      3.36     18.99      1.02
               rw[203]     -3.63      3.94     -3.54     -9.90      3.00     18.15      1.02
               rw[204]     -3.87      3.97     -3.84    -10.08      2.93     18.86      1.02
               rw[205]     -4.13      4.01     -4.07    -10.89      2.28     17.51      1.02
               rw[206]     -4.32      3.96     -4.11    -10.15      2.94     18.24      1.02
               rw[207]     -4.44      3.96     -4.27    -11.14      1.76     17.99      1.02
               rw[208]     -4.44      3.96     -4.34    -11.36      1.81     18.58      1.02
               rw[209]     -4.44      4.05     -4.27    -10.69      2.67     20.48      1.01
               rw[210]     -4.42      3.99     -4.28    -11.70      1.43     19.10      1.02
               rw[211]     -4.32      4.00     -4.17    -10.85      2.06     19.61      1.02
               rw[212]     -4.22      4.02     -4.10    -11.20      1.83     19.46      1.02
               rw[213]     -4.12      4.01     -3.98    -11.03      1.99     20.21      1.01
               rw[214]     -3.99      4.01     -4.03     -9.95      3.08     20.12      1.01
               rw[215]     -3.87      4.04     -3.73    -10.27      2.53     20.77      1.01
               rw[216]     -3.73      4.12     -3.55     -9.68      3.60     21.21      1.01
               rw[217]     -3.58      4.18     -3.43    -11.11      2.48     21.73      1.01
               rw[218]     -3.45      4.26     -3.19    -10.56      3.29     20.81      1.01
               rw[219]     -3.30      4.32     -3.20    -10.49      3.79     21.16      1.01
               rw[220]     -3.13      4.43     -3.11    -10.06      4.48     21.75      1.01
               rw[221]     -3.00      4.52     -2.93    -11.52      3.44     23.05      1.01
               rw[222]     -2.89      4.59     -2.83     -9.90      5.28     23.59      1.01
               rw[223]     -2.78      4.66     -2.82    -10.01      5.25     24.17      1.01
               rw[224]     -2.72      4.77     -2.64    -10.43      5.36     24.82      1.01
               rw[225]     -2.65      4.89     -2.58    -10.54      5.45     26.17      1.01
               rw[226]     -2.68      4.99     -2.57    -10.62      5.88     26.79      1.01
               rw[227]     -2.70      5.07     -2.56    -11.89      4.76     28.44      1.01
                 sigma      0.24      0.02      0.24      0.20      0.27   1209.07      1.00

Number of divergences: 0
