
                            mean       std    median      5.0%     95.0%     n_eff     r_hat
                    D0      0.83      1.45      0.48      0.00      1.73    865.79      1.00
                    E0     32.28     41.30     19.67      0.01     74.28    123.77      1.01
                    H0      1.59      1.64      1.07      0.00      3.67   1236.05      1.00
                    I0     15.97     32.93      7.99      0.01     36.54    206.09      1.01
                 beta0      1.49      0.95      1.24      0.36      2.64     22.67      1.07
  confirmed_dispersion      0.40      0.07      0.39      0.29      0.52   1112.27      1.00
      death_dispersion      0.30      0.11      0.29      0.12      0.46    786.36      1.00
            death_prob      0.01      0.00      0.01      0.00      0.01     57.97      1.00
            death_rate      0.08      0.01      0.07      0.06      0.09    651.69      1.00
           det_prob[0]      0.16      0.05      0.16      0.08      0.24    422.36      1.00
           det_prob[1]      0.14      0.05      0.13      0.06      0.22    404.43      1.00
           det_prob[2]      0.12      0.05      0.11      0.05      0.20    343.48      1.00
           det_prob[3]      0.11      0.05      0.10      0.04      0.18    278.94      1.00
           det_prob[4]      0.09      0.04      0.08      0.03      0.15    255.16      1.00
           det_prob[5]      0.08      0.04      0.08      0.03      0.14    263.03      1.00
           det_prob[6]      0.07      0.04      0.07      0.03      0.13    227.44      1.00
           det_prob[7]      0.07      0.03      0.06      0.02      0.12    204.20      1.00
           det_prob[8]      0.06      0.03      0.06      0.02      0.11    207.23      1.00
           det_prob[9]      0.06      0.03      0.05      0.01      0.10    183.56      1.00
          det_prob[10]      0.06      0.03      0.05      0.01      0.09    165.31      1.00
          det_prob[11]      0.06      0.03      0.05      0.02      0.10    165.35      1.00
          det_prob[12]      0.05      0.03      0.05      0.01      0.09    173.90      1.00
          det_prob[13]      0.05      0.03      0.05      0.01      0.09    147.97      1.00
          det_prob[14]      0.05      0.03      0.05      0.02      0.10    137.55      1.00
          det_prob[15]      0.06      0.03      0.05      0.01      0.09    134.14      1.00
          det_prob[16]      0.06      0.03      0.05      0.02      0.10    117.92      1.00
          det_prob[17]      0.06      0.03      0.05      0.02      0.11    110.44      1.00
          det_prob[18]      0.06      0.03      0.06      0.02      0.11    107.57      1.00
          det_prob[19]      0.07      0.03      0.06      0.02      0.12    100.64      1.00
          det_prob[20]      0.07      0.04      0.07      0.02      0.12     91.74      1.00
          det_prob[21]      0.08      0.04      0.07      0.02      0.13     83.71      1.00
          det_prob[22]      0.08      0.04      0.07      0.03      0.14     84.65      1.00
          det_prob[23]      0.09      0.04      0.08      0.03      0.15     82.90      1.00
          det_prob[24]      0.09      0.05      0.08      0.02      0.15     83.69      1.00
          det_prob[25]      0.09      0.05      0.09      0.03      0.16     83.20      1.00
          det_prob[26]      0.10      0.05      0.09      0.03      0.18     83.08      1.00
          det_prob[27]      0.11      0.06      0.10      0.03      0.19     80.11      1.00
          det_prob[28]      0.12      0.06      0.11      0.03      0.20     78.37      1.00
          det_prob[29]      0.13      0.06      0.12      0.04      0.22     75.43      1.00
          det_prob[30]      0.14      0.07      0.13      0.04      0.23     74.46      1.00
          det_prob[31]      0.15      0.07      0.13      0.04      0.26     71.26      1.00
          det_prob[32]      0.15      0.07      0.14      0.04      0.26     74.18      1.00
          det_prob[33]      0.16      0.08      0.14      0.04      0.26     79.01      1.00
          det_prob[34]      0.16      0.08      0.15      0.04      0.28     77.72      1.00
          det_prob[35]      0.17      0.09      0.15      0.06      0.31     79.14      1.00
          det_prob[36]      0.18      0.09      0.16      0.04      0.31     77.41      1.00
          det_prob[37]      0.18      0.09      0.16      0.05      0.31     75.82      1.00
          det_prob[38]      0.18      0.09      0.16      0.05      0.32     77.09      1.00
          det_prob[39]      0.18      0.10      0.16      0.06      0.35     70.69      1.00
          det_prob[40]      0.18      0.10      0.16      0.03      0.33     71.45      1.00
          det_prob[41]      0.19      0.10      0.16      0.04      0.34     71.36      1.00
          det_prob[42]      0.19      0.11      0.17      0.04      0.35     70.40      1.00
          det_prob[43]      0.20      0.11      0.17      0.04      0.36     66.11      1.00
          det_prob[44]      0.21      0.11      0.18      0.04      0.37     65.92      1.00
          det_prob[45]      0.21      0.12      0.18      0.05      0.39     66.56      1.00
          det_prob[46]      0.21      0.12      0.19      0.03      0.38     65.34      1.00
          det_prob[47]      0.22      0.13      0.19      0.04      0.40     66.52      1.00
          det_prob[48]      0.23      0.13      0.21      0.04      0.41     66.95      1.00
          det_prob[49]      0.24      0.14      0.22      0.04      0.45     64.79      1.00
          det_prob[50]      0.26      0.14      0.23      0.05      0.47     66.44      1.00
          det_prob[51]      0.28      0.15      0.25      0.06      0.50     66.29      1.00
          det_prob[52]      0.30      0.15      0.26      0.07      0.52     64.40      1.00
          det_prob[53]      0.31      0.16      0.28      0.06      0.54     63.81      1.00
          det_prob[54]      0.33      0.16      0.30      0.08      0.58     64.61      1.00
          det_prob[55]      0.34      0.16      0.31      0.07      0.59     65.54      1.00
          det_prob[56]      0.36      0.17      0.34      0.10      0.63     65.83      1.00
          det_prob[57]      0.38      0.17      0.36      0.10      0.65     62.68      1.00
          det_prob[58]      0.40      0.17      0.38      0.13      0.68     62.03      1.00
          det_prob[59]      0.41      0.18      0.40      0.14      0.69     62.64      1.00
          det_prob[60]      0.42      0.18      0.41      0.15      0.72     59.88      1.00
          det_prob[61]      0.43      0.18      0.41      0.16      0.73     58.07      1.00
          det_prob[62]      0.44      0.19      0.42      0.15      0.73     58.99      1.00
          det_prob[63]      0.45      0.19      0.42      0.16      0.76     57.83      1.00
          det_prob[64]      0.45      0.19      0.43      0.16      0.77     58.22      1.00
          det_prob[65]      0.46      0.19      0.44      0.17      0.77     58.30      1.00
          det_prob[66]      0.47      0.20      0.44      0.15      0.76     58.36      1.00
          det_prob[67]      0.47      0.20      0.45      0.16      0.78     59.35      1.00
          det_prob[68]      0.48      0.20      0.46      0.16      0.78     59.06      1.00
          det_prob[69]      0.49      0.20      0.47      0.17      0.79     60.24      1.00
          det_prob[70]      0.50      0.20      0.49      0.20      0.84     59.39      1.00
          det_prob[71]      0.51      0.20      0.50      0.19      0.84     58.42      1.00
          det_prob[72]      0.52      0.20      0.51      0.17      0.81     57.36      1.00
          det_prob[73]      0.53      0.20      0.53      0.16      0.80     56.07      1.00
          det_prob[74]      0.54      0.20      0.53      0.17      0.82     55.93      1.00
          det_prob[75]      0.55      0.20      0.54      0.22      0.87     55.73      1.00
          det_prob[76]      0.56      0.20      0.56      0.24      0.89     55.14      1.00
          det_prob[77]      0.57      0.20      0.57      0.24      0.88     55.08      1.00
          det_prob[78]      0.58      0.20      0.58      0.25      0.89     54.50      1.00
          det_prob[79]      0.59      0.20      0.59      0.28      0.92     52.84      1.00
          det_prob[80]      0.60      0.20      0.61      0.28      0.92     52.34      1.00
          det_prob[81]      0.61      0.20      0.62      0.29      0.92     50.97      1.00
          det_prob[82]      0.62      0.19      0.64      0.32      0.94     49.39      1.00
          det_prob[83]      0.63      0.19      0.64      0.32      0.93     48.90      1.00
          det_prob[84]      0.64      0.19      0.65      0.35      0.96     49.22      1.00
          det_prob[85]      0.64      0.19      0.66      0.36      0.96     49.46      1.00
          det_prob[86]      0.66      0.19      0.67      0.37      0.97     48.96      1.00
          det_prob[87]      0.67      0.18      0.69      0.40      0.97     47.62      1.00
          det_prob[88]      0.68      0.18      0.70      0.40      0.97     47.40      1.00
          det_prob[89]      0.69      0.18      0.71      0.44      0.97     47.16      1.00
          det_prob[90]      0.70      0.17      0.73      0.44      0.97     47.81      1.00
          det_prob[91]      0.72      0.16      0.74      0.48      0.98     46.52      1.00
          det_prob[92]      0.73      0.16      0.75      0.48      0.98     45.88      1.00
          det_prob[93]      0.73      0.16      0.75      0.49      0.98     45.08      1.00
          det_prob[94]      0.74      0.16      0.76      0.50      0.98     43.82      1.00
          det_prob[95]      0.74      0.16      0.77      0.51      0.99     43.97      1.00
          det_prob[96]      0.75      0.16      0.77      0.51      0.98     42.72      1.00
          det_prob[97]      0.75      0.16      0.78      0.52      0.99     41.61      1.00
          det_prob[98]      0.75      0.16      0.78      0.51      0.99     40.65      1.00
          det_prob[99]      0.75      0.17      0.79      0.50      0.98     38.93      1.00
         det_prob[100]      0.75      0.17      0.79      0.50      0.99     38.51      1.00
         det_prob[101]      0.75      0.17      0.79      0.49      0.99     37.55      1.00
         det_prob[102]      0.75      0.17      0.79      0.49      0.99     37.09      1.00
         det_prob[103]      0.76      0.18      0.80      0.50      1.00     36.01      1.00
         det_prob[104]      0.76      0.18      0.80      0.50      1.00     35.31      1.00
         det_prob[105]      0.76      0.17      0.80      0.51      1.00     35.58      1.00
         det_prob[106]      0.77      0.17      0.81      0.51      1.00     34.92      1.00
         det_prob[107]      0.77      0.17      0.81      0.53      1.00     34.21      1.00
         det_prob[108]      0.78      0.17      0.82      0.54      1.00     34.04      1.00
         det_prob[109]      0.78      0.17      0.83      0.54      1.00     33.66      1.00
         det_prob[110]      0.79      0.16      0.83      0.54      1.00     33.41      1.00
         det_prob[111]      0.79      0.16      0.83      0.57      1.00     32.94      1.00
         det_prob[112]      0.80      0.16      0.83      0.57      1.00     32.37      1.00
         det_prob[113]      0.80      0.16      0.84      0.57      1.00     32.55      1.00
         det_prob[114]      0.80      0.16      0.84      0.56      1.00     31.81      1.00
         det_prob[115]      0.80      0.16      0.85      0.57      1.00     32.50      1.00
         det_prob[116]      0.81      0.16      0.85      0.57      1.00     32.34      1.00
         det_prob[117]      0.81      0.16      0.85      0.57      1.00     33.23      1.00
         det_prob[118]      0.81      0.16      0.86      0.58      1.00     31.60      1.01
         det_prob[119]      0.82      0.15      0.86      0.59      1.00     31.41      1.01
         det_prob[120]      0.82      0.15      0.86      0.60      1.00     31.61      1.00
         det_prob[121]      0.82      0.15      0.87      0.59      1.00     31.83      1.00
         det_prob[122]      0.83      0.15      0.87      0.59      1.00     31.70      1.00
         det_prob[123]      0.83      0.15      0.87      0.59      1.00     31.85      1.01
         det_prob[124]      0.83      0.15      0.88      0.60      1.00     31.51      1.01
         det_prob[125]      0.83      0.15      0.88      0.60      1.00     31.17      1.01
         det_prob[126]      0.84      0.15      0.89      0.61      1.00     31.09      1.01
         det_prob[127]      0.84      0.15      0.89      0.61      1.00     30.79      1.01
         det_prob[128]      0.84      0.15      0.89      0.62      1.00     30.51      1.01
         det_prob[129]      0.84      0.15      0.90      0.63      1.00     30.97      1.01
         det_prob[130]      0.84      0.15      0.90      0.63      1.00     30.05      1.01
         det_prob[131]      0.85      0.15      0.90      0.63      1.00     29.27      1.01
         det_prob[132]      0.85      0.14      0.90      0.64      1.00     29.46      1.01
         det_prob[133]      0.85      0.15      0.90      0.64      1.00     29.44      1.01
         det_prob[134]      0.85      0.15      0.90      0.63      1.00     28.67      1.01
         det_prob[135]      0.85      0.15      0.90      0.64      1.00     28.99      1.01
         det_prob[136]      0.85      0.15      0.91      0.64      1.00     28.90      1.01
         det_prob[137]      0.85      0.15      0.90      0.64      1.00     29.18      1.01
         det_prob[138]      0.85      0.15      0.91      0.64      1.00     28.65      1.01
         det_prob[139]      0.85      0.15      0.91      0.63      1.00     28.36      1.01
         det_prob[140]      0.86      0.15      0.91      0.64      1.00     28.27      1.01
         det_prob[141]      0.86      0.15      0.92      0.65      1.00     27.86      1.01
         det_prob[142]      0.86      0.15      0.91      0.64      1.00     28.67      1.01
         det_prob[143]      0.86      0.15      0.91      0.63      1.00     28.50      1.02
         det_prob[144]      0.86      0.15      0.91      0.63      1.00     28.55      1.02
         det_prob[145]      0.86      0.15      0.92      0.63      1.00     28.83      1.02
         det_prob[146]      0.86      0.15      0.92      0.63      1.00     29.70      1.02
         det_prob[147]      0.86      0.15      0.92      0.65      1.00     29.61      1.02
         det_prob[148]      0.87      0.15      0.92      0.65      1.00     29.54      1.01
         det_prob[149]      0.87      0.15      0.93      0.65      1.00     28.93      1.01
         det_prob[150]      0.87      0.15      0.93      0.66      1.00     29.23      1.01
         det_prob[151]      0.87      0.15      0.93      0.67      1.00     29.19      1.01
         det_prob[152]      0.88      0.14      0.93      0.68      1.00     29.06      1.01
         det_prob[153]      0.88      0.14      0.93      0.68      1.00     29.54      1.01
         det_prob[154]      0.88      0.14      0.93      0.69      1.00     30.22      1.01
         det_prob[155]      0.88      0.14      0.93      0.70      1.00     30.14      1.01
         det_prob[156]      0.88      0.13      0.93      0.71      1.00     30.23      1.01
         det_prob[157]      0.89      0.13      0.93      0.71      1.00     30.31      1.01
         det_prob[158]      0.89      0.13      0.94      0.71      1.00     30.83      1.01
         det_prob[159]      0.89      0.13      0.94      0.72      1.00     30.80      1.01
         det_prob[160]      0.89      0.12      0.94      0.72      1.00     31.41      1.01
         det_prob[161]      0.90      0.12      0.94      0.73      1.00     32.30      1.01
         det_prob[162]      0.90      0.12      0.94      0.73      1.00     32.51      1.01
         det_prob[163]      0.90      0.12      0.94      0.74      1.00     32.77      1.01
         det_prob[164]      0.90      0.12      0.94      0.74      1.00     32.54      1.01
         det_prob[165]      0.90      0.12      0.94      0.75      1.00     33.98      1.01
         det_prob[166]      0.90      0.12      0.95      0.75      1.00     34.72      1.01
         det_prob[167]      0.90      0.11      0.95      0.75      1.00     34.94      1.01
         det_prob[168]      0.91      0.11      0.95      0.76      1.00     35.48      1.01
         det_prob[169]      0.91      0.11      0.95      0.76      1.00     36.04      1.01
         det_prob[170]      0.91      0.11      0.95      0.77      1.00     35.29      1.01
         det_prob[171]      0.91      0.10      0.95      0.77      1.00     36.01      1.00
         det_prob[172]      0.91      0.10      0.95      0.77      1.00     37.75      1.00
         det_prob[173]      0.91      0.10      0.95      0.77      1.00     37.06      1.00
         det_prob[174]      0.91      0.10      0.95      0.77      1.00     38.81      1.00
         det_prob[175]      0.91      0.10      0.95      0.77      1.00     38.99      1.00
         det_prob[176]      0.91      0.10      0.96      0.78      1.00     39.81      1.00
         det_prob[177]      0.92      0.10      0.95      0.78      1.00     38.08      1.00
         det_prob[178]      0.92      0.09      0.96      0.79      1.00     39.02      1.00
         det_prob[179]      0.92      0.10      0.95      0.79      1.00     40.69      1.00
         det_prob[180]      0.92      0.10      0.96      0.78      1.00     41.51      1.00
         det_prob[181]      0.92      0.10      0.96      0.78      1.00     43.90      1.00
         det_prob[182]      0.92      0.10      0.96      0.79      1.00     45.20      1.00
         det_prob[183]      0.92      0.10      0.96      0.78      1.00     47.30      1.00
         det_prob[184]      0.92      0.10      0.96      0.79      1.00     48.33      1.00
         det_prob[185]      0.92      0.10      0.95      0.79      1.00     48.51      1.00
         det_prob[186]      0.92      0.10      0.96      0.79      1.00     48.64      1.00
         det_prob[187]      0.92      0.10      0.96      0.79      1.00     48.47      1.00
         det_prob[188]      0.92      0.10      0.95      0.80      1.00     49.25      1.00
         det_prob[189]      0.92      0.10      0.96      0.79      1.00     49.95      1.00
         det_prob[190]      0.92      0.10      0.96      0.80      1.00     50.94      1.00
         det_prob[191]      0.92      0.10      0.96      0.80      1.00     51.05      1.00
         det_prob[192]      0.92      0.10      0.96      0.80      1.00     53.15      1.00
         det_prob[193]      0.92      0.10      0.96      0.80      1.00     53.44      1.00
         det_prob[194]      0.92      0.10      0.96      0.80      1.00     53.33      1.00
         det_prob[195]      0.92      0.10      0.96      0.79      1.00     53.43      1.00
         det_prob[196]      0.92      0.10      0.96      0.78      1.00     53.99      1.00
         det_prob[197]      0.92      0.11      0.96      0.77      1.00     57.66      1.00
         det_prob[198]      0.92      0.11      0.96      0.77      1.00     59.75      1.00
         det_prob[199]      0.91      0.11      0.96      0.76      1.00     61.80      1.00
         det_prob[200]      0.91      0.11      0.96      0.77      1.00     64.31      1.00
         det_prob[201]      0.91      0.11      0.96      0.77      1.00     66.33      1.00
         det_prob[202]      0.91      0.11      0.96      0.76      1.00     66.60      1.00
         det_prob[203]      0.92      0.11      0.96      0.76      1.00     67.90      1.00
         det_prob[204]      0.92      0.11      0.96      0.77      1.00     72.16      1.00
         det_prob[205]      0.92      0.11      0.96      0.76      1.00     72.22      1.00
         det_prob[206]      0.92      0.11      0.96      0.76      1.00     72.59      1.00
         det_prob[207]      0.92      0.11      0.96      0.76      1.00     72.93      1.00
         det_prob[208]      0.91      0.11      0.96      0.75      1.00     75.64      1.00
         det_prob[209]      0.92      0.11      0.96      0.76      1.00     79.04      1.00
         det_prob[210]      0.92      0.11      0.96      0.78      1.00     80.16      1.00
         det_prob[211]      0.92      0.11      0.96      0.78      1.00     81.58      1.00
         det_prob[212]      0.92      0.11      0.96      0.77      1.00     81.57      1.00
         det_prob[213]      0.92      0.11      0.96      0.77      1.00     82.75      1.00
         det_prob[214]      0.91      0.11      0.96      0.76      1.00     82.95      1.00
         det_prob[215]      0.91      0.12      0.96      0.76      1.00     87.11      1.00
         det_prob[216]      0.91      0.12      0.96      0.76      1.00     88.78      1.00
         det_prob[217]      0.91      0.12      0.96      0.76      1.00     93.55      1.00
         det_prob[218]      0.91      0.12      0.96      0.76      1.00     95.18      1.00
         det_prob[219]      0.91      0.12      0.96      0.76      1.00     96.67      1.00
         det_prob[220]      0.91      0.12      0.96      0.76      1.00     95.19      1.00
         det_prob[221]      0.91      0.13      0.96      0.76      1.00     98.19      1.00
         det_prob[222]      0.91      0.13      0.96      0.75      1.00     99.20      1.00
         det_prob[223]      0.91      0.13      0.96      0.74      1.00    102.39      1.00
         det_prob[224]      0.91      0.13      0.96      0.74      1.00    104.29      1.00
         det_prob[225]      0.91      0.13      0.96      0.73      1.00    110.51      1.00
         det_prob[226]      0.90      0.13      0.96      0.72      1.00    107.22      1.00
         det_prob[227]      0.91      0.13      0.96      0.72      1.00    109.38      1.00
             det_prob0      0.19      0.05      0.19      0.11      0.27    723.01      1.00
            det_prob_d      0.90      0.03      0.90      0.84      0.94   1701.50      1.00
                 gamma      0.50      0.05      0.50      0.42      0.58   1031.80      1.00
                 rw[0]     -0.01      0.97      0.02     -1.81      1.38    206.82      1.00
                 rw[1]      0.06      1.38      0.04     -2.07      2.51    102.08      1.01
                 rw[2]      0.28      1.74      0.23     -2.91      2.89     68.41      1.01
                 rw[3]      0.46      2.00      0.45     -2.93      3.51     35.51      1.03
                 rw[4]      0.66      2.16      0.65     -2.85      4.10     23.32      1.04
                 rw[5]      0.91      2.34      0.98     -3.16      4.52     21.40      1.05
                 rw[6]      1.14      2.47      1.08     -2.91      5.28     16.11      1.06
                 rw[7]      1.33      2.69      1.32     -2.88      5.98     15.28      1.06
                 rw[8]      1.49      2.78      1.57     -3.38      6.02     13.65      1.06
                 rw[9]      1.50      2.93      1.43     -3.44      6.07     13.48      1.07
                rw[10]      1.37      3.05      1.42     -3.34      6.53     13.85      1.07
                rw[11]      1.17      3.16      1.24     -4.03      6.26     13.10      1.08
                rw[12]      0.85      3.19      0.82     -4.44      6.00     13.08      1.08
                rw[13]      0.42      3.24      0.38     -4.83      5.41     12.70      1.08
                rw[14]     -0.10      3.28     -0.18     -4.99      5.89     12.96      1.08
                rw[15]     -0.67      3.28     -0.64     -5.61      5.01     13.45      1.08
                rw[16]     -1.33      3.30     -1.36     -6.21      4.49     13.16      1.08
                rw[17]     -1.92      3.29     -1.89     -7.01      3.70     13.36      1.08
                rw[18]     -2.48      3.23     -2.39     -7.87      2.69     13.18      1.08
                rw[19]     -3.14      3.22     -3.17     -8.67      1.83     12.13      1.09
                rw[20]     -3.69      3.21     -3.66     -9.15      1.27     12.01      1.09
                rw[21]     -4.16      3.24     -4.09     -9.21      1.30     12.88      1.08
                rw[22]     -4.63      3.25     -4.64     -9.37      1.12     12.92      1.08
                rw[23]     -5.00      3.29     -4.89    -10.35      0.26     13.69      1.07
                rw[24]     -5.37      3.24     -5.33    -10.45      0.21     14.20      1.07
                rw[25]     -5.65      3.23     -5.54    -10.91     -0.14     14.60      1.07
                rw[26]     -5.94      3.21     -5.85    -11.09     -0.66     15.39      1.07
                rw[27]     -6.23      3.23     -6.21    -11.67     -1.31     16.30      1.07
                rw[28]     -6.49      3.22     -6.44    -11.85     -1.52     17.00      1.06
                rw[29]     -6.79      3.29     -6.82    -11.77     -0.94     16.20      1.06
                rw[30]     -7.13      3.38     -7.16    -12.31     -1.33     18.35      1.06
                rw[31]     -7.50      3.34     -7.54    -13.01     -2.02     18.69      1.06
                rw[32]     -7.82      3.36     -7.80    -13.15     -2.12     18.54      1.06
                rw[33]     -8.18      3.32     -8.06    -14.09     -3.01     18.39      1.06
                rw[34]     -8.48      3.39     -8.45    -14.24     -2.87     17.33      1.06
                rw[35]     -8.74      3.40     -8.81    -14.74     -3.48     17.22      1.06
                rw[36]     -9.04      3.42     -9.05    -14.82     -3.39     16.19      1.06
                rw[37]     -9.29      3.45     -9.30    -14.77     -3.33     16.57      1.06
                rw[38]     -9.50      3.43     -9.41    -15.24     -3.90     16.47      1.06
                rw[39]     -9.72      3.45     -9.51    -15.23     -3.80     15.81      1.07
                rw[40]     -9.83      3.44     -9.81    -16.02     -4.68     15.87      1.07
                rw[41]     -9.93      3.47     -9.89    -14.98     -3.75     16.57      1.07
                rw[42]     -9.99      3.44     -9.97    -15.35     -4.11     15.94      1.07
                rw[43]    -10.01      3.45    -10.04    -15.03     -3.56     16.71      1.06
                rw[44]    -10.00      3.43    -10.08    -15.58     -4.23     16.96      1.07
                rw[45]     -9.97      3.44     -9.96    -14.96     -3.73     16.18      1.07
                rw[46]     -9.84      3.44     -9.85    -14.68     -3.53     16.15      1.07
                rw[47]     -9.73      3.46     -9.69    -15.22     -4.02     16.40      1.07
                rw[48]     -9.59      3.47     -9.65    -14.88     -3.57     15.34      1.07
                rw[49]     -9.42      3.44     -9.49    -15.11     -3.80     15.37      1.07
                rw[50]     -9.27      3.43     -9.37    -14.12     -2.70     15.23      1.07
                rw[51]     -9.14      3.40     -9.11    -14.58     -3.29     15.29      1.08
                rw[52]     -9.05      3.42     -9.09    -14.63     -3.47     16.34      1.07
                rw[53]     -8.91      3.40     -8.85    -13.83     -2.88     15.80      1.08
                rw[54]     -8.77      3.40     -8.76    -13.52     -2.61     16.13      1.08
                rw[55]     -8.65      3.40     -8.70    -13.74     -2.97     15.78      1.09
                rw[56]     -8.55      3.44     -8.59    -13.20     -2.37     16.12      1.08
                rw[57]     -8.48      3.45     -8.44    -13.58     -2.40     17.18      1.08
                rw[58]     -8.41      3.45     -8.33    -14.41     -3.25     17.12      1.08
                rw[59]     -8.40      3.46     -8.43    -13.92     -2.75     15.95      1.07
                rw[60]     -8.37      3.45     -8.33    -14.22     -3.00     16.11      1.07
                rw[61]     -8.31      3.44     -8.28    -13.66     -2.58     15.28      1.08
                rw[62]     -8.15      3.42     -8.03    -13.44     -2.25     15.16      1.08
                rw[63]     -8.00      3.41     -7.90    -14.15     -2.83     16.14      1.08
                rw[64]     -7.88      3.39     -7.86    -13.03     -2.02     15.19      1.08
                rw[65]     -7.71      3.45     -7.72    -13.20     -1.94     15.07      1.08
                rw[66]     -7.44      3.44     -7.52    -13.14     -1.95     15.61      1.08
                rw[67]     -7.23      3.42     -7.07    -12.84     -1.82     15.12      1.07
                rw[68]     -7.02      3.36     -6.96    -12.12     -1.26     15.82      1.08
                rw[69]     -6.72      3.39     -6.56    -11.64     -0.69     16.17      1.07
                rw[70]     -6.43      3.39     -6.36    -12.28     -1.10     16.84      1.07
                rw[71]     -6.12      3.39     -6.08    -11.68     -0.50     16.96      1.07
                rw[72]     -5.83      3.39     -5.81    -10.86      0.09     17.19      1.06
                rw[73]     -5.54      3.39     -5.50    -10.87      0.20     16.14      1.07
                rw[74]     -5.28      3.36     -5.22    -10.38      0.59     15.89      1.07
                rw[75]     -5.04      3.37     -5.00    -10.49      0.38     17.10      1.07
                rw[76]     -4.81      3.37     -4.75    -10.19      0.60     17.82      1.08
                rw[77]     -4.53      3.39     -4.44     -9.31      1.55     19.56      1.07
                rw[78]     -4.32      3.35     -4.24     -9.12      1.65     19.40      1.07
                rw[79]     -4.05      3.37     -3.91     -9.03      2.09     18.37      1.07
                rw[80]     -3.80      3.30     -3.79     -8.55      2.16     16.01      1.07
                rw[81]     -3.63      3.20     -3.58     -8.40      1.89     15.87      1.07
                rw[82]     -3.40      3.16     -3.37     -7.94      1.91     17.05      1.06
                rw[83]     -3.25      3.17     -3.09     -8.37      1.98     15.86      1.06
                rw[84]     -3.06      3.17     -3.00     -7.56      2.90     15.80      1.07
                rw[85]     -2.93      3.20     -2.92     -7.62      2.82     15.49      1.08
                rw[86]     -2.79      3.22     -2.76     -7.75      2.54     13.98      1.08
                rw[87]     -2.68      3.20     -2.64     -7.56      2.68     13.52      1.08
                rw[88]     -2.65      3.15     -2.60     -7.45      2.78     13.25      1.09
                rw[89]     -2.71      3.20     -2.71     -7.69      2.70     13.53      1.08
                rw[90]     -2.85      3.14     -2.86     -7.84      2.27     14.09      1.09
                rw[91]     -3.15      3.11     -3.13     -8.58      1.45     14.35      1.08
                rw[92]     -3.55      3.16     -3.54     -8.39      1.88     14.70      1.08
                rw[93]     -3.96      3.20     -3.86     -9.13      1.47     14.72      1.09
                rw[94]     -4.38      3.17     -4.28     -9.37      1.02     14.43      1.08
                rw[95]     -4.81      3.19     -4.76    -10.15      0.31     14.01      1.08
                rw[96]     -5.18      3.22     -5.16    -10.80     -0.22     14.94      1.07
                rw[97]     -5.53      3.22     -5.44    -10.31      0.44     15.32      1.07
                rw[98]     -5.80      3.16     -5.73    -11.45     -0.91     14.84      1.08
                rw[99]     -5.99      3.22     -5.93    -11.66     -0.94     15.32      1.08
               rw[100]     -6.12      3.17     -6.11    -11.33     -0.84     15.00      1.08
               rw[101]     -6.19      3.21     -6.10    -11.27     -0.72     15.79      1.08
               rw[102]     -6.11      3.24     -5.98    -11.24     -0.55     14.83      1.08
               rw[103]     -6.10      3.26     -6.06    -10.76     -0.00     14.14      1.08
               rw[104]     -6.00      3.25     -5.98    -10.89     -0.00     15.02      1.08
               rw[105]     -5.85      3.23     -5.76    -10.77     -0.01     15.97      1.07
               rw[106]     -5.69      3.19     -5.60    -10.29      0.13     16.16      1.07
               rw[107]     -5.57      3.17     -5.49    -10.32      0.13     15.65      1.07
               rw[108]     -5.49      3.18     -5.38    -10.36      0.06     15.25      1.07
               rw[109]     -5.37      3.22     -5.32    -10.50      0.09     15.40      1.07
               rw[110]     -5.21      3.24     -5.16    -10.29      0.43     14.77      1.07
               rw[111]     -5.17      3.17     -5.18    -10.07      0.37     14.32      1.07
               rw[112]     -5.18      3.13     -5.30    -10.12      0.36     14.20      1.08
               rw[113]     -5.09      3.20     -5.17     -9.84      0.51     15.17      1.07
               rw[114]     -4.98      3.18     -5.01     -9.85      0.55     13.89      1.08
               rw[115]     -4.91      3.19     -4.83     -9.96      0.21     13.38      1.08
               rw[116]     -4.77      3.17     -4.69     -9.56      0.87     14.19      1.07
               rw[117]     -4.62      3.10     -4.63    -10.06      0.16     14.70      1.07
               rw[118]     -4.43      3.14     -4.52     -9.52      0.99     14.49      1.07
               rw[119]     -4.37      3.18     -4.34     -9.54      0.87     14.21      1.07
               rw[120]     -4.33      3.22     -4.39     -9.93      0.64     12.88      1.09
               rw[121]     -4.30      3.21     -4.23    -10.25      0.37     12.99      1.09
               rw[122]     -4.26      3.21     -4.14     -9.77      0.76     13.66      1.08
               rw[123]     -4.23      3.21     -4.20     -9.41      1.17     14.05      1.07
               rw[124]     -4.18      3.20     -4.13     -9.38      1.40     14.18      1.07
               rw[125]     -4.10      3.19     -4.06     -9.93      0.74     14.33      1.07
               rw[126]     -4.09      3.22     -4.09     -9.18      1.62     14.60      1.08
               rw[127]     -4.18      3.24     -4.12     -9.18      1.78     14.66      1.07
               rw[128]     -4.30      3.18     -4.27     -9.27      1.11     14.50      1.07
               rw[129]     -4.36      3.16     -4.25     -9.13      1.17     15.18      1.08
               rw[130]     -4.44      3.15     -4.38     -9.42      0.68     14.75      1.08
               rw[131]     -4.61      3.19     -4.64     -9.62      0.62     15.51      1.08
               rw[132]     -4.72      3.22     -4.79    -10.12      0.37     14.76      1.08
               rw[133]     -4.83      3.20     -4.89     -9.77      0.60     15.29      1.08
               rw[134]     -4.99      3.19     -5.02    -10.09      0.27     14.87      1.07
               rw[135]     -5.08      3.20     -5.06    -10.47      0.02     15.48      1.07
               rw[136]     -5.19      3.21     -5.22    -10.41      0.07     15.01      1.07
               rw[137]     -5.35      3.20     -5.40    -10.74     -0.38     14.56      1.07
               rw[138]     -5.48      3.19     -5.52    -10.21      0.24     14.20      1.07
               rw[139]     -5.58      3.22     -5.48    -10.39      0.24     14.55      1.07
               rw[140]     -5.63      3.17     -5.57    -10.22     -0.06     15.77      1.06
               rw[141]     -5.77      3.19     -5.79    -10.97     -0.66     14.66      1.06
               rw[142]     -5.82      3.15     -5.74    -11.20     -0.92     13.63      1.07
               rw[143]     -5.87      3.15     -5.78    -10.82     -0.63     13.71      1.07
               rw[144]     -5.80      3.17     -5.73    -11.22     -0.79     13.93      1.07
               rw[145]     -5.76      3.22     -5.74    -10.80     -0.34     14.14      1.07
               rw[146]     -5.61      3.24     -5.68    -10.84     -0.18     14.32      1.07
               rw[147]     -5.45      3.22     -5.50    -10.94     -0.35     15.63      1.07
               rw[148]     -5.27      3.16     -5.38     -9.89      0.12     14.96      1.07
               rw[149]     -5.12      3.20     -5.09    -10.02      0.18     15.32      1.07
               rw[150]     -4.96      3.23     -4.89     -9.83      0.65     16.23      1.07
               rw[151]     -4.81      3.25     -4.68    -10.21      0.13     15.47      1.08
               rw[152]     -4.66      3.28     -4.50    -10.46      0.22     15.04      1.08
               rw[153]     -4.54      3.24     -4.41    -10.18      0.24     15.96      1.08
               rw[154]     -4.43      3.24     -4.36     -9.71      0.76     14.74      1.09
               rw[155]     -4.28      3.20     -4.21     -9.28      1.09     14.02      1.09
               rw[156]     -4.19      3.21     -4.13     -9.19      0.92     14.92      1.08
               rw[157]     -4.10      3.23     -4.06     -9.14      1.35     14.54      1.09
               rw[158]     -4.03      3.26     -3.97     -9.74      0.86     14.28      1.09
               rw[159]     -4.11      3.22     -3.93     -9.30      1.22     14.55      1.09
               rw[160]     -4.13      3.25     -4.03     -9.32      1.45     15.51      1.08
               rw[161]     -4.20      3.24     -4.13     -9.19      1.31     15.27      1.08
               rw[162]     -4.28      3.24     -4.26     -8.76      1.74     15.19      1.09
               rw[163]     -4.44      3.25     -4.35     -9.21      1.37     14.16      1.09
               rw[164]     -4.56      3.22     -4.41     -9.42      1.23     14.60      1.10
               rw[165]     -4.66      3.23     -4.62     -9.79      0.67     13.65      1.09
               rw[166]     -4.72      3.24     -4.66     -9.90      0.32     13.97      1.09
               rw[167]     -4.80      3.23     -4.68     -9.88      0.58     15.00      1.08
               rw[168]     -4.79      3.17     -4.64     -9.86      0.47     14.80      1.08
               rw[169]     -4.81      3.17     -4.82     -9.50      0.63     15.64      1.07
               rw[170]     -4.80      3.18     -4.74     -9.97      0.42     16.79      1.08
               rw[171]     -4.83      3.19     -4.67     -9.52      0.86     15.66      1.08
               rw[172]     -4.90      3.14     -4.77     -9.77      0.23     14.98      1.07
               rw[173]     -5.00      3.10     -4.95    -10.33     -0.27     15.68      1.07
               rw[174]     -5.08      3.17     -5.08    -10.40     -0.05     14.99      1.07
               rw[175]     -5.20      3.22     -5.23    -10.59     -0.24     14.76      1.07
               rw[176]     -5.33      3.24     -5.32    -10.14      0.58     15.22      1.07
               rw[177]     -5.37      3.25     -5.26    -10.62     -0.19     15.18      1.07
               rw[178]     -5.56      3.19     -5.58    -10.58     -0.19     14.74      1.06
               rw[179]     -5.68      3.18     -5.69    -10.45     -0.25     15.23      1.07
               rw[180]     -5.81      3.19     -5.82    -11.30     -0.87     16.34      1.07
               rw[181]     -5.87      3.15     -5.82    -10.88     -0.68     16.89      1.06
               rw[182]     -5.81      3.16     -5.86    -10.34     -0.04     15.43      1.07
               rw[183]     -5.69      3.16     -5.80    -10.68     -0.34     14.69      1.07
               rw[184]     -5.64      3.17     -5.70    -11.10     -0.67     14.36      1.08
               rw[185]     -5.50      3.20     -5.46    -10.40     -0.19     13.33      1.08
               rw[186]     -5.36      3.26     -5.38    -11.33     -0.65     14.43      1.08
               rw[187]     -5.26      3.20     -5.21    -10.05      0.31     14.33      1.08
               rw[188]     -5.18      3.21     -5.20    -10.46      0.01     14.61      1.08
               rw[189]     -5.10      3.23     -5.03    -10.26      0.20     13.61      1.09
               rw[190]     -5.12      3.23     -5.05     -9.84      0.56     14.08      1.09
               rw[191]     -5.20      3.19     -5.09    -10.73     -0.15     14.05      1.08
               rw[192]     -5.20      3.20     -5.07    -10.24      0.23     14.05      1.08
               rw[193]     -5.26      3.21     -5.11    -10.15      0.29     14.14      1.09
               rw[194]     -5.32      3.23     -5.19    -10.70     -0.01     13.88      1.09
               rw[195]     -5.27      3.23     -5.17     -9.99      0.55     14.30      1.09
               rw[196]     -5.15      3.23     -5.08    -10.41      0.28     14.92      1.08
               rw[197]     -5.03      3.26     -5.11    -10.34      0.37     13.39      1.09
               rw[198]     -4.88      3.23     -4.85     -9.71      1.20     13.86      1.08
               rw[199]     -4.70      3.18     -4.80     -9.60      0.63     13.81      1.09
               rw[200]     -4.54      3.14     -4.59     -9.29      0.80     14.13      1.08
               rw[201]     -4.29      3.18     -4.33     -9.72      0.64     13.32      1.08
               rw[202]     -4.04      3.19     -4.07     -9.26      1.31     13.97      1.08
               rw[203]     -3.79      3.11     -3.73     -8.29      1.84     14.20      1.08
               rw[204]     -3.56      3.18     -3.53     -8.76      1.69     14.10      1.09
               rw[205]     -3.42      3.19     -3.43     -8.63      1.85     14.03      1.09
               rw[206]     -3.20      3.16     -3.29     -8.42      1.79     14.53      1.08
               rw[207]     -3.08      3.16     -3.21     -7.66      2.59     13.82      1.08
               rw[208]     -2.97      3.13     -2.99     -7.74      2.52     12.96      1.08
               rw[209]     -2.76      3.13     -2.78     -7.74      2.51     14.26      1.07
               rw[210]     -2.72      3.12     -2.82     -7.76      2.64     14.03      1.07
               rw[211]     -2.74      3.10     -2.77     -7.58      2.65     15.16      1.07
               rw[212]     -2.81      3.12     -2.81     -8.31      2.02     13.66      1.08
               rw[213]     -2.99      3.17     -2.98     -7.91      2.62     13.73      1.08
               rw[214]     -3.21      3.17     -3.14     -8.46      2.08     13.84      1.07
               rw[215]     -3.43      3.13     -3.34     -8.38      1.82     14.08      1.08
               rw[216]     -3.63      3.15     -3.52     -8.59      1.39     14.20      1.07
               rw[217]     -3.80      3.15     -3.75     -8.63      1.37     14.12      1.07
               rw[218]     -3.92      3.17     -3.86     -8.98      1.26     14.26      1.07
               rw[219]     -4.03      3.20     -3.96     -9.20      1.19     13.39      1.08
               rw[220]     -4.08      3.31     -4.01     -9.25      1.36     14.03      1.08
               rw[221]     -4.11      3.34     -4.17     -8.96      1.74     15.27      1.08
               rw[222]     -4.16      3.38     -4.09     -9.46      1.57     15.37      1.08
               rw[223]     -4.19      3.43     -4.12     -9.50      1.55     14.26      1.08
               rw[224]     -4.14      3.50     -4.18     -9.72      1.58     15.37      1.08
               rw[225]     -4.18      3.62     -4.28    -10.15      1.59     16.33      1.07
               rw[226]     -4.19      3.70     -4.20    -10.41      1.66     17.59      1.07
               rw[227]     -4.19      3.85     -4.17    -10.22      2.46     18.22      1.06
                 sigma      0.24      0.02      0.24      0.20      0.27   1011.55      1.00

Number of divergences: 0
