
                            mean       std    median      5.0%     95.0%     n_eff     r_hat
                    D0      2.39     18.11      0.67      0.00      3.45    445.27      1.00
                    E0      7.63      8.29      5.10      0.01     16.76     94.15      1.02
                    H0      1.17      1.17      0.84      0.00      2.53   1132.67      1.00
                    I0      4.42      6.18      2.33      0.00     11.03     76.87      1.02
                 beta0      1.15      0.69      1.10      0.23      1.92      9.33      1.08
  confirmed_dispersion      0.26      0.05      0.26      0.18      0.33    910.14      1.00
      death_dispersion      0.67      0.13      0.66      0.46      0.87   1108.80      1.00
            death_prob      0.01      0.00      0.01      0.00      0.01     18.70      1.00
            death_rate      0.03      0.01      0.03      0.01      0.04    207.08      1.01
           det_prob[0]      0.27      0.07      0.26      0.15      0.37    132.11      1.02
           det_prob[1]      0.26      0.08      0.25      0.13      0.38    118.03      1.02
           det_prob[2]      0.26      0.08      0.25      0.14      0.40     93.03      1.03
           det_prob[3]      0.26      0.09      0.25      0.12      0.38     87.65      1.03
           det_prob[4]      0.26      0.09      0.24      0.11      0.39     76.18      1.03
           det_prob[5]      0.25      0.10      0.24      0.12      0.41     48.27      1.04
           det_prob[6]      0.26      0.10      0.24      0.10      0.40     43.76      1.04
           det_prob[7]      0.26      0.10      0.24      0.09      0.40     35.08      1.05
           det_prob[8]      0.26      0.10      0.25      0.10      0.41     32.32      1.05
           det_prob[9]      0.27      0.11      0.25      0.11      0.42     26.91      1.05
          det_prob[10]      0.27      0.11      0.26      0.10      0.43     24.96      1.06
          det_prob[11]      0.28      0.11      0.27      0.11      0.45     23.40      1.06
          det_prob[12]      0.29      0.11      0.28      0.13      0.48     22.92      1.06
          det_prob[13]      0.30      0.12      0.28      0.12      0.47     21.28      1.07
          det_prob[14]      0.29      0.12      0.28      0.12      0.47     20.67      1.07
          det_prob[15]      0.29      0.12      0.28      0.12      0.49     20.02      1.08
          det_prob[16]      0.29      0.12      0.27      0.10      0.47     19.15      1.08
          det_prob[17]      0.29      0.12      0.27      0.11      0.49     19.05      1.09
          det_prob[18]      0.29      0.12      0.28      0.10      0.49     19.19      1.09
          det_prob[19]      0.30      0.12      0.29      0.11      0.50     19.57      1.08
          det_prob[20]      0.31      0.12      0.30      0.13      0.52     19.76      1.09
          det_prob[21]      0.32      0.13      0.30      0.09      0.51     18.93      1.10
          det_prob[22]      0.32      0.13      0.30      0.12      0.53     19.22      1.10
          det_prob[23]      0.32      0.13      0.30      0.11      0.51     18.03      1.10
          det_prob[24]      0.31      0.13      0.30      0.11      0.52     18.56      1.08
          det_prob[25]      0.31      0.13      0.29      0.10      0.51     19.94      1.08
          det_prob[26]      0.31      0.13      0.29      0.12      0.53     20.89      1.07
          det_prob[27]      0.31      0.13      0.29      0.12      0.52     20.17      1.07
          det_prob[28]      0.31      0.13      0.29      0.09      0.49     19.44      1.07
          det_prob[29]      0.30      0.13      0.28      0.10      0.50     19.48      1.06
          det_prob[30]      0.29      0.13      0.27      0.12      0.52     19.64      1.05
          det_prob[31]      0.28      0.13      0.26      0.10      0.49     18.94      1.06
          det_prob[32]      0.27      0.13      0.25      0.08      0.48     18.93      1.06
          det_prob[33]      0.26      0.13      0.24      0.08      0.46     19.10      1.04
          det_prob[34]      0.26      0.12      0.23      0.06      0.44     19.18      1.03
          det_prob[35]      0.26      0.13      0.22      0.08      0.46     19.70      1.03
          det_prob[36]      0.26      0.13      0.23      0.08      0.47     19.33      1.02
          det_prob[37]      0.26      0.13      0.23      0.08      0.46     19.22      1.02
          det_prob[38]      0.26      0.13      0.23      0.08      0.46     19.06      1.01
          det_prob[39]      0.26      0.13      0.23      0.08      0.47     19.28      1.00
          det_prob[40]      0.26      0.13      0.23      0.06      0.46     18.89      1.00
          det_prob[41]      0.26      0.14      0.23      0.07      0.49     18.14      1.00
          det_prob[42]      0.27      0.14      0.25      0.07      0.50     18.64      1.00
          det_prob[43]      0.29      0.14      0.26      0.07      0.51     18.75      1.00
          det_prob[44]      0.30      0.15      0.27      0.08      0.53     18.97      1.00
          det_prob[45]      0.32      0.15      0.29      0.09      0.54     19.25      1.00
          det_prob[46]      0.34      0.15      0.32      0.13      0.58     19.62      1.00
          det_prob[47]      0.38      0.15      0.36      0.16      0.62     19.83      1.00
          det_prob[48]      0.37      0.15      0.34      0.13      0.61     19.18      1.00
          det_prob[49]      0.36      0.16      0.33      0.13      0.62     18.57      1.00
          det_prob[50]      0.37      0.16      0.34      0.14      0.64     18.67      1.00
          det_prob[51]      0.37      0.16      0.33      0.13      0.63     18.91      1.00
          det_prob[52]      0.37      0.16      0.33      0.10      0.60     19.30      1.01
          det_prob[53]      0.37      0.16      0.34      0.12      0.64     19.09      1.01
          det_prob[54]      0.37      0.16      0.33      0.13      0.65     18.62      1.01
          det_prob[55]      0.37      0.16      0.33      0.11      0.63     18.72      1.01
          det_prob[56]      0.37      0.16      0.34      0.13      0.66     18.33      1.01
          det_prob[57]      0.37      0.16      0.34      0.12      0.66     18.06      1.01
          det_prob[58]      0.37      0.16      0.33      0.12      0.65     17.83      1.02
          det_prob[59]      0.37      0.16      0.34      0.10      0.65     17.50      1.02
          det_prob[60]      0.38      0.16      0.35      0.12      0.66     18.05      1.02
          det_prob[61]      0.39      0.16      0.37      0.16      0.71     18.01      1.02
          det_prob[62]      0.40      0.17      0.38      0.17      0.72     18.62      1.02
          det_prob[63]      0.40      0.17      0.37      0.16      0.71     18.73      1.02
          det_prob[64]      0.40      0.17      0.38      0.14      0.69     19.85      1.02
          det_prob[65]      0.41      0.17      0.39      0.14      0.69     20.37      1.02
          det_prob[66]      0.42      0.17      0.40      0.15      0.70     20.81      1.02
          det_prob[67]      0.43      0.17      0.41      0.16      0.70     20.59      1.02
          det_prob[68]      0.44      0.17      0.42      0.18      0.74     21.48      1.02
          det_prob[69]      0.45      0.17      0.44      0.18      0.73     21.62      1.02
          det_prob[70]      0.47      0.17      0.45      0.20      0.75     23.13      1.01
          det_prob[71]      0.49      0.17      0.48      0.23      0.78     24.08      1.01
          det_prob[72]      0.50      0.17      0.48      0.21      0.76     24.87      1.01
          det_prob[73]      0.51      0.17      0.49      0.24      0.79     25.08      1.01
          det_prob[74]      0.51      0.17      0.49      0.22      0.78     27.14      1.01
          det_prob[75]      0.52      0.17      0.50      0.23      0.79     27.72      1.01
          det_prob[76]      0.52      0.17      0.51      0.28      0.85     27.38      1.01
          det_prob[77]      0.53      0.17      0.52      0.27      0.84     30.41      1.00
          det_prob[78]      0.54      0.18      0.53      0.24      0.83     31.23      1.00
          det_prob[79]      0.55      0.17      0.54      0.27      0.85     30.85      1.00
          det_prob[80]      0.56      0.17      0.56      0.31      0.88     32.76      1.00
          det_prob[81]      0.57      0.18      0.57      0.30      0.88     33.78      1.00
          det_prob[82]      0.57      0.18      0.57      0.31      0.89     34.06      1.00
          det_prob[83]      0.58      0.18      0.58      0.32      0.91     35.47      1.00
          det_prob[84]      0.59      0.18      0.58      0.31      0.90     35.75      1.00
          det_prob[85]      0.59      0.18      0.58      0.31      0.90     34.49      1.00
          det_prob[86]      0.59      0.19      0.58      0.32      0.92     35.83      1.00
          det_prob[87]      0.59      0.19      0.59      0.33      0.93     35.36      1.00
          det_prob[88]      0.60      0.19      0.60      0.35      0.96     35.91      1.00
          det_prob[89]      0.60      0.19      0.60      0.34      0.95     35.66      1.00
          det_prob[90]      0.61      0.19      0.61      0.35      0.96     35.33      1.00
          det_prob[91]      0.62      0.19      0.62      0.36      0.95     36.05      1.00
          det_prob[92]      0.63      0.19      0.64      0.36      0.94     35.69      1.00
          det_prob[93]      0.64      0.19      0.65      0.39      0.96     34.74      1.01
          det_prob[94]      0.65      0.18      0.66      0.39      0.96     34.93      1.01
          det_prob[95]      0.67      0.18      0.67      0.41      0.96     34.50      1.01
          det_prob[96]      0.68      0.18      0.68      0.43      0.97     32.82      1.01
          det_prob[97]      0.69      0.17      0.70      0.44      0.97     31.82      1.01
          det_prob[98]      0.70      0.17      0.72      0.45      0.97     31.59      1.01
          det_prob[99]      0.71      0.17      0.73      0.45      0.97     31.16      1.01
         det_prob[100]      0.72      0.16      0.73      0.48      0.98     29.27      1.01
         det_prob[101]      0.72      0.17      0.74      0.48      0.98     29.69      1.01
         det_prob[102]      0.73      0.17      0.75      0.48      0.97     28.27      1.01
         det_prob[103]      0.73      0.17      0.76      0.50      0.99     26.49      1.01
         det_prob[104]      0.74      0.16      0.77      0.51      0.98     26.69      1.01
         det_prob[105]      0.75      0.16      0.77      0.51      0.98     26.30      1.01
         det_prob[106]      0.75      0.16      0.77      0.53      0.98     26.13      1.01
         det_prob[107]      0.75      0.16      0.78      0.53      0.99     25.03      1.01
         det_prob[108]      0.76      0.16      0.78      0.53      0.99     23.88      1.01
         det_prob[109]      0.76      0.16      0.79      0.53      0.98     23.12      1.01
         det_prob[110]      0.77      0.16      0.79      0.53      0.98     21.99      1.01
         det_prob[111]      0.77      0.15      0.80      0.56      0.99     21.47      1.01
         det_prob[112]      0.78      0.15      0.80      0.56      0.99     20.87      1.01
         det_prob[113]      0.78      0.15      0.80      0.56      0.99     20.81      1.01
         det_prob[114]      0.78      0.15      0.81      0.56      0.99     20.30      1.01
         det_prob[115]      0.78      0.15      0.81      0.55      0.99     19.42      1.01
         det_prob[116]      0.78      0.15      0.81      0.56      0.99     19.26      1.01
         det_prob[117]      0.78      0.15      0.81      0.56      0.99     19.02      1.01
         det_prob[118]      0.78      0.16      0.82      0.55      0.99     18.56      1.01
         det_prob[119]      0.79      0.16      0.82      0.56      0.99     17.91      1.00
         det_prob[120]      0.79      0.16      0.82      0.55      0.99     17.79      1.00
         det_prob[121]      0.79      0.16      0.82      0.55      0.99     17.99      1.00
         det_prob[122]      0.79      0.16      0.83      0.54      0.99     17.64      1.00
         det_prob[123]      0.79      0.16      0.83      0.54      0.99     17.33      1.00
         det_prob[124]      0.79      0.16      0.83      0.54      0.99     17.26      1.00
         det_prob[125]      0.79      0.16      0.83      0.54      0.99     17.06      1.01
         det_prob[126]      0.79      0.16      0.83      0.54      0.99     16.66      1.01
         det_prob[127]      0.79      0.17      0.83      0.54      0.99     16.18      1.01
         det_prob[128]      0.80      0.17      0.83      0.55      0.99     15.77      1.01
         det_prob[129]      0.80      0.17      0.84      0.54      0.99     15.88      1.00
         det_prob[130]      0.80      0.16      0.83      0.55      0.99     15.43      1.00
         det_prob[131]      0.80      0.16      0.84      0.54      1.00     15.43      1.00
         det_prob[132]      0.80      0.16      0.84      0.55      1.00     15.18      1.00
         det_prob[133]      0.80      0.17      0.85      0.55      1.00     15.12      1.00
         det_prob[134]      0.80      0.17      0.85      0.54      0.99     14.85      1.00
         det_prob[135]      0.80      0.17      0.85      0.54      1.00     14.97      1.00
         det_prob[136]      0.80      0.17      0.85      0.55      1.00     14.75      1.00
         det_prob[137]      0.81      0.16      0.85      0.56      1.00     14.94      1.00
         det_prob[138]      0.81      0.16      0.86      0.55      1.00     14.62      1.00
         det_prob[139]      0.81      0.16      0.86      0.56      1.00     14.36      1.00
         det_prob[140]      0.81      0.16      0.86      0.56      1.00     14.39      1.00
         det_prob[141]      0.81      0.17      0.86      0.55      1.00     14.41      1.00
         det_prob[142]      0.81      0.17      0.87      0.55      1.00     14.44      1.00
         det_prob[143]      0.81      0.17      0.87      0.55      1.00     14.61      1.00
         det_prob[144]      0.81      0.17      0.87      0.55      1.00     14.62      1.00
         det_prob[145]      0.81      0.17      0.87      0.56      1.00     14.50      1.00
         det_prob[146]      0.82      0.17      0.87      0.55      1.00     14.53      1.00
         det_prob[147]      0.82      0.17      0.88      0.55      1.00     14.47      1.00
         det_prob[148]      0.81      0.18      0.88      0.55      1.00     14.34      1.00
         det_prob[149]      0.81      0.18      0.88      0.54      1.00     14.14      1.00
         det_prob[150]      0.81      0.18      0.88      0.55      1.00     14.02      1.00
         det_prob[151]      0.81      0.18      0.88      0.53      1.00     14.11      1.00
         det_prob[152]      0.81      0.18      0.89      0.53      1.00     13.99      1.00
         det_prob[153]      0.81      0.19      0.89      0.53      1.00     14.06      1.00
         det_prob[154]      0.81      0.19      0.89      0.52      1.00     14.07      1.00
         det_prob[155]      0.81      0.19      0.89      0.52      1.00     14.06      1.00
         det_prob[156]      0.81      0.20      0.89      0.49      1.00     13.88      1.00
         det_prob[157]      0.81      0.20      0.89      0.50      1.00     13.95      1.00
         det_prob[158]      0.81      0.20      0.89      0.50      1.00     14.03      1.00
         det_prob[159]      0.81      0.20      0.90      0.51      1.00     13.98      1.00
         det_prob[160]      0.82      0.19      0.90      0.52      1.00     13.88      1.00
         det_prob[161]      0.82      0.19      0.90      0.53      1.00     13.94      1.00
         det_prob[162]      0.83      0.18      0.90      0.55      1.00     13.81      1.00
         det_prob[163]      0.83      0.18      0.91      0.55      1.00     13.81      1.00
         det_prob[164]      0.84      0.17      0.91      0.58      1.00     13.91      1.00
         det_prob[165]      0.84      0.17      0.91      0.57      1.00     13.93      1.00
         det_prob[166]      0.84      0.17      0.92      0.58      1.00     13.97      1.01
         det_prob[167]      0.85      0.17      0.91      0.58      1.00     13.84      1.01
         det_prob[168]      0.85      0.17      0.92      0.59      1.00     13.90      1.01
         det_prob[169]      0.85      0.16      0.92      0.60      1.00     13.82      1.01
         det_prob[170]      0.85      0.17      0.92      0.59      1.00     13.98      1.01
         det_prob[171]      0.85      0.17      0.92      0.60      1.00     14.07      1.01
         det_prob[172]      0.85      0.17      0.92      0.60      1.00     14.25      1.01
         det_prob[173]      0.86      0.16      0.93      0.62      1.00     14.42      1.01
         det_prob[174]      0.86      0.16      0.93      0.62      1.00     14.14      1.01
         det_prob[175]      0.86      0.16      0.93      0.62      1.00     14.24      1.01
         det_prob[176]      0.86      0.15      0.93      0.63      1.00     14.27      1.01
         det_prob[177]      0.87      0.15      0.93      0.64      1.00     14.25      1.01
         det_prob[178]      0.87      0.15      0.93      0.65      1.00     14.45      1.01
         det_prob[179]      0.87      0.15      0.93      0.65      1.00     14.43      1.02
         det_prob[180]      0.88      0.14      0.93      0.66      1.00     14.44      1.01
         det_prob[181]      0.88      0.14      0.94      0.67      1.00     14.57      1.02
         det_prob[182]      0.88      0.14      0.94      0.66      1.00     14.47      1.02
         det_prob[183]      0.88      0.14      0.94      0.68      1.00     14.83      1.02
         det_prob[184]      0.88      0.14      0.94      0.68      1.00     14.90      1.02
         det_prob[185]      0.88      0.13      0.94      0.69      1.00     14.80      1.01
         det_prob[186]      0.89      0.13      0.94      0.70      1.00     14.65      1.02
         det_prob[187]      0.89      0.13      0.94      0.70      1.00     15.06      1.02
         det_prob[188]      0.89      0.12      0.94      0.71      1.00     15.77      1.02
         det_prob[189]      0.90      0.12      0.95      0.73      1.00     15.51      1.02
         det_prob[190]      0.90      0.11      0.94      0.73      1.00     15.52      1.02
         det_prob[191]      0.90      0.11      0.94      0.74      1.00     15.77      1.01
         det_prob[192]      0.90      0.11      0.94      0.75      1.00     16.16      1.01
         det_prob[193]      0.91      0.11      0.95      0.76      1.00     16.14      1.01
         det_prob[194]      0.91      0.10      0.95      0.77      1.00     16.27      1.01
         det_prob[195]      0.91      0.10      0.95      0.78      1.00     16.56      1.01
         det_prob[196]      0.91      0.10      0.95      0.78      1.00     16.84      1.01
         det_prob[197]      0.91      0.10      0.95      0.78      1.00     17.14      1.01
         det_prob[198]      0.91      0.09      0.95      0.78      1.00     17.20      1.01
         det_prob[199]      0.92      0.09      0.95      0.78      1.00     17.08      1.01
         det_prob[200]      0.92      0.09      0.95      0.79      1.00     17.12      1.01
         det_prob[201]      0.92      0.09      0.95      0.79      1.00     17.41      1.00
         det_prob[202]      0.92      0.09      0.95      0.80      1.00     17.08      1.00
         det_prob[203]      0.92      0.09      0.95      0.80      1.00     17.17      1.00
         det_prob[204]      0.92      0.08      0.95      0.80      1.00     17.30      1.00
         det_prob[205]      0.92      0.09      0.95      0.79      1.00     16.83      1.00
         det_prob[206]      0.92      0.08      0.95      0.80      1.00     17.23      1.00
         det_prob[207]      0.92      0.08      0.95      0.80      1.00     17.67      1.00
         det_prob[208]      0.92      0.08      0.95      0.80      1.00     17.64      1.00
         det_prob[209]      0.92      0.08      0.95      0.80      1.00     18.13      1.00
         det_prob[210]      0.92      0.08      0.95      0.80      1.00     18.53      1.00
         det_prob[211]      0.92      0.08      0.96      0.80      1.00     18.99      1.00
         det_prob[212]      0.92      0.08      0.96      0.80      1.00     18.92      1.00
         det_prob[213]      0.92      0.08      0.96      0.80      1.00     19.43      1.00
         det_prob[214]      0.92      0.09      0.96      0.80      1.00     20.77      1.00
         det_prob[215]      0.92      0.09      0.96      0.80      1.00     21.59      1.00
         det_prob[216]      0.92      0.09      0.96      0.80      1.00     21.96      1.00
         det_prob[217]      0.92      0.09      0.96      0.80      1.00     22.46      1.00
         det_prob[218]      0.92      0.09      0.96      0.80      1.00     23.16      1.00
         det_prob[219]      0.92      0.09      0.96      0.80      1.00     23.96      1.00
         det_prob[220]      0.92      0.09      0.96      0.79      1.00     23.83      1.00
         det_prob[221]      0.92      0.09      0.96      0.79      1.00     23.84      1.00
         det_prob[222]      0.92      0.09      0.96      0.79      1.00     24.64      1.00
         det_prob[223]      0.92      0.10      0.96      0.79      1.00     24.93      1.00
         det_prob[224]      0.92      0.10      0.96      0.79      1.00     25.93      1.00
         det_prob[225]      0.92      0.10      0.96      0.78      1.00     26.63      1.00
         det_prob[226]      0.92      0.10      0.96      0.78      1.00     26.98      1.00
         det_prob[227]      0.92      0.10      0.96      0.78      1.00     27.73      1.00
             det_prob0      0.27      0.06      0.27      0.18      0.37    195.74      1.02
            det_prob_d      0.90      0.03      0.90      0.86      0.95   1152.24      1.00
                 gamma      0.48      0.05      0.48      0.40      0.56    914.50      1.00
                 rw[0]     -0.22      1.02     -0.24     -1.82      1.43     77.25      1.01
                 rw[1]     -0.33      1.43     -0.39     -2.64      2.01     36.35      1.02
                 rw[2]     -0.41      1.74     -0.44     -3.44      2.21     22.37      1.03
                 rw[3]     -0.40      1.97     -0.52     -3.18      3.27     16.48      1.05
                 rw[4]     -0.28      2.21     -0.44     -3.77      3.49     13.58      1.06
                 rw[5]     -0.24      2.43     -0.32     -4.21      3.69     11.42      1.07
                 rw[6]     -0.18      2.61     -0.34     -4.87      3.74     10.54      1.07
                 rw[7]     -0.06      2.80     -0.26     -4.61      4.36      9.82      1.08
                 rw[8]      0.07      2.94     -0.17     -4.79      4.87      8.91      1.09
                 rw[9]      0.22      3.04     -0.04     -4.66      5.39      8.59      1.08
                rw[10]      0.30      3.17     -0.04     -4.45      5.89      8.22      1.09
                rw[11]      0.34      3.34      0.05     -4.33      6.42      8.15      1.09
                rw[12]      0.28      3.40     -0.06     -4.71      5.84      8.01      1.09
                rw[13]      0.18      3.44     -0.17     -5.54      5.54      7.99      1.08
                rw[14]      0.12      3.50     -0.24     -5.40      5.53      8.17      1.07
                rw[15]      0.12      3.52     -0.30     -5.13      6.03      7.98      1.07
                rw[16]      0.07      3.57     -0.33     -5.60      5.80      7.89      1.07
                rw[17]      0.08      3.60     -0.35     -4.84      6.76      7.93      1.07
                rw[18]      0.07      3.63     -0.48     -5.39      6.56      8.08      1.06
                rw[19]      0.07      3.59     -0.45     -5.18      6.22      8.02      1.06
                rw[20]     -0.05      3.58     -0.55     -4.95      6.59      7.94      1.06
                rw[21]     -0.21      3.56     -0.68     -5.55      5.95      8.15      1.05
                rw[22]     -0.45      3.56     -0.89     -5.55      5.79      7.98      1.05
                rw[23]     -0.72      3.56     -1.03     -6.18      5.44      8.01      1.06
                rw[24]     -0.98      3.58     -1.42     -7.30      4.39      8.08      1.05
                rw[25]     -1.24      3.54     -1.68     -6.96      4.55      7.88      1.06
                rw[26]     -1.51      3.54     -1.97     -7.08      4.34      7.93      1.06
                rw[27]     -1.86      3.58     -2.31     -7.45      4.04      7.84      1.07
                rw[28]     -2.18      3.57     -2.69     -8.33      3.11      7.99      1.06
                rw[29]     -2.55      3.58     -3.03     -8.54      2.82      8.01      1.06
                rw[30]     -2.83      3.58     -3.26     -8.38      2.98      7.97      1.06
                rw[31]     -3.07      3.62     -3.43     -8.25      3.23      8.21      1.05
                rw[32]     -3.28      3.56     -3.70     -8.68      2.35      8.21      1.05
                rw[33]     -3.44      3.57     -4.04     -9.03      2.07      8.12      1.05
                rw[34]     -3.52      3.55     -3.96     -8.46      2.81      8.24      1.05
                rw[35]     -3.63      3.59     -4.05     -8.93      2.51      8.23      1.04
                rw[36]     -3.71      3.59     -4.16     -9.95      1.57      8.35      1.04
                rw[37]     -3.73      3.61     -4.12     -8.94      2.68      8.49      1.04
                rw[38]     -3.69      3.58     -4.07     -9.03      2.31      8.33      1.03
                rw[39]     -3.69      3.57     -4.08     -9.12      2.15      8.10      1.03
                rw[40]     -3.70      3.52     -4.08     -8.99      2.26      7.88      1.03
                rw[41]     -3.60      3.51     -4.01     -9.28      1.88      7.78      1.03
                rw[42]     -3.54      3.52     -4.03     -8.76      2.50      7.65      1.03
                rw[43]     -3.52      3.49     -3.98     -9.17      2.02      7.96      1.03
                rw[44]     -3.52      3.51     -3.90     -8.78      2.35      8.10      1.03
                rw[45]     -3.52      3.48     -3.71     -8.64      2.53      8.12      1.03
                rw[46]     -3.67      3.47     -4.02     -8.44      2.36      8.04      1.03
                rw[47]     -4.01      3.51     -4.27     -9.64      1.43      8.04      1.03
                rw[48]     -4.34      3.49     -4.58     -9.51      1.41      8.13      1.03
                rw[49]     -4.62      3.47     -4.90     -9.66      1.11      7.99      1.03
                rw[50]     -4.79      3.42     -5.18     -9.95      0.66      7.87      1.04
                rw[51]     -4.95      3.43     -5.36    -10.49      0.49      7.86      1.04
                rw[52]     -5.09      3.43     -5.59    -10.45      0.26      7.94      1.03
                rw[53]     -5.14      3.44     -5.56    -10.38      0.23      8.07      1.03
                rw[54]     -5.15      3.45     -5.55    -10.77      0.28      7.87      1.03
                rw[55]     -5.17      3.44     -5.59    -10.39      0.54      8.02      1.04
                rw[56]     -5.14      3.43     -5.48    -10.29      0.53      7.87      1.05
                rw[57]     -5.04      3.49     -5.39    -10.67      0.29      7.98      1.04
                rw[58]     -4.92      3.50     -5.34    -10.66      0.43      7.94      1.05
                rw[59]     -4.84      3.49     -5.26    -10.59      0.59      7.86      1.05
                rw[60]     -4.73      3.51     -5.11    -10.32      0.88      7.89      1.05
                rw[61]     -4.62      3.53     -5.00    -10.16      1.35      7.94      1.06
                rw[62]     -4.59      3.55     -4.88     -9.80      1.63      8.01      1.05
                rw[63]     -4.56      3.59     -4.84    -10.03      1.57      7.84      1.06
                rw[64]     -4.51      3.57     -4.84     -9.62      1.64      7.76      1.06
                rw[65]     -4.46      3.54     -4.74     -9.63      1.46      7.72      1.06
                rw[66]     -4.40      3.53     -4.69     -9.80      1.33      7.70      1.06
                rw[67]     -4.30      3.51     -4.58     -9.53      1.68      7.91      1.07
                rw[68]     -4.28      3.54     -4.54     -9.12      2.22      7.90      1.07
                rw[69]     -4.26      3.58     -4.41     -9.46      1.72      8.08      1.07
                rw[70]     -4.36      3.60     -4.58     -9.36      1.87      8.04      1.06
                rw[71]     -4.46      3.60     -4.80     -9.80      1.78      7.98      1.07
                rw[72]     -4.63      3.60     -4.84    -10.08      1.12      7.92      1.07
                rw[73]     -4.78      3.55     -5.02     -9.96      1.49      7.89      1.07
                rw[74]     -4.86      3.53     -5.11     -9.81      1.30      7.91      1.07
                rw[75]     -4.96      3.55     -5.16    -10.69      0.68      7.85      1.08
                rw[76]     -5.01      3.55     -5.31    -10.18      1.01      7.78      1.08
                rw[77]     -5.07      3.57     -5.34    -10.73      0.49      7.96      1.08
                rw[78]     -5.10      3.55     -5.25    -10.78      0.62      7.85      1.08
                rw[79]     -5.13      3.55     -5.28    -10.45      0.67      7.91      1.08
                rw[80]     -5.17      3.57     -5.38    -10.38      0.87      8.09      1.08
                rw[81]     -5.19      3.59     -5.35    -10.12      1.26      8.22      1.08
                rw[82]     -5.10      3.57     -5.25    -10.03      1.46      8.21      1.09
                rw[83]     -5.09      3.58     -5.36    -10.52      0.99      8.24      1.09
                rw[84]     -5.09      3.52     -5.31    -10.18      1.13      7.82      1.09
                rw[85]     -4.97      3.52     -5.20    -10.52      0.83      7.77      1.10
                rw[86]     -4.81      3.51     -5.09    -10.09      1.26      7.90      1.09
                rw[87]     -4.60      3.52     -4.86     -9.98      1.44      7.90      1.09
                rw[88]     -4.36      3.45     -4.68    -10.33      0.77      8.17      1.08
                rw[89]     -4.05      3.44     -4.32     -9.23      1.80      8.12      1.08
                rw[90]     -3.74      3.40     -4.04     -8.95      1.99      8.04      1.08
                rw[91]     -3.42      3.37     -3.80     -8.59      2.49      7.95      1.08
                rw[92]     -3.10      3.36     -3.46     -8.64      2.20      7.86      1.08
                rw[93]     -2.79      3.32     -3.10     -8.42      2.41      7.77      1.08
                rw[94]     -2.48      3.33     -2.65     -7.81      2.79      7.76      1.07
                rw[95]     -2.32      3.36     -2.71     -7.41      3.34      7.68      1.07
                rw[96]     -2.16      3.31     -2.46     -6.67      4.11      7.79      1.07
                rw[97]     -2.04      3.34     -2.35     -7.74      3.27      7.70      1.07
                rw[98]     -2.04      3.31     -2.36     -7.02      3.52      7.37      1.07
                rw[99]     -2.08      3.29     -2.33     -6.91      3.61      7.49      1.07
               rw[100]     -2.10      3.29     -2.53     -7.27      3.30      7.68      1.07
               rw[101]     -2.11      3.27     -2.47     -7.50      3.07      7.80      1.07
               rw[102]     -2.15      3.25     -2.45     -7.57      3.16      7.80      1.07
               rw[103]     -2.15      3.29     -2.52     -7.37      3.09      7.67      1.06
               rw[104]     -2.20      3.30     -2.50     -6.98      3.63      7.85      1.06
               rw[105]     -2.25      3.30     -2.55     -7.20      3.55      7.91      1.06
               rw[106]     -2.29      3.28     -2.66     -7.68      3.06      7.75      1.06
               rw[107]     -2.28      3.32     -2.55     -7.35      3.34      7.76      1.06
               rw[108]     -2.35      3.31     -2.70     -7.47      3.29      7.69      1.06
               rw[109]     -2.42      3.34     -2.75     -7.39      3.58      7.79      1.06
               rw[110]     -2.50      3.35     -2.82     -7.40      3.51      7.81      1.07
               rw[111]     -2.54      3.34     -2.92     -7.32      3.51      8.07      1.07
               rw[112]     -2.69      3.35     -3.14     -7.57      2.91      8.08      1.06
               rw[113]     -2.83      3.32     -3.14     -7.88      2.69      8.14      1.06
               rw[114]     -2.90      3.31     -3.25     -7.84      2.81      7.97      1.07
               rw[115]     -3.03      3.33     -3.43     -8.30      2.47      7.92      1.06
               rw[116]     -3.12      3.39     -3.54     -8.30      2.49      7.73      1.06
               rw[117]     -3.21      3.39     -3.66     -7.84      2.79      7.67      1.06
               rw[118]     -3.27      3.38     -3.62     -8.23      2.21      7.68      1.07
               rw[119]     -3.31      3.35     -3.71     -8.21      2.26      7.46      1.07
               rw[120]     -3.30      3.37     -3.78     -8.52      2.25      7.59      1.07
               rw[121]     -3.26      3.36     -3.64     -8.26      2.18      7.67      1.07
               rw[122]     -3.28      3.39     -3.66     -8.35      2.18      7.65      1.07
               rw[123]     -3.27      3.36     -3.73     -8.50      2.27      7.53      1.07
               rw[124]     -3.27      3.35     -3.73     -8.31      2.19      7.54      1.06
               rw[125]     -3.17      3.35     -3.51     -7.88      2.68      7.63      1.06
               rw[126]     -3.13      3.34     -3.56     -8.22      2.26      7.40      1.06
               rw[127]     -3.04      3.39     -3.45     -8.23      2.44      7.31      1.07
               rw[128]     -3.02      3.37     -3.48     -8.16      2.54      7.34      1.07
               rw[129]     -2.95      3.40     -3.34     -7.65      3.32      7.62      1.06
               rw[130]     -2.93      3.35     -3.34     -8.25      2.36      7.69      1.06
               rw[131]     -2.89      3.31     -3.28     -7.93      2.71      7.56      1.06
               rw[132]     -2.90      3.35     -3.44     -7.94      2.73      7.43      1.06
               rw[133]     -2.93      3.41     -3.48     -7.65      3.40      7.63      1.06
               rw[134]     -2.93      3.37     -3.33     -8.02      2.55      7.36      1.06
               rw[135]     -2.92      3.41     -3.33     -8.03      2.67      7.38      1.06
               rw[136]     -2.89      3.38     -3.30     -7.93      2.62      7.34      1.06
               rw[137]     -2.90      3.38     -3.30     -8.09      2.79      7.49      1.06
               rw[138]     -3.04      3.45     -3.53     -8.16      2.89      7.43      1.06
               rw[139]     -3.11      3.46     -3.56     -8.42      2.47      7.60      1.06
               rw[140]     -3.24      3.41     -3.67     -8.03      2.63      7.44      1.07
               rw[141]     -3.41      3.39     -3.85     -8.45      2.35      7.41      1.06
               rw[142]     -3.56      3.35     -4.00     -7.96      2.49      7.30      1.06
               rw[143]     -3.66      3.40     -4.17     -8.76      1.85      7.37      1.06
               rw[144]     -3.74      3.39     -4.17     -8.76      1.88      7.50      1.06
               rw[145]     -3.85      3.41     -4.26     -9.10      1.54      7.35      1.06
               rw[146]     -3.98      3.37     -4.41     -9.30      1.40      7.24      1.07
               rw[147]     -4.11      3.39     -4.43     -9.04      1.65      7.23      1.07
               rw[148]     -4.24      3.37     -4.57     -8.85      1.73      7.34      1.07
               rw[149]     -4.34      3.45     -4.71     -9.29      1.49      7.27      1.07
               rw[150]     -4.40      3.42     -4.76     -9.44      1.27      7.55      1.06
               rw[151]     -4.46      3.44     -4.82     -9.53      1.48      7.48      1.07
               rw[152]     -4.43      3.44     -4.84     -9.10      1.69      7.50      1.07
               rw[153]     -4.36      3.44     -4.85     -9.37      1.24      7.35      1.08
               rw[154]     -4.28      3.44     -4.74     -9.28      1.45      7.14      1.07
               rw[155]     -4.15      3.41     -4.66     -9.20      1.42      7.26      1.07
               rw[156]     -4.04      3.40     -4.63     -9.28      1.41      7.33      1.07
               rw[157]     -3.85      3.43     -4.29     -9.11      1.85      7.50      1.07
               rw[158]     -3.64      3.42     -4.00     -9.07      1.93      7.66      1.06
               rw[159]     -3.47      3.44     -3.76     -8.53      2.65      7.87      1.07
               rw[160]     -3.32      3.48     -3.52     -8.17      3.10      7.96      1.07
               rw[161]     -3.20      3.50     -3.43     -8.32      2.99      8.08      1.07
               rw[162]     -3.21      3.48     -3.59     -8.23      2.82      8.28      1.07
               rw[163]     -3.35      3.38     -3.69     -8.92      1.97      8.13      1.07
               rw[164]     -3.40      3.37     -3.65     -9.16      1.78      8.24      1.08
               rw[165]     -3.57      3.39     -3.94     -9.17      1.83      8.06      1.08
               rw[166]     -3.80      3.39     -4.13     -9.15      1.73      8.06      1.08
               rw[167]     -3.94      3.35     -4.29     -9.07      1.55      7.95      1.08
               rw[168]     -4.14      3.33     -4.54     -8.88      1.88      8.06      1.07
               rw[169]     -4.26      3.40     -4.63     -9.69      1.21      8.20      1.06
               rw[170]     -4.34      3.42     -4.72     -9.73      0.89      8.07      1.06
               rw[171]     -4.41      3.43     -4.75     -9.66      1.29      8.02      1.06
               rw[172]     -4.40      3.38     -4.76     -9.32      1.48      8.03      1.06
               rw[173]     -4.34      3.35     -4.83     -9.35      1.44      8.08      1.06
               rw[174]     -4.32      3.37     -4.72     -8.85      1.78      7.82      1.07
               rw[175]     -4.31      3.43     -4.82     -9.48      1.25      7.96      1.06
               rw[176]     -4.25      3.38     -4.69     -8.88      1.66      7.85      1.07
               rw[177]     -4.15      3.40     -4.50     -8.82      1.83      8.32      1.06
               rw[178]     -4.02      3.35     -4.38     -8.58      2.15      8.32      1.06
               rw[179]     -3.88      3.38     -4.14     -8.57      2.28      8.10      1.05
               rw[180]     -3.73      3.35     -4.05     -8.61      2.04      7.86      1.06
               rw[181]     -3.55      3.42     -3.95     -8.42      2.63      8.10      1.07
               rw[182]     -3.38      3.43     -3.61     -8.11      2.95      8.12      1.06
               rw[183]     -3.17      3.38     -3.49     -7.78      3.14      7.89      1.07
               rw[184]     -2.95      3.39     -3.23     -7.98      2.75      8.04      1.07
               rw[185]     -2.64      3.37     -2.92     -7.44      3.51      8.05      1.06
               rw[186]     -2.38      3.30     -2.64     -7.36      3.38      8.16      1.06
               rw[187]     -2.22      3.30     -2.60     -7.05      3.70      7.93      1.06
               rw[188]     -2.11      3.31     -2.43     -6.61      3.90      7.73      1.07
               rw[189]     -2.03      3.31     -2.37     -6.36      4.30      7.63      1.07
               rw[190]     -2.02      3.32     -2.35     -6.96      3.61      7.63      1.07
               rw[191]     -1.98      3.28     -2.39     -6.60      3.84      7.59      1.06
               rw[192]     -1.90      3.28     -2.28     -6.90      3.64      7.64      1.06
               rw[193]     -1.88      3.27     -2.19     -6.71      4.02      7.55      1.06
               rw[194]     -1.90      3.33     -2.21     -7.20      3.57      7.64      1.06
               rw[195]     -1.97      3.34     -2.41     -6.53      4.33      7.67      1.06
               rw[196]     -2.06      3.33     -2.52     -7.37      3.45      7.63      1.06
               rw[197]     -2.17      3.31     -2.62     -6.85      3.80      7.63      1.06
               rw[198]     -2.20      3.29     -2.62     -7.34      3.25      7.55      1.06
               rw[199]     -2.18      3.28     -2.60     -7.30      3.38      7.46      1.07
               rw[200]     -2.17      3.33     -2.47     -7.29      3.40      7.67      1.06
               rw[201]     -2.23      3.33     -2.56     -7.08      3.54      7.44      1.07
               rw[202]     -2.28      3.31     -2.68     -7.29      3.38      7.51      1.07
               rw[203]     -2.41      3.31     -2.79     -8.06      2.62      7.47      1.06
               rw[204]     -2.51      3.34     -3.07     -7.53      2.96      7.60      1.06
               rw[205]     -2.52      3.33     -3.13     -7.33      3.17      7.61      1.07
               rw[206]     -2.58      3.28     -3.03     -7.37      2.95      7.67      1.07
               rw[207]     -2.62      3.32     -3.11     -7.46      2.83      7.63      1.07
               rw[208]     -2.68      3.35     -3.11     -7.91      2.78      7.63      1.07
               rw[209]     -2.61      3.34     -2.98     -7.41      3.25      7.50      1.07
               rw[210]     -2.59      3.36     -3.07     -7.24      3.33      7.62      1.07
               rw[211]     -2.57      3.36     -3.08     -7.00      3.81      7.55      1.07
               rw[212]     -2.53      3.34     -2.93     -7.33      3.52      7.69      1.07
               rw[213]     -2.50      3.33     -2.91     -7.70      3.03      7.67      1.06
               rw[214]     -2.49      3.36     -2.92     -7.07      3.81      7.48      1.06
               rw[215]     -2.48      3.38     -2.90     -7.28      3.62      7.37      1.07
               rw[216]     -2.45      3.38     -2.77     -8.27      2.70      7.48      1.06
               rw[217]     -2.43      3.34     -2.83     -7.01      3.69      7.32      1.07
               rw[218]     -2.44      3.35     -2.78     -7.70      3.05      7.22      1.07
               rw[219]     -2.47      3.42     -2.78     -7.51      3.52      7.46      1.07
               rw[220]     -2.49      3.43     -2.87     -7.33      3.59      7.56      1.07
               rw[221]     -2.44      3.42     -2.86     -7.27      3.24      7.74      1.06
               rw[222]     -2.39      3.43     -2.75     -7.83      3.07      7.63      1.06
               rw[223]     -2.44      3.48     -2.67     -7.38      3.56      7.98      1.06
               rw[224]     -2.48      3.50     -2.83     -7.77      3.20      8.11      1.07
               rw[225]     -2.44      3.65     -2.71     -8.27      3.43      8.60      1.06
               rw[226]     -2.48      3.76     -2.68     -8.19      4.03      9.47      1.05
               rw[227]     -2.46      3.93     -2.61     -8.40      4.25     10.03      1.05
                 sigma      0.23      0.02      0.23      0.19      0.26    951.59      1.00

Number of divergences: 0
