
                            mean       std    median      5.0%     95.0%     n_eff     r_hat
                    D0      1.22      1.96      0.62      0.00      2.84    918.86      1.00
                    E0     13.11     13.51      9.16      0.01     28.93     64.73      1.07
                    H0      1.39      1.43      0.94      0.00      3.18   1469.72      1.00
                    I0      7.32      7.60      4.84      0.07     16.40     52.00      1.09
                 beta0      1.29      0.63      1.20      0.39      2.15      4.47      2.00
  confirmed_dispersion      0.16      0.03      0.15      0.12      0.20   1589.56      1.00
      death_dispersion      0.57      0.05      0.57      0.49      0.64   2311.89      1.00
            death_prob      0.02      0.00      0.02      0.02      0.03     52.12      1.00
            death_rate      0.05      0.01      0.04      0.03      0.06    236.93      1.00
           det_prob[0]      0.24      0.06      0.24      0.14      0.34    197.75      1.00
           det_prob[1]      0.23      0.07      0.22      0.13      0.34    193.99      1.00
           det_prob[2]      0.22      0.07      0.21      0.10      0.32    171.83      1.01
           det_prob[3]      0.20      0.07      0.19      0.09      0.32    148.09      1.01
           det_prob[4]      0.19      0.07      0.18      0.08      0.30    148.44      1.01
           det_prob[5]      0.18      0.07      0.17      0.07      0.29    130.45      1.01
           det_prob[6]      0.17      0.07      0.16      0.07      0.27    125.23      1.01
           det_prob[7]      0.16      0.07      0.15      0.06      0.27    123.32      1.01
           det_prob[8]      0.15      0.06      0.14      0.05      0.24    116.77      1.01
           det_prob[9]      0.15      0.06      0.13      0.05      0.23    121.36      1.01
          det_prob[10]      0.14      0.06      0.13      0.05      0.23    121.93      1.01
          det_prob[11]      0.14      0.06      0.13      0.05      0.23    112.31      1.01
          det_prob[12]      0.14      0.06      0.13      0.05      0.22    114.80      1.01
          det_prob[13]      0.14      0.06      0.13      0.06      0.22    116.87      1.01
          det_prob[14]      0.14      0.06      0.14      0.05      0.22    118.11      1.01
          det_prob[15]      0.15      0.06      0.14      0.06      0.23    116.73      1.01
          det_prob[16]      0.16      0.06      0.15      0.07      0.25    122.64      1.00
          det_prob[17]      0.16      0.06      0.16      0.07      0.25    124.92      1.00
          det_prob[18]      0.17      0.06      0.16      0.08      0.27    122.09      1.00
          det_prob[19]      0.17      0.06      0.17      0.08      0.27    124.04      1.00
          det_prob[20]      0.18      0.06      0.17      0.09      0.27    125.35      1.00
          det_prob[21]      0.18      0.06      0.17      0.09      0.27    129.92      1.00
          det_prob[22]      0.19      0.06      0.18      0.09      0.28    118.93      1.00
          det_prob[23]      0.19      0.06      0.18      0.09      0.28    119.80      1.00
          det_prob[24]      0.19      0.06      0.18      0.10      0.29    123.26      1.00
          det_prob[25]      0.20      0.06      0.19      0.10      0.30    118.65      1.00
          det_prob[26]      0.20      0.06      0.19      0.10      0.29    117.22      1.00
          det_prob[27]      0.20      0.07      0.20      0.11      0.32    112.40      1.00
          det_prob[28]      0.21      0.07      0.20      0.11      0.32    102.17      1.01
          det_prob[29]      0.22      0.07      0.21      0.10      0.32    108.90      1.00
          det_prob[30]      0.23      0.07      0.22      0.12      0.34    118.65      1.00
          det_prob[31]      0.23      0.08      0.22      0.11      0.34    117.36      1.01
          det_prob[32]      0.23      0.08      0.22      0.10      0.34    122.86      1.01
          det_prob[33]      0.23      0.08      0.22      0.10      0.34    119.45      1.00
          det_prob[34]      0.24      0.08      0.22      0.11      0.36    112.61      1.01
          det_prob[35]      0.24      0.08      0.23      0.12      0.37    108.37      1.00
          det_prob[36]      0.24      0.08      0.23      0.11      0.36    110.11      1.01
          det_prob[37]      0.25      0.08      0.24      0.13      0.39    103.56      1.01
          det_prob[38]      0.24      0.08      0.23      0.12      0.38     90.87      1.01
          det_prob[39]      0.24      0.08      0.23      0.11      0.37     88.54      1.01
          det_prob[40]      0.24      0.08      0.23      0.11      0.36    102.10      1.01
          det_prob[41]      0.25      0.08      0.24      0.13      0.37    100.50      1.01
          det_prob[42]      0.26      0.08      0.25      0.12      0.38    105.82      1.01
          det_prob[43]      0.27      0.08      0.26      0.13      0.39    102.88      1.01
          det_prob[44]      0.27      0.08      0.26      0.13      0.39     95.02      1.01
          det_prob[45]      0.26      0.08      0.25      0.12      0.38     93.95      1.01
          det_prob[46]      0.26      0.08      0.25      0.13      0.39     91.36      1.01
          det_prob[47]      0.26      0.08      0.25      0.13      0.40     92.67      1.02
          det_prob[48]      0.27      0.08      0.25      0.14      0.41     95.23      1.02
          det_prob[49]      0.27      0.08      0.26      0.14      0.40     92.59      1.02
          det_prob[50]      0.27      0.08      0.26      0.14      0.40     95.89      1.01
          det_prob[51]      0.27      0.08      0.26      0.14      0.40     96.03      1.01
          det_prob[52]      0.27      0.08      0.26      0.13      0.40     97.16      1.01
          det_prob[53]      0.27      0.09      0.26      0.15      0.43     93.94      1.01
          det_prob[54]      0.28      0.09      0.26      0.14      0.42     89.06      1.01
          det_prob[55]      0.29      0.09      0.27      0.15      0.44     88.56      1.01
          det_prob[56]      0.30      0.09      0.29      0.17      0.47     90.36      1.01
          det_prob[57]      0.31      0.09      0.29      0.15      0.45     95.33      1.00
          det_prob[58]      0.32      0.10      0.31      0.17      0.47     99.54      1.00
          det_prob[59]      0.32      0.10      0.32      0.16      0.47    102.95      1.01
          det_prob[60]      0.33      0.10      0.32      0.17      0.49    105.60      1.00
          det_prob[61]      0.35      0.10      0.34      0.17      0.50     92.08      1.00
          det_prob[62]      0.36      0.10      0.35      0.19      0.53     94.97      1.00
          det_prob[63]      0.37      0.11      0.36      0.20      0.55    106.82      1.00
          det_prob[64]      0.39      0.11      0.39      0.23      0.58    108.61      1.00
          det_prob[65]      0.40      0.11      0.40      0.23      0.58    107.78      1.00
          det_prob[66]      0.41      0.11      0.41      0.23      0.60    100.71      1.00
          det_prob[67]      0.43      0.12      0.43      0.25      0.62    104.10      1.00
          det_prob[68]      0.45      0.12      0.45      0.26      0.64    101.21      1.00
          det_prob[69]      0.48      0.12      0.47      0.28      0.66     97.38      1.00
          det_prob[70]      0.49      0.12      0.49      0.29      0.68     96.61      1.00
          det_prob[71]      0.51      0.12      0.51      0.30      0.69     99.79      1.00
          det_prob[72]      0.52      0.13      0.53      0.31      0.72     98.53      1.00
          det_prob[73]      0.53      0.13      0.53      0.32      0.74     96.86      1.00
          det_prob[74]      0.53      0.13      0.53      0.31      0.74     93.54      1.00
          det_prob[75]      0.54      0.13      0.55      0.33      0.76     82.75      1.00
          det_prob[76]      0.56      0.13      0.56      0.34      0.78     79.25      1.00
          det_prob[77]      0.57      0.14      0.58      0.35      0.79     86.89      1.00
          det_prob[78]      0.58      0.14      0.58      0.38      0.83     81.57      1.00
          det_prob[79]      0.59      0.14      0.60      0.38      0.83     82.01      1.00
          det_prob[80]      0.60      0.14      0.61      0.39      0.86     79.96      1.00
          det_prob[81]      0.61      0.14      0.62      0.38      0.85     78.99      1.01
          det_prob[82]      0.62      0.14      0.63      0.39      0.86     77.54      1.01
          det_prob[83]      0.64      0.14      0.65      0.42      0.86     77.04      1.01
          det_prob[84]      0.66      0.14      0.67      0.44      0.88     73.92      1.01
          det_prob[85]      0.68      0.13      0.69      0.46      0.88     70.79      1.01
          det_prob[86]      0.69      0.13      0.70      0.51      0.91     66.65      1.01
          det_prob[87]      0.70      0.13      0.71      0.53      0.91     58.99      1.01
          det_prob[88]      0.71      0.13      0.72      0.53      0.92     60.02      1.01
          det_prob[89]      0.73      0.12      0.74      0.55      0.94     56.64      1.01
          det_prob[90]      0.74      0.12      0.76      0.56      0.93     56.81      1.01
          det_prob[91]      0.75      0.12      0.77      0.58      0.94     55.63      1.01
          det_prob[92]      0.76      0.11      0.78      0.59      0.94     51.58      1.01
          det_prob[93]      0.77      0.12      0.79      0.60      0.95     55.34      1.01
          det_prob[94]      0.78      0.11      0.80      0.61      0.96     51.86      1.02
          det_prob[95]      0.78      0.12      0.80      0.61      0.96     48.78      1.02
          det_prob[96]      0.79      0.12      0.81      0.61      0.96     47.74      1.02
          det_prob[97]      0.79      0.12      0.82      0.62      0.96     44.87      1.03
          det_prob[98]      0.80      0.11      0.83      0.63      0.96     46.59      1.03
          det_prob[99]      0.81      0.11      0.83      0.63      0.96     43.76      1.03
         det_prob[100]      0.81      0.11      0.84      0.64      0.97     42.87      1.03
         det_prob[101]      0.82      0.11      0.85      0.65      0.98     41.96      1.03
         det_prob[102]      0.82      0.11      0.85      0.65      0.97     41.31      1.03
         det_prob[103]      0.83      0.10      0.85      0.67      0.97     39.44      1.03
         det_prob[104]      0.84      0.10      0.86      0.68      0.99     40.90      1.03
         det_prob[105]      0.84      0.10      0.86      0.69      0.99     41.35      1.03
         det_prob[106]      0.85      0.10      0.87      0.70      0.99     39.31      1.03
         det_prob[107]      0.85      0.10      0.88      0.71      0.99     38.16      1.03
         det_prob[108]      0.85      0.10      0.88      0.71      0.99     39.43      1.03
         det_prob[109]      0.86      0.10      0.88      0.70      0.99     38.96      1.03
         det_prob[110]      0.86      0.10      0.89      0.71      0.99     39.69      1.02
         det_prob[111]      0.86      0.11      0.89      0.71      0.99     40.55      1.03
         det_prob[112]      0.86      0.10      0.89      0.71      0.99     39.33      1.02
         det_prob[113]      0.86      0.10      0.89      0.71      0.99     37.85      1.02
         det_prob[114]      0.87      0.10      0.90      0.72      0.99     38.09      1.02
         det_prob[115]      0.87      0.10      0.90      0.73      0.99     35.66      1.02
         det_prob[116]      0.87      0.10      0.90      0.72      0.99     37.48      1.02
         det_prob[117]      0.87      0.10      0.90      0.73      0.99     36.92      1.02
         det_prob[118]      0.87      0.10      0.91      0.72      1.00     36.70      1.01
         det_prob[119]      0.87      0.11      0.91      0.73      1.00     36.35      1.02
         det_prob[120]      0.87      0.11      0.91      0.72      1.00     35.24      1.02
         det_prob[121]      0.88      0.11      0.91      0.73      1.00     35.10      1.02
         det_prob[122]      0.88      0.11      0.91      0.73      1.00     34.81      1.02
         det_prob[123]      0.88      0.11      0.92      0.73      1.00     35.38      1.02
         det_prob[124]      0.88      0.11      0.92      0.73      1.00     35.92      1.02
         det_prob[125]      0.88      0.11      0.92      0.72      1.00     35.61      1.01
         det_prob[126]      0.88      0.11      0.92      0.72      1.00     36.08      1.01
         det_prob[127]      0.89      0.11      0.92      0.74      1.00     36.06      1.01
         det_prob[128]      0.89      0.11      0.93      0.73      1.00     36.15      1.01
         det_prob[129]      0.89      0.11      0.93      0.73      1.00     36.12      1.01
         det_prob[130]      0.89      0.11      0.93      0.72      1.00     36.97      1.01
         det_prob[131]      0.89      0.11      0.93      0.74      1.00     36.42      1.01
         det_prob[132]      0.89      0.11      0.94      0.75      1.00     35.95      1.01
         det_prob[133]      0.89      0.11      0.94      0.74      1.00     35.99      1.01
         det_prob[134]      0.90      0.11      0.94      0.75      1.00     36.15      1.01
         det_prob[135]      0.90      0.11      0.94      0.75      1.00     36.95      1.01
         det_prob[136]      0.90      0.11      0.94      0.75      1.00     35.97      1.00
         det_prob[137]      0.90      0.11      0.95      0.76      1.00     36.05      1.01
         det_prob[138]      0.90      0.10      0.95      0.76      1.00     35.47      1.01
         det_prob[139]      0.91      0.10      0.95      0.77      1.00     35.30      1.00
         det_prob[140]      0.91      0.10      0.95      0.77      1.00     35.20      1.00
         det_prob[141]      0.91      0.09      0.95      0.78      1.00     34.87      1.00
         det_prob[142]      0.91      0.09      0.95      0.79      1.00     34.36      1.00
         det_prob[143]      0.91      0.09      0.95      0.77      1.00     35.21      1.01
         det_prob[144]      0.92      0.09      0.95      0.78      1.00     34.22      1.00
         det_prob[145]      0.92      0.09      0.96      0.79      1.00     34.47      1.00
         det_prob[146]      0.92      0.09      0.96      0.79      1.00     34.23      1.00
         det_prob[147]      0.92      0.09      0.96      0.80      1.00     34.16      1.00
         det_prob[148]      0.92      0.08      0.96      0.80      1.00     34.54      1.00
         det_prob[149]      0.93      0.08      0.96      0.80      1.00     34.89      1.00
         det_prob[150]      0.92      0.09      0.96      0.79      1.00     35.97      1.00
         det_prob[151]      0.92      0.09      0.96      0.79      1.00     35.74      1.00
         det_prob[152]      0.92      0.09      0.96      0.79      1.00     37.60      1.01
         det_prob[153]      0.92      0.09      0.96      0.80      1.00     36.93      1.00
         det_prob[154]      0.92      0.09      0.96      0.79      1.00     36.09      1.00
         det_prob[155]      0.92      0.09      0.96      0.79      1.00     35.95      1.00
         det_prob[156]      0.92      0.09      0.96      0.79      1.00     35.69      1.00
         det_prob[157]      0.92      0.09      0.96      0.79      1.00     35.69      1.00
         det_prob[158]      0.92      0.09      0.96      0.79      1.00     36.63      1.00
         det_prob[159]      0.93      0.09      0.96      0.80      1.00     36.60      1.00
         det_prob[160]      0.93      0.09      0.97      0.80      1.00     37.34      1.00
         det_prob[161]      0.93      0.09      0.97      0.80      1.00     36.63      1.00
         det_prob[162]      0.93      0.09      0.97      0.80      1.00     35.94      1.00
         det_prob[163]      0.93      0.09      0.96      0.80      1.00     35.37      1.00
         det_prob[164]      0.93      0.09      0.97      0.79      1.00     36.19      1.00
         det_prob[165]      0.92      0.09      0.97      0.79      1.00     36.54      1.00
         det_prob[166]      0.92      0.09      0.97      0.79      1.00     36.98      1.01
         det_prob[167]      0.92      0.10      0.97      0.79      1.00     37.72      1.00
         det_prob[168]      0.92      0.10      0.97      0.79      1.00     38.47      1.00
         det_prob[169]      0.92      0.10      0.97      0.79      1.00     40.02      1.01
         det_prob[170]      0.92      0.10      0.97      0.79      1.00     40.62      1.01
         det_prob[171]      0.92      0.10      0.97      0.79      1.00     41.11      1.01
         det_prob[172]      0.92      0.10      0.97      0.78      1.00     40.04      1.01
         det_prob[173]      0.92      0.10      0.97      0.78      1.00     39.85      1.01
         det_prob[174]      0.92      0.11      0.97      0.78      1.00     39.94      1.01
         det_prob[175]      0.92      0.11      0.97      0.78      1.00     40.90      1.01
         det_prob[176]      0.92      0.11      0.97      0.77      1.00     41.55      1.01
         det_prob[177]      0.92      0.11      0.97      0.77      1.00     43.48      1.01
         det_prob[178]      0.92      0.11      0.97      0.77      1.00     44.07      1.01
         det_prob[179]      0.92      0.11      0.97      0.77      1.00     45.31      1.01
         det_prob[180]      0.92      0.11      0.97      0.76      1.00     46.31      1.01
         det_prob[181]      0.92      0.11      0.97      0.76      1.00     45.34      1.01
         det_prob[182]      0.92      0.11      0.97      0.77      1.00     45.86      1.01
         det_prob[183]      0.92      0.11      0.97      0.77      1.00     46.43      1.01
         det_prob[184]      0.92      0.12      0.97      0.76      1.00     47.42      1.01
         det_prob[185]      0.92      0.12      0.97      0.76      1.00     49.63      1.01
             det_prob0      0.25      0.06      0.25      0.17      0.35    271.71      1.00
            det_prob_d      0.90      0.03      0.90      0.85      0.95   2636.07      1.00
                 gamma      0.49      0.05      0.49      0.41      0.58   1456.98      1.01
                 rw[0]     -0.13      1.02     -0.11     -1.69      1.66     31.75      1.11
                 rw[1]     -0.13      1.43     -0.12     -2.64      2.14     15.20      1.21
                 rw[2]     -0.09      1.75     -0.09     -2.97      2.65     10.26      1.31
                 rw[3]      0.02      2.04     -0.05     -3.47      3.23      7.78      1.42
                 rw[4]      0.24      2.25      0.18     -3.32      3.88      6.85      1.49
                 rw[5]      0.46      2.45      0.36     -3.19      4.87      6.60      1.54
                 rw[6]      0.75      2.57      0.64     -3.37      5.02      6.01      1.61
                 rw[7]      1.14      2.66      1.03     -3.13      5.60      5.62      1.68
                 rw[8]      1.59      2.76      1.51     -3.11      5.71      5.31      1.72
                 rw[9]      2.01      2.82      1.92     -2.38      6.68      5.31      1.73
                rw[10]      2.44      2.90      2.29     -2.02      7.28      5.20      1.78
                rw[11]      2.87      2.91      2.70     -1.44      7.96      5.00      1.82
                rw[12]      3.15      2.95      2.91     -1.21      8.27      5.28      1.80
                rw[13]      3.28      2.93      3.15     -0.93      8.42      5.03      1.86
                rw[14]      3.28      2.89      3.17     -1.45      7.70      4.83      1.90
                rw[15]      2.97      2.85      2.86     -1.59      7.41      4.83      1.90
                rw[16]      2.50      2.84      2.42     -1.71      7.34      4.97      1.89
                rw[17]      1.88      2.87      1.77     -2.02      7.14      4.84      1.88
                rw[18]      1.19      2.80      1.07     -3.05      5.95      4.99      1.84
                rw[19]      0.45      2.77      0.27     -3.85      4.96      4.90      1.87
                rw[20]     -0.22      2.78     -0.43     -4.56      4.44      4.89      1.87
                rw[21]     -0.89      2.80     -1.09     -5.27      3.65      4.93      1.86
                rw[22]     -1.54      2.79     -1.68     -5.97      3.11      5.04      1.84
                rw[23]     -2.10      2.76     -2.20     -6.74      2.12      4.99      1.85
                rw[24]     -2.62      2.77     -2.80     -6.65      2.11      5.08      1.84
                rw[25]     -3.10      2.76     -3.27     -7.28      1.46      4.97      1.85
                rw[26]     -3.52      2.82     -3.68     -7.92      1.14      4.99      1.83
                rw[27]     -3.85      2.80     -4.07     -8.24      0.68      5.09      1.79
                rw[28]     -4.14      2.84     -4.45     -8.65      0.33      5.13      1.78
                rw[29]     -4.36      2.85     -4.58     -8.75      0.36      5.28      1.78
                rw[30]     -4.59      2.85     -4.88     -9.12      0.01      5.17      1.78
                rw[31]     -4.81      2.82     -5.02     -9.21     -0.26      5.03      1.80
                rw[32]     -4.93      2.81     -5.15     -9.27     -0.30      5.10      1.80
                rw[33]     -4.91      2.82     -5.06     -9.20     -0.28      5.14      1.78
                rw[34]     -4.90      2.84     -5.02     -9.20     -0.12      5.21      1.78
                rw[35]     -4.89      2.81     -4.93     -9.50     -0.39      5.05      1.80
                rw[36]     -4.83      2.79     -5.06     -9.35     -0.53      5.04      1.82
                rw[37]     -4.77      2.76     -4.85     -8.71     -0.03      4.99      1.82
                rw[38]     -4.64      2.77     -4.74     -8.85      0.27      5.13      1.79
                rw[39]     -4.46      2.83     -4.59     -8.56      0.62      5.07      1.79
                rw[40]     -4.36      2.84     -4.61     -8.81      0.26      5.04      1.78
                rw[41]     -4.14      2.81     -4.37     -8.33      0.48      4.97      1.81
                rw[42]     -3.96      2.76     -4.22     -8.32      0.42      4.94      1.81
                rw[43]     -3.94      2.76     -4.18     -8.28      0.44      5.17      1.79
                rw[44]     -3.86      2.77     -4.04     -7.95      0.97      5.09      1.81
                rw[45]     -3.72      2.78     -3.94     -8.14      0.82      5.15      1.81
                rw[46]     -3.60      2.81     -3.74     -8.13      0.94      5.09      1.83
                rw[47]     -3.53      2.83     -3.57     -7.77      1.13      5.05      1.83
                rw[48]     -3.39      2.82     -3.49     -8.16      0.77      4.89      1.82
                rw[49]     -3.34      2.85     -3.30     -7.69      1.51      5.03      1.79
                rw[50]     -3.34      2.86     -3.32     -7.64      1.62      4.95      1.79
                rw[51]     -3.31      2.86     -3.25     -7.49      1.55      4.87      1.81
                rw[52]     -3.32      2.88     -3.37     -8.25      1.06      4.98      1.81
                rw[53]     -3.39      2.90     -3.47     -8.11      0.98      5.04      1.79
                rw[54]     -3.51      2.90     -3.55     -8.06      1.25      4.93      1.78
                rw[55]     -3.59      2.90     -3.63     -8.33      0.86      4.89      1.80
                rw[56]     -3.81      2.88     -3.75     -8.28      0.83      5.03      1.80
                rw[57]     -4.04      2.87     -4.01     -8.42      0.70      4.94      1.81
                rw[58]     -4.36      2.87     -4.41     -8.48      0.76      4.94      1.81
                rw[59]     -4.58      2.91     -4.68     -9.18      0.15      5.07      1.78
                rw[60]     -4.80      2.90     -4.83     -9.18      0.01      4.87      1.82
                rw[61]     -4.99      2.95     -5.15     -9.47     -0.06      5.03      1.80
                rw[62]     -5.23      2.95     -5.31     -9.87     -0.49      5.16      1.80
                rw[63]     -5.36      2.93     -5.54    -10.13     -0.72      5.41      1.78
                rw[64]     -5.48      2.90     -5.66     -9.75     -0.41      5.37      1.77
                rw[65]     -5.60      2.94     -5.78    -10.11     -0.62      5.26      1.79
                rw[66]     -5.64      3.01     -5.74    -10.15     -0.46      5.21      1.77
                rw[67]     -5.66      3.01     -5.81    -10.58     -0.95      5.12      1.79
                rw[68]     -5.64      2.99     -5.84    -10.24     -0.68      5.07      1.80
                rw[69]     -5.66      3.02     -5.85    -10.18     -0.52      5.10      1.82
                rw[70]     -5.64      2.94     -5.68     -9.99     -0.37      5.26      1.78
                rw[71]     -5.61      2.92     -5.73    -10.16     -0.80      5.14      1.81
                rw[72]     -5.58      2.93     -5.52    -10.34     -0.96      4.98      1.84
                rw[73]     -5.58      2.93     -5.65     -9.93     -0.62      5.05      1.81
                rw[74]     -5.41      2.89     -5.51     -9.40     -0.14      5.07      1.81
                rw[75]     -5.25      2.94     -5.44    -10.15     -0.54      5.03      1.84
                rw[76]     -5.05      2.94     -5.09    -10.02     -0.63      4.99      1.83
                rw[77]     -4.79      2.89     -4.94     -9.63     -0.19      5.31      1.76
                rw[78]     -4.58      2.90     -4.67     -9.33     -0.19      5.10      1.84
                rw[79]     -4.29      2.85     -4.38     -8.86      0.13      4.97      1.87
                rw[80]     -3.97      2.85     -4.19     -8.14      0.83      4.91      1.88
                rw[81]     -3.67      2.81     -3.79     -7.80      0.96      5.08      1.84
                rw[82]     -3.34      2.77     -3.49     -7.18      1.62      4.97      1.84
                rw[83]     -3.00      2.80     -3.19     -7.37      1.45      5.08      1.83
                rw[84]     -2.77      2.83     -2.87     -6.74      2.36      5.12      1.83
                rw[85]     -2.62      2.79     -2.83     -7.18      1.84      5.03      1.84
                rw[86]     -2.52      2.81     -2.66     -7.25      1.86      4.97      1.86
                rw[87]     -2.50      2.81     -2.52     -6.84      2.04      4.98      1.86
                rw[88]     -2.49      2.84     -2.56     -7.07      1.99      4.88      1.86
                rw[89]     -2.50      2.79     -2.54     -6.97      1.80      4.87      1.86
                rw[90]     -2.59      2.81     -2.67     -7.16      1.78      5.01      1.83
                rw[91]     -2.58      2.74     -2.73     -7.07      1.54      4.94      1.84
                rw[92]     -2.72      2.78     -2.84     -7.20      1.66      5.01      1.83
                rw[93]     -2.84      2.79     -3.00     -6.91      2.06      5.02      1.81
                rw[94]     -2.91      2.82     -3.03     -7.10      1.96      4.86      1.85
                rw[95]     -2.89      2.80     -2.99     -7.25      1.60      4.85      1.85
                rw[96]     -2.87      2.73     -3.04     -6.96      1.82      4.86      1.86
                rw[97]     -2.76      2.74     -2.91     -6.81      1.89      4.76      1.88
                rw[98]     -2.76      2.79     -2.89     -7.15      1.56      4.67      1.90
                rw[99]     -2.72      2.74     -2.89     -6.63      2.10      4.68      1.89
               rw[100]     -2.70      2.71     -2.94     -6.88      1.79      4.87      1.85
               rw[101]     -2.56      2.70     -2.70     -6.75      1.77      4.95      1.84
               rw[102]     -2.43      2.74     -2.53     -6.50      2.00      4.98      1.83
               rw[103]     -2.40      2.74     -2.61     -6.76      1.77      4.94      1.86
               rw[104]     -2.41      2.74     -2.53     -6.54      1.95      5.00      1.82
               rw[105]     -2.51      2.72     -2.64     -6.31      2.25      5.04      1.82
               rw[106]     -2.64      2.72     -2.78     -6.94      1.78      4.89      1.86
               rw[107]     -2.78      2.79     -2.89     -7.03      1.91      4.82      1.87
               rw[108]     -2.97      2.80     -3.10     -7.07      1.73      4.74      1.90
               rw[109]     -3.10      2.80     -3.13     -7.41      1.49      4.83      1.84
               rw[110]     -3.19      2.79     -3.26     -7.32      1.41      4.82      1.86
               rw[111]     -3.29      2.81     -3.39     -7.63      1.28      4.76      1.88
               rw[112]     -3.28      2.78     -3.47     -7.23      1.73      4.78      1.88
               rw[113]     -3.29      2.77     -3.41     -8.05      0.79      4.80      1.89
               rw[114]     -3.33      2.76     -3.59     -7.90      0.94      4.81      1.85
               rw[115]     -3.32      2.74     -3.50     -7.79      0.87      4.93      1.85
               rw[116]     -3.37      2.80     -3.45     -7.85      1.09      5.03      1.83
               rw[117]     -3.44      2.79     -3.55     -7.61      1.30      4.72      1.88
               rw[118]     -3.49      2.78     -3.60     -7.52      1.23      4.76      1.89
               rw[119]     -3.57      2.76     -3.71     -7.74      1.07      4.83      1.84
               rw[120]     -3.71      2.74     -3.92     -7.95      0.94      4.94      1.80
               rw[121]     -3.87      2.74     -4.06     -8.15      0.58      5.03      1.81
               rw[122]     -3.95      2.76     -4.13     -7.88      0.90      5.02      1.83
               rw[123]     -4.07      2.78     -4.21     -8.27      0.38      4.86      1.87
               rw[124]     -4.18      2.80     -4.30     -8.08      0.92      4.87      1.87
               rw[125]     -4.34      2.80     -4.48     -9.04     -0.03      4.93      1.84
               rw[126]     -4.48      2.80     -4.66     -9.05     -0.19      4.98      1.82
               rw[127]     -4.64      2.80     -4.80     -8.93      0.02      5.08      1.82
               rw[128]     -4.77      2.84     -4.89     -8.88      0.01      5.00      1.85
               rw[129]     -4.83      2.84     -4.91     -9.03      0.09      5.04      1.82
               rw[130]     -4.89      2.83     -5.02     -9.52     -0.44      4.92      1.84
               rw[131]     -4.90      2.83     -5.05     -9.40     -0.44      4.95      1.83
               rw[132]     -5.03      2.81     -5.17     -9.81     -0.97      5.05      1.80
               rw[133]     -5.08      2.80     -5.16     -9.45     -0.68      5.02      1.82
               rw[134]     -5.14      2.81     -5.24     -9.50     -0.58      4.87      1.84
               rw[135]     -5.21      2.82     -5.37     -9.48     -0.49      5.07      1.81
               rw[136]     -5.19      2.84     -5.29     -9.76     -0.65      4.97      1.83
               rw[137]     -5.13      2.84     -5.23     -9.41     -0.39      4.94      1.86
               rw[138]     -5.11      2.82     -5.23     -9.66     -0.51      4.87      1.86
               rw[139]     -5.11      2.82     -5.20     -9.63     -0.46      4.84      1.85
               rw[140]     -5.14      2.87     -5.31     -9.38     -0.21      4.89      1.84
               rw[141]     -5.20      2.86     -5.30     -9.51     -0.43      4.78      1.85
               rw[142]     -5.27      2.90     -5.41     -9.68     -0.45      4.96      1.86
               rw[143]     -5.43      2.86     -5.48     -9.73     -0.68      4.97      1.87
               rw[144]     -5.49      2.89     -5.51     -9.92     -0.70      4.78      1.90
               rw[145]     -5.61      2.89     -5.68    -10.43     -1.10      4.78      1.89
               rw[146]     -5.72      2.89     -5.89    -10.06     -0.88      4.76      1.88
               rw[147]     -5.88      2.81     -6.01    -10.25     -1.29      4.81      1.85
               rw[148]     -6.10      2.83     -6.11    -10.72     -1.74      4.89      1.84
               rw[149]     -6.36      2.82     -6.37    -11.06     -2.02      4.81      1.88
               rw[150]     -6.51      2.82     -6.58    -11.22     -2.23      4.82      1.87
               rw[151]     -6.60      2.87     -6.65    -10.87     -1.49      5.05      1.78
               rw[152]     -6.59      2.86     -6.65    -10.94     -1.68      5.00      1.80
               rw[153]     -6.56      2.81     -6.63    -10.99     -1.90      4.89      1.82
               rw[154]     -6.48      2.86     -6.50    -10.88     -1.77      4.79      1.86
               rw[155]     -6.47      2.83     -6.59    -11.63     -2.35      4.88      1.85
               rw[156]     -6.35      2.82     -6.47    -11.00     -1.99      5.01      1.83
               rw[157]     -6.23      2.86     -6.34    -10.77     -1.83      4.91      1.84
               rw[158]     -6.11      2.84     -6.23    -10.22     -1.16      4.97      1.82
               rw[159]     -6.01      2.83     -6.19    -10.19     -1.17      4.80      1.85
               rw[160]     -5.86      2.82     -5.95     -9.99     -1.15      4.84      1.84
               rw[161]     -5.81      2.81     -5.86    -10.56     -1.55      5.03      1.83
               rw[162]     -5.77      2.87     -5.92    -10.47     -1.39      5.01      1.82
               rw[163]     -5.79      2.87     -5.89    -10.71     -1.55      5.15      1.82
               rw[164]     -5.75      2.82     -5.81    -10.03     -0.94      5.04      1.83
               rw[165]     -5.70      2.85     -5.84     -9.89     -0.96      4.96      1.84
               rw[166]     -5.68      2.91     -5.89     -9.84     -0.46      4.97      1.82
               rw[167]     -5.63      2.90     -5.72     -9.97     -0.80      5.07      1.80
               rw[168]     -5.58      2.89     -5.71     -9.67     -0.40      5.10      1.82
               rw[169]     -5.53      2.86     -5.60    -10.04     -0.88      5.05      1.83
               rw[170]     -5.43      2.86     -5.41     -9.59     -0.51      4.91      1.86
               rw[171]     -5.34      2.90     -5.49     -9.83     -0.64      5.03      1.85
               rw[172]     -5.18      2.92     -5.33     -9.53     -0.25      5.03      1.84
               rw[173]     -5.03      2.84     -5.20     -9.53     -0.63      4.89      1.85
               rw[174]     -4.78      2.83     -5.02     -8.79      0.24      4.86      1.86
               rw[175]     -4.55      2.87     -4.71     -8.78      0.10      5.02      1.84
               rw[176]     -4.39      2.87     -4.47     -8.47      0.43      5.02      1.82
               rw[177]     -4.24      2.87     -4.39     -8.47      0.33      4.96      1.82
               rw[178]     -4.08      2.87     -4.26     -8.24      0.88      5.13      1.79
               rw[179]     -3.87      2.91     -3.92     -8.28      0.87      5.10      1.79
               rw[180]     -3.67      2.89     -3.78     -8.18      0.99      5.11      1.78
               rw[181]     -3.55      2.96     -3.68     -8.32      0.97      5.18      1.76
               rw[182]     -3.62      3.03     -3.81     -8.58      1.12      5.53      1.70
               rw[183]     -3.72      3.14     -3.84     -8.74      1.47      5.92      1.66
               rw[184]     -3.83      3.27     -3.90     -8.47      2.24      6.42      1.57
               rw[185]     -3.91      3.38     -3.90     -9.25      1.88      7.16      1.50
                 sigma      0.23      0.02      0.23      0.19      0.27   1324.02      1.00

Number of divergences: 0
