
                            mean       std    median      5.0%     95.0%     n_eff     r_hat
                    D0      1.26      2.16      0.62      0.00      2.86   1212.05      1.00
                    E0     78.75     63.64     63.15      0.23    159.43    106.02      1.03
                    H0      3.27      2.76      2.59      0.00      6.95   1048.89      1.00
                    I0     13.93     17.17      8.06      0.02     34.57    583.76      1.01
                 beta0      1.82      0.84      1.69      0.54      2.96     10.42      1.42
  confirmed_dispersion      0.20      0.04      0.20      0.15      0.27   1525.35      1.00
      death_dispersion      0.58      0.05      0.58      0.50      0.67   1538.24      1.00
            death_prob      0.01      0.00      0.01      0.01      0.01     57.57      1.01
            death_rate      0.06      0.01      0.06      0.04      0.08     94.33      1.02
           det_prob[0]      0.21      0.06      0.21      0.11      0.30    210.29      1.00
           det_prob[1]      0.20      0.06      0.19      0.10      0.29    226.83      1.00
           det_prob[2]      0.18      0.06      0.17      0.08      0.27    211.85      1.01
           det_prob[3]      0.17      0.06      0.16      0.08      0.27    190.62      1.01
           det_prob[4]      0.16      0.06      0.15      0.06      0.25    185.17      1.01
           det_prob[5]      0.16      0.06      0.15      0.06      0.24    167.12      1.01
           det_prob[6]      0.16      0.06      0.15      0.07      0.24    154.93      1.01
           det_prob[7]      0.15      0.06      0.14      0.06      0.23    143.78      1.02
           det_prob[8]      0.14      0.05      0.13      0.06      0.22    148.59      1.02
           det_prob[9]      0.13      0.05      0.12      0.06      0.21    148.70      1.02
          det_prob[10]      0.12      0.05      0.12      0.05      0.19    132.79      1.02
          det_prob[11]      0.11      0.04      0.11      0.05      0.18    135.49      1.02
          det_prob[12]      0.11      0.04      0.10      0.04      0.17    133.33      1.01
          det_prob[13]      0.10      0.04      0.10      0.04      0.16    135.11      1.01
          det_prob[14]      0.10      0.04      0.10      0.04      0.15    130.35      1.01
          det_prob[15]      0.10      0.04      0.09      0.04      0.15    126.76      1.01
          det_prob[16]      0.10      0.04      0.09      0.04      0.15    133.47      1.01
          det_prob[17]      0.10      0.04      0.09      0.04      0.15    143.59      1.01
          det_prob[18]      0.10      0.04      0.09      0.04      0.15    148.00      1.01
          det_prob[19]      0.10      0.04      0.09      0.04      0.15    138.22      1.01
          det_prob[20]      0.10      0.04      0.09      0.04      0.15    141.05      1.01
          det_prob[21]      0.10      0.04      0.10      0.04      0.15    142.83      1.01
          det_prob[22]      0.10      0.04      0.10      0.04      0.15    140.45      1.01
          det_prob[23]      0.10      0.04      0.10      0.04      0.15    146.97      1.01
          det_prob[24]      0.10      0.04      0.09      0.04      0.15    149.05      1.01
          det_prob[25]      0.10      0.04      0.09      0.05      0.15    131.96      1.01
          det_prob[26]      0.10      0.04      0.10      0.05      0.16    129.09      1.01
          det_prob[27]      0.10      0.04      0.10      0.05      0.15    129.52      1.01
          det_prob[28]      0.10      0.04      0.10      0.04      0.15    125.03      1.02
          det_prob[29]      0.10      0.04      0.10      0.05      0.15    135.40      1.01
          det_prob[30]      0.10      0.04      0.10      0.04      0.15    152.04      1.01
          det_prob[31]      0.10      0.04      0.09      0.05      0.15    144.73      1.02
          det_prob[32]      0.10      0.04      0.09      0.04      0.15    170.67      1.02
          det_prob[33]      0.10      0.04      0.09      0.04      0.15    158.57      1.01
          det_prob[34]      0.10      0.04      0.09      0.04      0.15    155.42      1.01
          det_prob[35]      0.10      0.04      0.10      0.04      0.16    148.88      1.01
          det_prob[36]      0.10      0.04      0.10      0.05      0.16    149.63      1.01
          det_prob[37]      0.11      0.04      0.10      0.05      0.17    155.49      1.01
          det_prob[38]      0.11      0.04      0.10      0.05      0.17    130.83      1.01
          det_prob[39]      0.11      0.04      0.10      0.05      0.17    135.63      1.01
          det_prob[40]      0.11      0.04      0.11      0.05      0.18    158.08      1.01
          det_prob[41]      0.11      0.04      0.11      0.06      0.18    160.16      1.01
          det_prob[42]      0.12      0.04      0.11      0.05      0.18    159.67      1.01
          det_prob[43]      0.12      0.04      0.12      0.06      0.19    147.76      1.01
          det_prob[44]      0.13      0.04      0.12      0.06      0.19    133.43      1.02
          det_prob[45]      0.13      0.05      0.12      0.07      0.21    132.53      1.01
          det_prob[46]      0.14      0.05      0.13      0.07      0.22    137.19      1.01
          det_prob[47]      0.15      0.05      0.14      0.07      0.23    134.29      1.02
          det_prob[48]      0.16      0.05      0.15      0.08      0.24    123.87      1.02
          det_prob[49]      0.17      0.06      0.16      0.09      0.26    121.35      1.03
          det_prob[50]      0.18      0.06      0.18      0.09      0.27    107.25      1.02
          det_prob[51]      0.19      0.06      0.18      0.09      0.28     96.67      1.02
          det_prob[52]      0.19      0.06      0.18      0.09      0.29     96.26      1.01
          det_prob[53]      0.20      0.07      0.19      0.09      0.29    103.91      1.01
          det_prob[54]      0.20      0.07      0.19      0.09      0.30     93.70      1.01
          det_prob[55]      0.20      0.07      0.20      0.09      0.31     89.72      1.01
          det_prob[56]      0.21      0.07      0.20      0.09      0.32     84.21      1.01
          det_prob[57]      0.22      0.08      0.20      0.10      0.34     83.35      1.01
          det_prob[58]      0.22      0.08      0.21      0.09      0.34     75.55      1.01
          det_prob[59]      0.22      0.08      0.21      0.09      0.34     74.09      1.01
          det_prob[60]      0.23      0.09      0.21      0.10      0.36     70.77      1.00
          det_prob[61]      0.24      0.09      0.23      0.10      0.37     63.26      1.00
          det_prob[62]      0.25      0.09      0.24      0.11      0.40     61.53      1.00
          det_prob[63]      0.27      0.10      0.25      0.11      0.41     66.86      1.00
          det_prob[64]      0.27      0.10      0.26      0.11      0.41     65.35      1.00
          det_prob[65]      0.28      0.10      0.26      0.12      0.44     61.11      1.00
          det_prob[66]      0.28      0.11      0.26      0.11      0.44     58.73      1.00
          det_prob[67]      0.29      0.11      0.27      0.11      0.45     58.19      1.00
          det_prob[68]      0.30      0.12      0.28      0.10      0.46     58.73      1.00
          det_prob[69]      0.31      0.12      0.30      0.13      0.50     52.94      1.00
          det_prob[70]      0.33      0.13      0.31      0.14      0.52     52.67      1.00
          det_prob[71]      0.35      0.13      0.33      0.13      0.53     49.74      1.00
          det_prob[72]      0.36      0.14      0.35      0.15      0.58     51.79      1.00
          det_prob[73]      0.38      0.14      0.36      0.17      0.60     50.69      1.00
          det_prob[74]      0.39      0.14      0.37      0.17      0.62     52.47      1.00
          det_prob[75]      0.41      0.15      0.38      0.20      0.65     51.08      1.00
          det_prob[76]      0.43      0.15      0.41      0.20      0.67     49.17      1.00
          det_prob[77]      0.45      0.15      0.43      0.21      0.69     51.26      1.00
          det_prob[78]      0.46      0.16      0.45      0.22      0.72     50.12      1.00
          det_prob[79]      0.48      0.16      0.47      0.23      0.74     49.24      1.00
          det_prob[80]      0.49      0.16      0.48      0.25      0.76     49.70      1.00
          det_prob[81]      0.51      0.16      0.50      0.24      0.77     51.83      1.00
          det_prob[82]      0.53      0.16      0.53      0.28      0.80     50.55      1.01
          det_prob[83]      0.55      0.16      0.56      0.28      0.81     50.01      1.01
          det_prob[84]      0.58      0.16      0.58      0.33      0.84     48.88      1.01
          det_prob[85]      0.60      0.16      0.60      0.36      0.85     48.92      1.01
          det_prob[86]      0.61      0.16      0.62      0.39      0.88     43.97      1.01
          det_prob[87]      0.62      0.16      0.64      0.38      0.89     44.16      1.01
          det_prob[88]      0.63      0.16      0.64      0.39      0.88     46.89      1.01
          det_prob[89]      0.64      0.16      0.66      0.38      0.88     45.98      1.01
          det_prob[90]      0.66      0.16      0.66      0.42      0.91     45.95      1.01
          det_prob[91]      0.67      0.15      0.68      0.43      0.90     44.79      1.01
          det_prob[92]      0.68      0.15      0.69      0.43      0.91     41.12      1.01
          det_prob[93]      0.68      0.16      0.70      0.44      0.92     40.83      1.01
          det_prob[94]      0.69      0.16      0.71      0.45      0.93     41.25      1.01
          det_prob[95]      0.70      0.16      0.72      0.45      0.93     38.57      1.01
          det_prob[96]      0.70      0.16      0.73      0.47      0.94     36.82      1.02
          det_prob[97]      0.71      0.16      0.74      0.47      0.95     36.05      1.02
          det_prob[98]      0.72      0.15      0.75      0.47      0.95     35.72      1.02
          det_prob[99]      0.73      0.15      0.76      0.49      0.95     35.67      1.02
         det_prob[100]      0.74      0.15      0.77      0.50      0.94     34.82      1.02
         det_prob[101]      0.75      0.14      0.78      0.53      0.96     35.20      1.02
         det_prob[102]      0.76      0.14      0.79      0.53      0.95     34.93      1.01
         det_prob[103]      0.77      0.14      0.81      0.55      0.96     33.23      1.02
         det_prob[104]      0.78      0.13      0.81      0.57      0.96     31.89      1.02
         det_prob[105]      0.79      0.13      0.82      0.60      0.98     32.76      1.02
         det_prob[106]      0.80      0.13      0.83      0.60      0.98     33.02      1.01
         det_prob[107]      0.80      0.12      0.83      0.62      0.99     31.52      1.01
         det_prob[108]      0.81      0.12      0.84      0.63      0.99     31.99      1.01
         det_prob[109]      0.81      0.12      0.85      0.64      0.99     32.84      1.01
         det_prob[110]      0.82      0.12      0.85      0.65      0.98     33.04      1.01
         det_prob[111]      0.83      0.12      0.86      0.66      0.99     34.24      1.01
         det_prob[112]      0.83      0.12      0.86      0.67      0.99     32.73      1.01
         det_prob[113]      0.84      0.12      0.87      0.67      0.99     32.67      1.01
         det_prob[114]      0.84      0.12      0.87      0.68      0.99     32.04      1.01
         det_prob[115]      0.84      0.12      0.87      0.68      0.99     31.41      1.01
         det_prob[116]      0.84      0.12      0.88      0.67      0.99     32.23      1.01
         det_prob[117]      0.85      0.12      0.88      0.68      0.99     31.93      1.01
         det_prob[118]      0.85      0.12      0.88      0.68      1.00     33.10      1.01
         det_prob[119]      0.85      0.12      0.89      0.68      0.99     31.98      1.00
         det_prob[120]      0.85      0.12      0.89      0.67      0.99     31.48      1.00
         det_prob[121]      0.85      0.12      0.89      0.67      1.00     31.55      1.00
         det_prob[122]      0.86      0.12      0.89      0.67      0.99     31.38      1.01
         det_prob[123]      0.86      0.13      0.90      0.67      0.99     31.30      1.00
         det_prob[124]      0.86      0.12      0.90      0.68      1.00     31.22      1.00
         det_prob[125]      0.86      0.12      0.90      0.69      1.00     31.25      1.00
         det_prob[126]      0.87      0.12      0.91      0.68      1.00     31.18      1.00
         det_prob[127]      0.87      0.12      0.91      0.69      1.00     31.78      1.00
         det_prob[128]      0.87      0.12      0.91      0.69      0.99     32.42      1.00
         det_prob[129]      0.88      0.12      0.92      0.70      1.00     33.03      1.00
         det_prob[130]      0.88      0.12      0.92      0.71      1.00     33.17      1.00
         det_prob[131]      0.88      0.12      0.92      0.71      1.00     33.18      1.00
         det_prob[132]      0.88      0.12      0.93      0.72      1.00     34.10      1.00
         det_prob[133]      0.89      0.11      0.93      0.72      1.00     34.08      1.00
         det_prob[134]      0.89      0.11      0.93      0.73      1.00     34.73      1.00
         det_prob[135]      0.89      0.11      0.93      0.73      1.00     34.69      1.00
         det_prob[136]      0.89      0.11      0.93      0.73      1.00     34.55      1.00
         det_prob[137]      0.89      0.11      0.94      0.73      1.00     34.39      1.00
         det_prob[138]      0.90      0.11      0.94      0.75      1.00     35.85      1.00
         det_prob[139]      0.90      0.10      0.94      0.76      1.00     35.39      1.00
         det_prob[140]      0.90      0.10      0.94      0.76      1.00     35.33      1.00
         det_prob[141]      0.91      0.10      0.95      0.77      1.00     35.53      1.00
         det_prob[142]      0.91      0.10      0.95      0.77      1.00     35.91      1.00
         det_prob[143]      0.91      0.10      0.95      0.78      1.00     36.63      1.00
         det_prob[144]      0.91      0.09      0.95      0.77      1.00     36.94      1.00
         det_prob[145]      0.91      0.09      0.95      0.78      1.00     38.02      1.00
         det_prob[146]      0.91      0.10      0.95      0.78      1.00     38.60      1.00
         det_prob[147]      0.92      0.09      0.95      0.78      1.00     39.69      1.00
         det_prob[148]      0.92      0.09      0.95      0.78      1.00     38.09      1.00
         det_prob[149]      0.92      0.09      0.95      0.78      1.00     38.49      1.00
         det_prob[150]      0.92      0.09      0.96      0.79      1.00     37.63      1.00
         det_prob[151]      0.92      0.09      0.96      0.78      1.00     38.62      1.00
         det_prob[152]      0.92      0.09      0.96      0.79      1.00     37.64      1.00
         det_prob[153]      0.92      0.09      0.95      0.79      1.00     39.24      1.00
         det_prob[154]      0.92      0.09      0.96      0.80      1.00     37.78      1.00
         det_prob[155]      0.92      0.09      0.96      0.80      1.00     37.16      1.00
         det_prob[156]      0.92      0.09      0.96      0.80      1.00     37.78      1.00
         det_prob[157]      0.92      0.09      0.96      0.79      1.00     39.06      1.00
         det_prob[158]      0.92      0.09      0.96      0.79      1.00     40.56      1.00
         det_prob[159]      0.92      0.09      0.96      0.80      1.00     40.17      1.00
         det_prob[160]      0.92      0.09      0.96      0.79      1.00     39.73      1.00
         det_prob[161]      0.92      0.10      0.96      0.78      1.00     40.43      1.00
         det_prob[162]      0.92      0.10      0.96      0.77      1.00     40.19      1.00
         det_prob[163]      0.92      0.10      0.96      0.77      1.00     39.92      1.00
         det_prob[164]      0.92      0.10      0.96      0.78      1.00     39.31      1.00
         det_prob[165]      0.92      0.10      0.96      0.77      1.00     40.44      1.00
         det_prob[166]      0.92      0.10      0.96      0.76      1.00     39.33      1.00
         det_prob[167]      0.92      0.11      0.96      0.77      1.00     38.13      1.00
         det_prob[168]      0.92      0.11      0.96      0.76      1.00     38.70      1.00
         det_prob[169]      0.92      0.11      0.96      0.76      1.00     38.50      1.00
         det_prob[170]      0.92      0.11      0.96      0.77      1.00     40.87      1.00
         det_prob[171]      0.91      0.11      0.96      0.76      1.00     41.96      1.00
         det_prob[172]      0.92      0.11      0.96      0.77      1.00     42.56      1.00
         det_prob[173]      0.92      0.11      0.96      0.76      1.00     44.04      1.00
         det_prob[174]      0.91      0.11      0.96      0.77      1.00     43.91      1.00
         det_prob[175]      0.91      0.12      0.96      0.75      1.00     45.77      1.00
         det_prob[176]      0.91      0.12      0.96      0.75      1.00     46.54      1.00
         det_prob[177]      0.91      0.12      0.96      0.74      1.00     46.53      1.00
         det_prob[178]      0.91      0.12      0.96      0.73      1.00     44.92      1.00
         det_prob[179]      0.91      0.13      0.96      0.73      1.00     44.97      1.00
         det_prob[180]      0.91      0.13      0.96      0.73      1.00     45.83      1.00
         det_prob[181]      0.91      0.13      0.96      0.72      1.00     47.17      1.00
         det_prob[182]      0.91      0.13      0.96      0.72      1.00     47.63      1.00
         det_prob[183]      0.91      0.13      0.96      0.73      1.00     46.94      1.00
         det_prob[184]      0.91      0.13      0.96      0.73      1.00     48.44      1.00
         det_prob[185]      0.91      0.13      0.96      0.74      1.00     50.03      1.00
             det_prob0      0.23      0.05      0.23      0.14      0.32    358.46      1.00
            det_prob_d      0.90      0.03      0.90      0.85      0.95   2013.80      1.00
                 gamma      0.49      0.05      0.49      0.41      0.58   1668.83      1.01
                 rw[0]     -0.07      0.99     -0.07     -1.80      1.43     87.90      1.06
                 rw[1]     -0.10      1.38     -0.09     -2.40      2.17     24.67      1.14
                 rw[2]     -0.05      1.70     -0.01     -2.72      2.92     16.97      1.19
                 rw[3]      0.14      1.96      0.13     -2.99      3.38     14.53      1.22
                 rw[4]      0.31      2.16      0.34     -3.12      3.87     11.41      1.29
                 rw[5]      0.47      2.35      0.35     -3.93      3.99     11.08      1.31
                 rw[6]      0.48      2.43      0.39     -3.17      4.86     10.28      1.33
                 rw[7]      0.41      2.52      0.28     -3.51      4.76     10.15      1.34
                 rw[8]      0.32      2.60      0.16     -3.61      4.79     10.70      1.33
                 rw[9]      0.23      2.68      0.07     -4.19      4.44     10.23      1.36
                rw[10]      0.16      2.67     -0.00     -4.10      4.54      9.52      1.37
                rw[11]      0.13      2.67      0.04     -4.18      4.50      9.73      1.36
                rw[12]      0.12      2.67      0.03     -4.10      4.45      9.18      1.38
                rw[13]      0.09      2.67     -0.05     -4.12      4.57      9.82      1.37
                rw[14]     -0.03      2.68     -0.17     -3.99      4.63     11.02      1.34
                rw[15]     -0.25      2.68     -0.36     -4.22      4.30      9.93      1.39
                rw[16]     -0.65      2.63     -0.85     -4.63      3.71      9.35      1.38
                rw[17]     -1.05      2.63     -1.11     -5.21      3.30      9.44      1.38
                rw[18]     -1.52      2.61     -1.72     -5.36      3.11      9.46      1.38
                rw[19]     -2.04      2.63     -2.20     -6.09      2.73      9.63      1.35
                rw[20]     -2.52      2.63     -2.60     -6.52      2.04      9.85      1.35
                rw[21]     -3.01      2.58     -3.12     -7.09      1.28      9.49      1.38
                rw[22]     -3.52      2.63     -3.68     -7.35      1.08      9.34      1.37
                rw[23]     -3.95      2.63     -4.11     -7.94      0.59      9.43      1.37
                rw[24]     -4.31      2.62     -4.44     -8.35      0.17      9.29      1.37
                rw[25]     -4.68      2.62     -4.80     -8.75     -0.25      9.29      1.35
                rw[26]     -5.04      2.62     -5.26     -9.51     -0.89      9.11      1.34
                rw[27]     -5.27      2.61     -5.45     -9.40     -1.00      9.10      1.37
                rw[28]     -5.54      2.65     -5.62     -9.58     -1.01      9.55      1.35
                rw[29]     -5.76      2.71     -5.86    -10.08     -1.44      9.10      1.37
                rw[30]     -5.98      2.67     -6.22    -10.17     -1.53      9.00      1.37
                rw[31]     -6.13      2.74     -6.34    -10.64     -1.66      9.40      1.36
                rw[32]     -6.23      2.71     -6.25    -10.45     -1.57      9.79      1.35
                rw[33]     -6.33      2.70     -6.49    -10.41     -1.64      9.15      1.37
                rw[34]     -6.36      2.75     -6.49    -10.68     -1.74      9.71      1.36
                rw[35]     -6.40      2.75     -6.50    -10.37     -1.32      9.36      1.37
                rw[36]     -6.42      2.75     -6.51    -11.21     -2.08      9.62      1.35
                rw[37]     -6.46      2.72     -6.60    -10.61     -1.48      9.81      1.35
                rw[38]     -6.44      2.72     -6.40    -10.74     -1.64     10.18      1.34
                rw[39]     -6.46      2.72     -6.51    -10.96     -1.92     10.23      1.34
                rw[40]     -6.49      2.75     -6.62    -11.26     -2.14      9.93      1.33
                rw[41]     -6.52      2.75     -6.66    -11.30     -2.09      9.70      1.33
                rw[42]     -6.51      2.69     -6.65    -10.77     -1.88     10.32      1.31
                rw[43]     -6.57      2.70     -6.63    -11.00     -2.08      9.51      1.34
                rw[44]     -6.54      2.67     -6.75    -10.83     -2.07     10.08      1.31
                rw[45]     -6.58      2.71     -6.68    -10.77     -1.88     10.17      1.32
                rw[46]     -6.63      2.72     -6.72    -11.31     -2.47     10.06      1.31
                rw[47]     -6.68      2.77     -6.89    -10.77     -1.76     10.08      1.29
                rw[48]     -6.73      2.79     -6.84    -10.81     -1.71      9.70      1.31
                rw[49]     -6.79      2.79     -6.77    -11.07     -2.06      9.78      1.30
                rw[50]     -6.94      2.80     -7.07    -11.35     -2.26      9.54      1.31
                rw[51]     -7.07      2.80     -7.17    -11.94     -2.73      9.34      1.33
                rw[52]     -7.17      2.81     -7.09    -11.29     -2.26      9.74      1.31
                rw[53]     -7.26      2.85     -7.16    -11.46     -2.10      9.95      1.31
                rw[54]     -7.27      2.85     -7.29    -12.06     -3.03     10.05      1.31
                rw[55]     -7.35      2.86     -7.48    -12.10     -2.89     10.37      1.31
                rw[56]     -7.39      2.91     -7.54    -12.44     -2.95     10.17      1.33
                rw[57]     -7.49      2.96     -7.70    -12.40     -2.85      9.78      1.35
                rw[58]     -7.56      2.95     -7.73    -12.12     -2.69      9.47      1.36
                rw[59]     -7.64      2.97     -7.83    -12.04     -2.44      9.16      1.35
                rw[60]     -7.67      2.97     -7.75    -12.21     -2.49      9.57      1.34
                rw[61]     -7.71      2.95     -7.84    -12.49     -2.93      9.77      1.34
                rw[62]     -7.71      2.89     -7.85    -12.48     -2.97      9.78      1.33
                rw[63]     -7.85      2.89     -7.92    -12.44     -2.99     10.10      1.33
                rw[64]     -7.98      2.95     -8.16    -12.48     -2.91      9.72      1.35
                rw[65]     -8.09      2.93     -8.34    -12.80     -3.53      9.00      1.37
                rw[66]     -8.23      2.94     -8.48    -13.11     -3.56      9.80      1.34
                rw[67]     -8.28      2.93     -8.48    -12.88     -3.32     10.42      1.33
                rw[68]     -8.34      2.90     -8.43    -12.59     -3.10     10.10      1.35
                rw[69]     -8.37      2.86     -8.53    -12.87     -3.55      9.64      1.36
                rw[70]     -8.37      2.88     -8.49    -13.00     -3.61      9.59      1.35
                rw[71]     -8.35      2.85     -8.45    -12.86     -3.36     10.24      1.34
                rw[72]     -8.38      2.83     -8.41    -12.86     -3.37     10.86      1.33
                rw[73]     -8.37      2.83     -8.42    -12.72     -3.37     10.73      1.34
                rw[74]     -8.26      2.83     -8.32    -12.77     -3.50     10.42      1.35
                rw[75]     -8.22      2.82     -8.30    -12.71     -3.49     11.40      1.35
                rw[76]     -8.17      2.84     -8.22    -13.36     -4.04     10.66      1.37
                rw[77]     -8.12      2.80     -8.27    -13.05     -4.02     10.44      1.37
                rw[78]     -8.08      2.79     -8.11    -12.96     -3.74     10.82      1.35
                rw[79]     -8.04      2.81     -8.13    -12.31     -3.22     11.99      1.34
                rw[80]     -8.02      2.78     -8.08    -12.92     -3.86     10.67      1.36
                rw[81]     -7.93      2.80     -8.11    -12.90     -3.79      9.97      1.38
                rw[82]     -7.86      2.81     -7.93    -12.55     -3.32     10.07      1.37
                rw[83]     -7.86      2.79     -7.97    -12.15     -2.86     10.13      1.37
                rw[84]     -7.86      2.77     -7.99    -12.55     -3.54      9.76      1.38
                rw[85]     -7.94      2.77     -7.94    -12.44     -3.29     10.11      1.39
                rw[86]     -8.01      2.76     -8.07    -12.75     -3.65     10.85      1.34
                rw[87]     -8.13      2.79     -8.27    -12.26     -3.39     10.48      1.34
                rw[88]     -8.19      2.79     -8.32    -12.11     -3.01     11.22      1.33
                rw[89]     -8.28      2.84     -8.33    -12.48     -3.12     10.99      1.34
                rw[90]     -8.37      2.85     -8.49    -12.66     -3.35     10.61      1.35
                rw[91]     -8.36      2.88     -8.46    -12.33     -2.95     10.84      1.34
                rw[92]     -8.28      2.83     -8.40    -12.93     -3.61     10.57      1.34
                rw[93]     -8.26      2.82     -8.33    -12.77     -3.52     11.20      1.33
                rw[94]     -8.13      2.75     -8.24    -12.61     -3.76     10.56      1.34
                rw[95]     -7.94      2.77     -8.04    -11.98     -2.93     10.14      1.35
                rw[96]     -7.76      2.69     -7.92    -11.64     -2.89     10.08      1.34
                rw[97]     -7.51      2.69     -7.54    -11.95     -3.02     11.05      1.31
                rw[98]     -7.29      2.70     -7.34    -11.46     -2.87     11.55      1.32
                rw[99]     -7.08      2.70     -7.16    -11.30     -2.58     10.99      1.33
               rw[100]     -6.79      2.68     -6.91    -11.13     -2.48     10.52      1.34
               rw[101]     -6.58      2.72     -6.70    -11.18     -2.43     11.06      1.33
               rw[102]     -6.33      2.66     -6.54    -10.38     -1.80     10.40      1.34
               rw[103]     -6.07      2.62     -6.21     -9.98     -1.50     10.82      1.32
               rw[104]     -5.89      2.61     -6.01     -9.79     -1.41     10.79      1.32
               rw[105]     -5.82      2.62     -5.98     -9.92     -1.42     10.64      1.31
               rw[106]     -5.71      2.66     -5.79    -10.36     -1.71     10.59      1.32
               rw[107]     -5.66      2.61     -5.77     -9.60     -1.11     10.28      1.32
               rw[108]     -5.56      2.62     -5.65     -9.56     -1.04      9.75      1.34
               rw[109]     -5.43      2.62     -5.49     -9.42     -0.91      9.53      1.35
               rw[110]     -5.33      2.64     -5.39     -9.46     -0.79      9.55      1.34
               rw[111]     -5.27      2.64     -5.32    -10.06     -1.45      9.86      1.34
               rw[112]     -5.29      2.64     -5.37    -10.01     -1.28      8.89      1.36
               rw[113]     -5.27      2.61     -5.45     -9.41     -0.91      9.10      1.35
               rw[114]     -5.27      2.58     -5.37     -9.02     -0.73      9.62      1.35
               rw[115]     -5.28      2.59     -5.30     -9.29     -0.99      9.44      1.35
               rw[116]     -5.26      2.63     -5.31     -9.73     -1.30      9.85      1.35
               rw[117]     -5.13      2.63     -5.19     -9.17     -0.65     10.20      1.34
               rw[118]     -5.00      2.61     -5.08     -8.98     -0.47     10.02      1.34
               rw[119]     -4.86      2.63     -4.96     -8.63      0.02      9.53      1.36
               rw[120]     -4.72      2.60     -4.81     -8.83     -0.26      9.86      1.35
               rw[121]     -4.66      2.55     -4.73     -8.85     -0.32     10.81      1.34
               rw[122]     -4.59      2.57     -4.67     -8.35      0.15     10.39      1.34
               rw[123]     -4.42      2.59     -4.52     -8.65     -0.16     10.07      1.35
               rw[124]     -4.34      2.64     -4.39     -8.19      0.60     10.01      1.35
               rw[125]     -4.36      2.66     -4.43     -8.79     -0.01     10.10      1.33
               rw[126]     -4.46      2.67     -4.58     -8.96     -0.16     10.36      1.33
               rw[127]     -4.64      2.70     -4.76     -8.71     -0.03     10.38      1.35
               rw[128]     -4.75      2.64     -4.82     -8.82     -0.22      9.89      1.35
               rw[129]     -4.88      2.62     -5.00     -9.10     -0.42      9.46      1.38
               rw[130]     -4.97      2.67     -5.13     -9.31     -0.48      9.14      1.38
               rw[131]     -5.05      2.66     -5.19     -9.20     -0.50      9.34      1.36
               rw[132]     -5.15      2.67     -5.27     -9.16     -0.45      9.25      1.36
               rw[133]     -5.26      2.64     -5.44     -9.19     -0.59     10.04      1.34
               rw[134]     -5.39      2.63     -5.47     -9.68     -1.00     10.71      1.34
               rw[135]     -5.53      2.64     -5.72     -9.79     -1.11     10.11      1.37
               rw[136]     -5.64      2.64     -5.78     -9.97     -1.42      9.95      1.37
               rw[137]     -5.79      2.65     -5.98     -9.47     -0.82      9.68      1.38
               rw[138]     -5.91      2.63     -6.03    -10.26     -1.65      9.19      1.41
               rw[139]     -6.08      2.63     -6.20     -9.97     -1.38      9.43      1.38
               rw[140]     -6.28      2.63     -6.35    -10.64     -1.73      9.60      1.37
               rw[141]     -6.42      2.68     -6.53    -10.71     -1.95      9.53      1.39
               rw[142]     -6.63      2.64     -6.81    -10.43     -1.63     10.10      1.38
               rw[143]     -6.78      2.64     -6.89    -10.90     -1.93      9.02      1.41
               rw[144]     -6.89      2.64     -6.92    -11.17     -2.40      9.43      1.39
               rw[145]     -6.94      2.65     -6.90    -11.47     -2.87      9.49      1.40
               rw[146]     -6.99      2.63     -7.13    -11.08     -2.75      9.18      1.40
               rw[147]     -7.01      2.67     -7.09    -11.01     -2.41      9.16      1.39
               rw[148]     -6.96      2.62     -7.13    -11.28     -2.66      9.36      1.38
               rw[149]     -6.94      2.65     -6.99    -10.98     -2.41      9.35      1.37
               rw[150]     -6.87      2.67     -7.07    -10.76     -2.25      9.46      1.34
               rw[151]     -6.83      2.65     -6.86    -10.90     -2.44      9.72      1.34
               rw[152]     -6.79      2.69     -6.86    -10.70     -2.06      9.69      1.35
               rw[153]     -6.77      2.69     -6.92    -10.91     -2.12      9.74      1.37
               rw[154]     -6.75      2.68     -6.90    -10.87     -2.21      9.59      1.37
               rw[155]     -6.76      2.70     -6.80    -10.84     -2.08      9.25      1.38
               rw[156]     -6.80      2.71     -6.84    -10.69     -1.75      9.44      1.38
               rw[157]     -6.81      2.73     -6.88    -11.22     -2.35      9.70      1.36
               rw[158]     -6.78      2.70     -6.93    -10.85     -2.31      9.65      1.34
               rw[159]     -6.80      2.72     -6.94    -10.91     -2.03      9.75      1.35
               rw[160]     -6.79      2.69     -6.90    -11.14     -2.43      9.92      1.35
               rw[161]     -6.76      2.74     -6.84    -11.06     -2.08     10.14      1.33
               rw[162]     -6.71      2.71     -6.80    -10.97     -2.23     10.01      1.33
               rw[163]     -6.69      2.70     -6.86    -10.67     -1.82      9.95      1.34
               rw[164]     -6.61      2.71     -6.90    -10.88     -1.93      9.51      1.35
               rw[165]     -6.46      2.69     -6.64    -11.05     -2.11      9.42      1.36
               rw[166]     -6.32      2.68     -6.42    -10.06     -1.00      9.43      1.36
               rw[167]     -6.19      2.67     -6.33    -10.81     -2.11      9.82      1.34
               rw[168]     -6.08      2.68     -6.20    -10.04     -1.35      9.82      1.34
               rw[169]     -5.97      2.68     -6.04     -9.96     -1.24      9.44      1.35
               rw[170]     -5.90      2.69     -6.04     -9.99     -1.27      9.24      1.37
               rw[171]     -5.91      2.69     -5.98    -10.35     -1.53      9.73      1.36
               rw[172]     -5.89      2.66     -6.04    -10.15     -1.61      9.37      1.37
               rw[173]     -5.86      2.69     -5.97    -10.46     -1.88      9.26      1.38
               rw[174]     -5.90      2.70     -6.02    -10.20     -1.63      9.21      1.38
               rw[175]     -5.94      2.72     -6.06     -9.74     -0.93      9.26      1.37
               rw[176]     -5.95      2.74     -6.05    -10.29     -1.57     10.30      1.36
               rw[177]     -6.00      2.72     -6.00    -10.11     -1.44     10.92      1.35
               rw[178]     -5.99      2.71     -6.08     -9.96     -1.42     10.07      1.36
               rw[179]     -5.89      2.75     -6.00    -10.43     -1.61     10.26      1.33
               rw[180]     -5.80      2.82     -5.95    -10.66     -1.56     10.69      1.33
               rw[181]     -5.75      2.88     -5.93    -10.06     -0.61     10.57      1.34
               rw[182]     -5.70      2.97     -5.84    -10.16     -0.58     11.11      1.31
               rw[183]     -5.61      3.08     -5.73    -10.25     -0.42     12.33      1.30
               rw[184]     -5.58      3.15     -5.73    -10.22     -0.15     13.92      1.27
               rw[185]     -5.61      3.30     -5.64    -10.69     -0.09     17.28      1.22
                 sigma      0.23      0.02      0.23      0.19      0.27   1414.30      1.01

Number of divergences: 0
