
                            mean       std    median      5.0%     95.0%     n_eff     r_hat
                    D0      0.76      0.90      0.48      0.00      1.78   1410.29      1.00
                    E0     35.84     33.24     26.37      0.04     76.75     75.76      1.09
                    H0     13.33      6.69     12.29      2.59     23.01    372.29      1.00
                    I0     16.87     15.35     12.03      0.19     35.95     45.06      1.11
                 beta0      1.82      0.87      1.66      0.68      3.03      3.71      2.21
  confirmed_dispersion      0.13      0.02      0.13      0.10      0.16   1012.19      1.00
      death_dispersion      0.29      0.02      0.29      0.25      0.33   1571.58      1.00
            death_prob      0.02      0.00      0.02      0.02      0.02     45.78      1.00
            death_rate      0.03      0.01      0.03      0.03      0.05     74.51      1.00
           det_prob[0]      0.22      0.06      0.21      0.13      0.31    197.39      1.00
           det_prob[1]      0.20      0.06      0.20      0.10      0.30    174.39      1.00
           det_prob[2]      0.19      0.06      0.19      0.10      0.30    147.23      1.00
           det_prob[3]      0.18      0.06      0.17      0.08      0.28    135.56      1.00
           det_prob[4]      0.17      0.06      0.16      0.07      0.26    119.10      1.00
           det_prob[5]      0.16      0.06      0.15      0.07      0.25    110.54      1.01
           det_prob[6]      0.16      0.06      0.15      0.06      0.25    112.04      1.02
           det_prob[7]      0.15      0.06      0.14      0.07      0.25    115.36      1.01
           det_prob[8]      0.15      0.06      0.14      0.07      0.24    115.23      1.01
           det_prob[9]      0.15      0.05      0.14      0.07      0.23    108.10      1.01
          det_prob[10]      0.15      0.05      0.14      0.07      0.23    120.52      1.01
          det_prob[11]      0.14      0.05      0.14      0.06      0.22    127.06      1.01
          det_prob[12]      0.15      0.05      0.15      0.08      0.23    132.37      1.01
          det_prob[13]      0.16      0.05      0.15      0.07      0.23    123.53      1.00
          det_prob[14]      0.16      0.05      0.15      0.08      0.23    129.44      1.00
          det_prob[15]      0.15      0.05      0.15      0.08      0.22    146.62      1.00
          det_prob[16]      0.15      0.05      0.15      0.09      0.23    153.93      1.00
          det_prob[17]      0.15      0.05      0.14      0.08      0.22    138.31      1.00
          det_prob[18]      0.15      0.05      0.14      0.07      0.22    152.33      1.00
          det_prob[19]      0.14      0.04      0.14      0.08      0.22    170.81      1.00
          det_prob[20]      0.15      0.04      0.14      0.08      0.22    170.54      1.00
          det_prob[21]      0.16      0.05      0.15      0.09      0.23    149.39      1.00
          det_prob[22]      0.16      0.05      0.16      0.09      0.23    169.20      1.00
          det_prob[23]      0.17      0.05      0.17      0.09      0.24    164.24      1.00
          det_prob[24]      0.17      0.05      0.17      0.10      0.25    176.65      1.00
          det_prob[25]      0.19      0.05      0.18      0.10      0.26    156.72      1.00
          det_prob[26]      0.19      0.05      0.19      0.11      0.27    143.17      1.00
          det_prob[27]      0.20      0.05      0.19      0.11      0.28    143.64      1.00
          det_prob[28]      0.21      0.06      0.20      0.13      0.31    126.21      1.00
          det_prob[29]      0.21      0.06      0.21      0.12      0.30    142.28      1.00
          det_prob[30]      0.22      0.06      0.21      0.12      0.30    153.23      1.00
          det_prob[31]      0.22      0.06      0.21      0.12      0.31    149.91      1.00
          det_prob[32]      0.22      0.06      0.21      0.13      0.33    131.92      1.00
          det_prob[33]      0.23      0.06      0.22      0.13      0.33    139.25      1.00
          det_prob[34]      0.23      0.06      0.22      0.14      0.33    119.77      1.00
          det_prob[35]      0.24      0.07      0.23      0.13      0.34    122.43      1.00
          det_prob[36]      0.25      0.07      0.25      0.15      0.36    117.96      1.00
          det_prob[37]      0.26      0.07      0.26      0.15      0.37    118.52      1.00
          det_prob[38]      0.28      0.07      0.27      0.16      0.39    107.80      1.01
          det_prob[39]      0.28      0.08      0.27      0.16      0.40     98.38      1.01
          det_prob[40]      0.28      0.08      0.28      0.17      0.41     95.85      1.01
          det_prob[41]      0.29      0.08      0.28      0.16      0.41     90.86      1.01
          det_prob[42]      0.30      0.08      0.30      0.18      0.43     99.01      1.01
          det_prob[43]      0.32      0.08      0.31      0.19      0.44     91.88      1.01
          det_prob[44]      0.32      0.09      0.31      0.19      0.46     88.97      1.02
          det_prob[45]      0.33      0.09      0.32      0.18      0.47     78.66      1.03
          det_prob[46]      0.33      0.09      0.32      0.18      0.48     73.47      1.03
          det_prob[47]      0.34      0.09      0.33      0.19      0.50     67.69      1.03
          det_prob[48]      0.35      0.10      0.33      0.19      0.50     65.74      1.03
          det_prob[49]      0.36      0.10      0.35      0.20      0.52     58.69      1.04
          det_prob[50]      0.36      0.11      0.35      0.19      0.53     55.50      1.04
          det_prob[51]      0.36      0.11      0.34      0.18      0.52     53.69      1.04
          det_prob[52]      0.36      0.11      0.35      0.19      0.55     51.40      1.03
          det_prob[53]      0.37      0.12      0.35      0.19      0.58     49.96      1.03
          det_prob[54]      0.38      0.12      0.36      0.19      0.58     47.57      1.03
          det_prob[55]      0.39      0.13      0.37      0.17      0.59     46.44      1.03
          det_prob[56]      0.40      0.13      0.38      0.21      0.62     46.81      1.03
          det_prob[57]      0.42      0.13      0.41      0.22      0.65     47.20      1.02
          det_prob[58]      0.44      0.13      0.42      0.22      0.65     45.50      1.02
          det_prob[59]      0.44      0.14      0.43      0.22      0.65     47.56      1.02
          det_prob[60]      0.45      0.14      0.44      0.23      0.66     46.73      1.02
          det_prob[61]      0.46      0.14      0.44      0.24      0.68     45.30      1.02
          det_prob[62]      0.47      0.14      0.45      0.23      0.69     45.12      1.01
          det_prob[63]      0.48      0.14      0.47      0.26      0.71     46.86      1.01
          det_prob[64]      0.49      0.14      0.47      0.25      0.72     45.85      1.01
          det_prob[65]      0.50      0.14      0.49      0.27      0.73     44.94      1.01
          det_prob[66]      0.51      0.15      0.50      0.27      0.75     44.74      1.01
          det_prob[67]      0.52      0.15      0.51      0.30      0.78     43.13      1.01
          det_prob[68]      0.54      0.14      0.54      0.32      0.79     43.50      1.00
          det_prob[69]      0.55      0.14      0.55      0.31      0.78     45.03      1.00
          det_prob[70]      0.57      0.14      0.56      0.33      0.80     44.54      1.00
          det_prob[71]      0.58      0.14      0.58      0.34      0.80     45.22      1.00
          det_prob[72]      0.59      0.14      0.59      0.37      0.83     44.93      1.00
          det_prob[73]      0.60      0.14      0.61      0.37      0.83     43.53      1.00
          det_prob[74]      0.61      0.15      0.62      0.40      0.86     43.40      1.00
          det_prob[75]      0.61      0.15      0.62      0.38      0.86     41.46      1.00
          det_prob[76]      0.63      0.15      0.63      0.40      0.88     43.41      1.00
          det_prob[77]      0.64      0.15      0.65      0.39      0.86     42.66      1.00
          det_prob[78]      0.65      0.15      0.66      0.39      0.87     43.54      1.00
          det_prob[79]      0.65      0.15      0.66      0.41      0.89     42.14      1.00
          det_prob[80]      0.66      0.15      0.67      0.44      0.91     41.04      1.00
          det_prob[81]      0.66      0.15      0.68      0.42      0.89     40.18      1.00
          det_prob[82]      0.67      0.15      0.69      0.41      0.89     42.41      1.00
          det_prob[83]      0.68      0.15      0.70      0.44      0.91     41.71      1.00
          det_prob[84]      0.69      0.15      0.71      0.46      0.92     40.32      1.01
          det_prob[85]      0.71      0.14      0.72      0.48      0.92     39.36      1.00
          det_prob[86]      0.72      0.14      0.73      0.49      0.93     38.61      1.00
          det_prob[87]      0.73      0.14      0.74      0.51      0.93     38.32      1.01
          det_prob[88]      0.74      0.14      0.76      0.52      0.94     37.25      1.01
          det_prob[89]      0.75      0.13      0.77      0.55      0.95     37.96      1.01
          det_prob[90]      0.76      0.13      0.78      0.57      0.95     36.34      1.02
          det_prob[91]      0.78      0.12      0.80      0.58      0.95     34.99      1.02
          det_prob[92]      0.78      0.12      0.81      0.59      0.95     34.86      1.02
          det_prob[93]      0.79      0.11      0.82      0.61      0.95     34.81      1.02
          det_prob[94]      0.80      0.11      0.83      0.62      0.96     35.45      1.02
          det_prob[95]      0.81      0.11      0.83      0.63      0.96     35.27      1.02
          det_prob[96]      0.81      0.11      0.84      0.64      0.97     33.50      1.03
          det_prob[97]      0.82      0.10      0.85      0.66      0.97     32.79      1.04
          det_prob[98]      0.84      0.10      0.86      0.67      0.97     32.34      1.04
          det_prob[99]      0.84      0.10      0.87      0.69      0.98     31.45      1.04
         det_prob[100]      0.85      0.09      0.87      0.71      0.98     30.69      1.04
         det_prob[101]      0.86      0.09      0.88      0.71      0.98     29.69      1.05
         det_prob[102]      0.86      0.09      0.88      0.73      0.98     27.76      1.06
         det_prob[103]      0.87      0.09      0.89      0.74      0.98     28.46      1.05
         det_prob[104]      0.87      0.08      0.89      0.75      0.99     28.92      1.05
         det_prob[105]      0.88      0.08      0.90      0.76      0.99     29.15      1.06
         det_prob[106]      0.88      0.08      0.90      0.77      0.99     30.23      1.05
         det_prob[107]      0.89      0.08      0.91      0.77      0.99     30.88      1.05
         det_prob[108]      0.89      0.08      0.91      0.78      0.99     31.39      1.04
         det_prob[109]      0.89      0.08      0.91      0.78      0.99     30.34      1.05
         det_prob[110]      0.90      0.07      0.92      0.80      0.99     30.66      1.04
         det_prob[111]      0.90      0.07      0.92      0.81      0.99     32.71      1.04
         det_prob[112]      0.90      0.07      0.92      0.81      0.99     32.31      1.04
         det_prob[113]      0.91      0.07      0.93      0.81      0.99     32.27      1.04
         det_prob[114]      0.91      0.07      0.93      0.81      0.99     31.41      1.04
         det_prob[115]      0.91      0.07      0.93      0.81      0.99     31.34      1.04
         det_prob[116]      0.91      0.07      0.93      0.81      0.99     32.57      1.04
         det_prob[117]      0.91      0.07      0.93      0.81      1.00     32.13      1.04
         det_prob[118]      0.91      0.07      0.93      0.82      1.00     31.28      1.03
         det_prob[119]      0.92      0.07      0.94      0.82      1.00     30.54      1.03
         det_prob[120]      0.92      0.07      0.94      0.81      1.00     30.35      1.02
         det_prob[121]      0.92      0.07      0.94      0.82      0.99     31.08      1.02
         det_prob[122]      0.92      0.07      0.94      0.81      1.00     31.87      1.03
         det_prob[123]      0.92      0.08      0.94      0.81      1.00     32.18      1.02
         det_prob[124]      0.92      0.08      0.94      0.80      1.00     32.46      1.02
         det_prob[125]      0.92      0.08      0.94      0.81      1.00     32.53      1.02
         det_prob[126]      0.92      0.08      0.95      0.81      1.00     31.73      1.02
         det_prob[127]      0.92      0.08      0.95      0.81      1.00     32.27      1.02
         det_prob[128]      0.92      0.08      0.95      0.81      1.00     33.36      1.02
         det_prob[129]      0.92      0.08      0.95      0.81      1.00     33.51      1.01
         det_prob[130]      0.92      0.08      0.95      0.81      1.00     32.94      1.01
         det_prob[131]      0.92      0.08      0.96      0.81      1.00     33.00      1.01
         det_prob[132]      0.92      0.08      0.96      0.81      1.00     33.71      1.01
         det_prob[133]      0.92      0.08      0.96      0.81      1.00     34.00      1.01
         det_prob[134]      0.92      0.09      0.96      0.80      1.00     33.23      1.01
         det_prob[135]      0.92      0.09      0.96      0.80      1.00     33.81      1.01
         det_prob[136]      0.92      0.09      0.96      0.81      1.00     34.36      1.01
         det_prob[137]      0.93      0.09      0.96      0.81      1.00     33.61      1.01
         det_prob[138]      0.93      0.09      0.96      0.80      1.00     33.76      1.01
         det_prob[139]      0.93      0.09      0.96      0.80      1.00     33.43      1.01
         det_prob[140]      0.93      0.09      0.96      0.81      1.00     34.13      1.01
         det_prob[141]      0.93      0.09      0.97      0.81      1.00     34.37      1.01
         det_prob[142]      0.93      0.08      0.97      0.80      1.00     33.20      1.01
         det_prob[143]      0.93      0.08      0.97      0.80      1.00     34.24      1.01
         det_prob[144]      0.93      0.09      0.97      0.81      1.00     34.75      1.01
         det_prob[145]      0.93      0.09      0.97      0.82      1.00     35.01      1.01
         det_prob[146]      0.93      0.08      0.97      0.82      1.00     35.11      1.00
         det_prob[147]      0.94      0.08      0.97      0.83      1.00     34.68      1.00
         det_prob[148]      0.94      0.08      0.97      0.82      1.00     34.33      1.00
         det_prob[149]      0.94      0.08      0.97      0.82      1.00     35.45      1.00
         det_prob[150]      0.94      0.08      0.97      0.83      1.00     35.94      1.01
         det_prob[151]      0.94      0.08      0.97      0.83      1.00     36.35      1.01
         det_prob[152]      0.94      0.08      0.97      0.82      1.00     35.94      1.00
         det_prob[153]      0.94      0.08      0.98      0.84      1.00     36.65      1.01
         det_prob[154]      0.94      0.08      0.98      0.84      1.00     36.81      1.01
         det_prob[155]      0.94      0.08      0.98      0.84      1.00     36.12      1.01
         det_prob[156]      0.95      0.07      0.98      0.85      1.00     36.47      1.01
         det_prob[157]      0.95      0.07      0.98      0.85      1.00     36.28      1.01
         det_prob[158]      0.95      0.07      0.98      0.86      1.00     36.36      1.00
         det_prob[159]      0.95      0.07      0.98      0.86      1.00     36.01      1.00
         det_prob[160]      0.95      0.07      0.98      0.85      1.00     35.51      1.01
         det_prob[161]      0.95      0.07      0.98      0.86      1.00     34.43      1.01
         det_prob[162]      0.95      0.07      0.98      0.86      1.00     35.13      1.00
         det_prob[163]      0.95      0.07      0.98      0.87      1.00     35.38      1.00
         det_prob[164]      0.95      0.07      0.98      0.86      1.00     35.13      1.00
         det_prob[165]      0.95      0.07      0.98      0.86      1.00     34.86      1.00
         det_prob[166]      0.95      0.07      0.98      0.86      1.00     35.98      1.00
         det_prob[167]      0.95      0.07      0.98      0.86      1.00     37.08      1.00
         det_prob[168]      0.95      0.07      0.98      0.86      1.00     37.16      1.00
         det_prob[169]      0.95      0.07      0.98      0.86      1.00     37.75      1.01
         det_prob[170]      0.95      0.07      0.98      0.86      1.00     38.02      1.00
         det_prob[171]      0.95      0.07      0.98      0.86      1.00     38.97      1.00
         det_prob[172]      0.95      0.07      0.98      0.87      1.00     38.95      1.00
         det_prob[173]      0.95      0.07      0.98      0.86      1.00     40.51      1.00
         det_prob[174]      0.95      0.07      0.98      0.87      1.00     40.54      1.00
         det_prob[175]      0.95      0.07      0.98      0.86      1.00     40.60      1.01
         det_prob[176]      0.95      0.07      0.98      0.86      1.00     39.17      1.00
         det_prob[177]      0.95      0.07      0.98      0.86      1.00     39.64      1.00
         det_prob[178]      0.95      0.07      0.98      0.86      1.00     40.41      1.00
         det_prob[179]      0.95      0.07      0.98      0.86      1.00     40.89      1.00
         det_prob[180]      0.95      0.07      0.98      0.86      1.00     40.85      1.00
         det_prob[181]      0.95      0.07      0.98      0.86      1.00     42.11      1.00
         det_prob[182]      0.95      0.07      0.98      0.86      1.00     43.89      1.00
         det_prob[183]      0.95      0.07      0.98      0.86      1.00     44.25      1.00
         det_prob[184]      0.95      0.07      0.98      0.86      1.00     45.12      1.00
         det_prob[185]      0.95      0.07      0.98      0.86      1.00     44.97      1.00
             det_prob0      0.24      0.06      0.23      0.15      0.33    225.35      1.00
            det_prob_d      0.90      0.03      0.90      0.85      0.94   1656.08      1.00
                 gamma      0.49      0.05      0.48      0.40      0.56    781.36      1.02
                 rw[0]     -0.05      1.03     -0.02     -1.68      1.79     25.00      1.15
                 rw[1]      0.02      1.46      0.06     -2.66      2.19     11.54      1.28
                 rw[2]      0.11      1.81      0.14     -2.86      2.98      7.41      1.46
                 rw[3]      0.24      2.04      0.35     -3.40      3.35      6.44      1.55
                 rw[4]      0.48      2.29      0.49     -3.04      4.27      5.53      1.66
                 rw[5]      0.76      2.50      0.72     -2.76      5.09      4.95      1.77
                 rw[6]      0.98      2.59      0.94     -2.84      5.41      4.96      1.84
                 rw[7]      1.15      2.64      1.16     -3.17      5.21      4.56      1.93
                 rw[8]      1.22      2.74      1.17     -3.01      5.50      4.48      1.97
                 rw[9]      1.17      2.75      1.13     -3.03      5.62      4.42      2.00
                rw[10]      1.12      2.80      1.10     -3.34      5.48      4.39      2.03
                rw[11]      1.00      2.84      0.96     -3.25      5.49      4.37      2.10
                rw[12]      0.87      2.84      0.86     -3.49      5.30      4.38      2.09
                rw[13]      0.51      2.82      0.58     -3.92      4.69      4.35      2.10
                rw[14]      0.15      2.79      0.15     -3.80      4.96      4.25      2.11
                rw[15]     -0.15      2.77     -0.11     -4.33      4.39      4.13      2.16
                rw[16]     -0.43      2.70     -0.38     -4.60      3.93      4.10      2.14
                rw[17]     -0.73      2.67     -0.72     -4.85      3.28      4.09      2.17
                rw[18]     -0.98      2.68     -1.05     -5.17      3.22      4.15      2.14
                rw[19]     -1.21      2.70     -1.22     -5.34      3.00      4.17      2.11
                rw[20]     -1.49      2.68     -1.58     -5.67      2.65      4.16      2.10
                rw[21]     -1.87      2.66     -1.91     -6.03      2.37      4.20      2.07
                rw[22]     -2.34      2.63     -2.34     -6.24      1.90      4.07      2.11
                rw[23]     -2.86      2.66     -2.91     -7.20      1.25      4.18      2.08
                rw[24]     -3.46      2.67     -3.56     -7.29      1.07      4.24      2.06
                rw[25]     -4.08      2.69     -4.14     -7.93      0.50      4.23      2.08
                rw[26]     -4.67      2.68     -4.68     -8.85     -0.38      4.29      2.04
                rw[27]     -5.23      2.68     -5.23     -9.46     -1.04      4.41      1.98
                rw[28]     -5.76      2.73     -5.90     -9.64     -1.28      4.28      1.99
                rw[29]     -6.22      2.76     -6.35    -10.11     -1.43      4.41      1.96
                rw[30]     -6.60      2.71     -6.68    -10.52     -2.04      4.39      1.97
                rw[31]     -6.95      2.72     -7.12    -10.49     -2.04      4.29      2.02
                rw[32]     -7.22      2.72     -7.38    -11.16     -2.68      4.28      1.99
                rw[33]     -7.45      2.70     -7.50    -11.69     -3.19      4.54      1.90
                rw[34]     -7.61      2.66     -7.67    -11.61     -3.14      4.60      1.87
                rw[35]     -7.69      2.68     -7.78    -11.97     -3.40      4.49      1.91
                rw[36]     -7.81      2.69     -7.80    -11.86     -3.32      4.54      1.87
                rw[37]     -7.96      2.68     -8.01    -12.04     -3.56      4.68      1.84
                rw[38]     -8.06      2.71     -7.99    -12.07     -3.43      4.54      1.87
                rw[39]     -8.13      2.72     -8.17    -12.10     -3.44      4.66      1.83
                rw[40]     -8.14      2.71     -8.23    -12.33     -3.61      4.64      1.84
                rw[41]     -8.18      2.67     -8.32    -12.37     -3.87      4.81      1.79
                rw[42]     -8.16      2.69     -8.09    -12.27     -3.85      4.83      1.80
                rw[43]     -8.13      2.71     -8.18    -12.36     -3.77      4.81      1.78
                rw[44]     -8.14      2.75     -8.29    -12.12     -3.42      4.84      1.79
                rw[45]     -8.10      2.75     -8.18    -12.34     -3.59      4.73      1.83
                rw[46]     -8.04      2.73     -8.06    -12.34     -3.74      4.84      1.82
                rw[47]     -7.98      2.79     -8.15    -12.66     -3.91      4.76      1.82
                rw[48]     -7.93      2.78     -8.03    -11.87     -3.10      4.72      1.82
                rw[49]     -7.84      2.80     -7.81    -12.25     -3.27      4.76      1.80
                rw[50]     -7.85      2.83     -7.90    -12.22     -3.20      4.73      1.79
                rw[51]     -7.77      2.83     -7.67    -12.13     -3.15      4.60      1.83
                rw[52]     -7.62      2.89     -7.72    -12.06     -2.99      4.55      1.84
                rw[53]     -7.53      2.88     -7.64    -12.10     -3.13      4.40      1.89
                rw[54]     -7.44      2.85     -7.37    -11.77     -2.88      4.34      1.89
                rw[55]     -7.31      2.82     -7.32    -11.81     -2.96      4.36      1.89
                rw[56]     -7.17      2.84     -7.12    -11.77     -2.92      4.35      1.91
                rw[57]     -7.18      2.81     -7.00    -11.59     -2.84      4.18      1.95
                rw[58]     -7.15      2.82     -7.13    -11.69     -2.79      4.30      1.92
                rw[59]     -7.18      2.85     -7.24    -11.36     -2.31      4.43      1.90
                rw[60]     -7.14      2.84     -7.25    -11.47     -2.35      4.45      1.92
                rw[61]     -7.11      2.86     -7.25    -11.92     -2.86      4.36      1.98
                rw[62]     -7.05      2.89     -7.14    -11.94     -2.67      4.43      1.97
                rw[63]     -6.98      2.88     -7.08    -11.15     -2.14      4.42      1.99
                rw[64]     -6.86      2.92     -6.97    -11.26     -2.10      4.46      1.98
                rw[65]     -6.77      2.88     -6.86    -11.54     -2.40      4.55      1.96
                rw[66]     -6.70      2.86     -6.80    -10.76     -1.90      4.49      1.98
                rw[67]     -6.59      2.90     -6.65    -10.40     -1.40      4.37      2.00
                rw[68]     -6.46      2.88     -6.52    -10.96     -2.02      4.47      1.98
                rw[69]     -6.44      2.86     -6.60    -11.05     -1.91      4.57      1.97
                rw[70]     -6.42      2.88     -6.45    -11.62     -2.30      4.35      2.02
                rw[71]     -6.40      2.85     -6.31    -11.11     -2.03      4.40      2.01
                rw[72]     -6.43      2.88     -6.43    -10.86     -1.76      4.41      2.01
                rw[73]     -6.46      2.91     -6.43    -10.96     -2.11      4.51      1.98
                rw[74]     -6.51      2.85     -6.43    -10.81     -2.02      4.42      2.00
                rw[75]     -6.49      2.83     -6.48    -10.67     -1.86      4.43      2.01
                rw[76]     -6.46      2.83     -6.66    -10.88     -1.99      4.44      1.99
                rw[77]     -6.52      2.85     -6.54    -10.84     -1.85      4.40      2.00
                rw[78]     -6.52      2.82     -6.50    -10.76     -1.91      4.55      1.98
                rw[79]     -6.54      2.78     -6.61    -11.08     -2.36      4.49      2.00
                rw[80]     -6.47      2.76     -6.54    -10.24     -1.69      4.36      2.04
                rw[81]     -6.41      2.72     -6.49    -10.60     -2.07      4.52      2.01
                rw[82]     -6.32      2.73     -6.36    -10.14     -1.78      4.37      2.06
                rw[83]     -6.10      2.75     -6.19    -10.31     -1.87      4.41      2.04
                rw[84]     -5.89      2.73     -5.82    -10.47     -1.92      4.55      2.02
                rw[85]     -5.74      2.78     -5.69    -10.26     -1.45      4.47      2.00
                rw[86]     -5.62      2.75     -5.60    -10.06     -1.23      4.44      1.99
                rw[87]     -5.55      2.77     -5.44     -9.86     -0.93      4.63      1.95
                rw[88]     -5.39      2.76     -5.32     -9.43     -0.65      4.44      2.00
                rw[89]     -5.23      2.76     -5.21     -9.44     -0.74      4.45      1.98
                rw[90]     -5.09      2.75     -4.97     -9.17     -0.67      4.44      1.98
                rw[91]     -5.09      2.73     -5.12     -9.09     -0.62      4.25      2.03
                rw[92]     -5.05      2.73     -5.06     -9.38     -0.94      4.22      2.04
                rw[93]     -5.02      2.74     -5.11     -9.01     -0.51      4.35      2.01
                rw[94]     -4.92      2.70     -4.96     -9.06     -0.64      4.19      2.04
                rw[95]     -4.81      2.71     -4.99     -8.60     -0.18      4.21      2.05
                rw[96]     -4.62      2.71     -4.79     -8.83     -0.25      4.25      2.03
                rw[97]     -4.42      2.68     -4.52     -8.31      0.05      4.23      2.05
                rw[98]     -4.23      2.62     -4.26     -8.18     -0.16      4.10      2.12
                rw[99]     -4.18      2.65     -4.17     -8.31     -0.00      4.05      2.11
               rw[100]     -4.14      2.56     -4.14     -8.43     -0.42      4.11      2.08
               rw[101]     -4.09      2.57     -3.98     -7.97     -0.05      4.13      2.07
               rw[102]     -4.03      2.65     -4.13     -7.86      0.28      4.43      2.03
               rw[103]     -3.97      2.61     -4.02     -8.06      0.12      4.32      2.04
               rw[104]     -4.00      2.64     -4.11     -7.80      0.46      4.31      2.03
               rw[105]     -4.01      2.67     -4.11     -8.16      0.13      4.31      2.02
               rw[106]     -4.01      2.66     -4.12     -8.24      0.07      4.39      2.03
               rw[107]     -4.00      2.65     -3.95     -8.18      0.10      4.23      2.06
               rw[108]     -4.00      2.65     -3.92     -7.95      0.19      4.14      2.11
               rw[109]     -3.88      2.68     -3.87     -7.71      0.58      4.13      2.10
               rw[110]     -3.76      2.69     -3.85     -8.05      0.22      4.23      2.05
               rw[111]     -3.74      2.66     -3.85     -7.88      0.51      4.24      2.06
               rw[112]     -3.74      2.66     -3.78     -7.60      0.57      4.09      2.13
               rw[113]     -3.81      2.67     -3.80     -7.90      0.37      4.25      2.03
               rw[114]     -4.00      2.64     -4.06     -7.82      0.42      4.13      2.13
               rw[115]     -4.23      2.62     -4.35     -8.04      0.04      4.16      2.06
               rw[116]     -4.35      2.61     -4.38     -8.67     -0.54      4.07      2.11
               rw[117]     -4.43      2.62     -4.41     -8.24     -0.14      4.20      2.07
               rw[118]     -4.44      2.63     -4.49     -8.19     -0.29      4.12      2.08
               rw[119]     -4.50      2.61     -4.73     -8.36     -0.25      4.12      2.10
               rw[120]     -4.64      2.60     -4.79     -8.37     -0.19      4.10      2.11
               rw[121]     -4.69      2.64     -4.64     -8.71     -0.45      4.22      2.04
               rw[122]     -4.78      2.65     -4.85     -8.71     -0.57      4.18      2.06
               rw[123]     -4.83      2.67     -4.83     -8.56     -0.25      4.21      2.05
               rw[124]     -4.87      2.65     -4.93     -8.77     -0.41      4.13      2.09
               rw[125]     -4.86      2.62     -5.00     -8.92     -0.84      4.17      2.05
               rw[126]     -4.88      2.66     -4.96     -9.02     -0.76      4.17      2.04
               rw[127]     -4.94      2.66     -5.03     -8.88     -0.68      4.20      2.04
               rw[128]     -5.04      2.70     -5.05     -9.53     -0.99      4.21      2.04
               rw[129]     -5.22      2.68     -5.21     -9.09     -0.72      4.32      2.00
               rw[130]     -5.42      2.72     -5.54     -9.65     -1.08      4.26      2.03
               rw[131]     -5.57      2.72     -5.61     -9.96     -1.41      4.23      2.04
               rw[132]     -5.71      2.70     -5.74     -9.67     -1.32      4.24      2.03
               rw[133]     -5.85      2.69     -5.88    -10.56     -2.02      4.28      2.02
               rw[134]     -5.96      2.70     -5.99    -10.31     -1.82      4.19      2.02
               rw[135]     -6.09      2.70     -6.08     -9.87     -1.51      4.29      1.98
               rw[136]     -6.20      2.72     -6.26    -10.35     -2.01      4.18      2.05
               rw[137]     -6.27      2.71     -6.34    -10.20     -1.81      4.21      2.05
               rw[138]     -6.41      2.71     -6.41    -10.49     -1.87      4.25      2.05
               rw[139]     -6.54      2.78     -6.69    -10.62     -1.83      4.19      2.05
               rw[140]     -6.63      2.74     -6.75    -10.54     -1.92      4.17      2.06
               rw[141]     -6.76      2.76     -6.81    -10.89     -2.05      4.29      2.02
               rw[142]     -6.91      2.76     -6.91    -11.27     -2.50      4.19      2.06
               rw[143]     -7.03      2.74     -7.12    -11.16     -2.64      4.23      2.05
               rw[144]     -7.18      2.76     -7.29    -11.14     -2.67      4.33      2.03
               rw[145]     -7.29      2.72     -7.33    -11.34     -2.79      4.25      2.02
               rw[146]     -7.42      2.74     -7.47    -11.98     -3.24      4.23      2.03
               rw[147]     -7.47      2.69     -7.46    -11.64     -2.99      4.20      2.02
               rw[148]     -7.49      2.73     -7.43    -11.80     -3.13      4.22      2.01
               rw[149]     -7.55      2.71     -7.60    -11.73     -3.30      4.14      2.05
               rw[150]     -7.59      2.68     -7.60    -11.99     -3.51      4.09      2.08
               rw[151]     -7.53      2.68     -7.56    -11.80     -3.37      4.04      2.08
               rw[152]     -7.39      2.69     -7.41    -11.39     -2.87      4.19      2.05
               rw[153]     -7.33      2.71     -7.24    -11.28     -2.86      4.16      2.05
               rw[154]     -7.25      2.71     -7.15    -11.63     -3.10      4.19      2.05
               rw[155]     -7.21      2.68     -7.06    -11.75     -3.36      4.27      2.02
               rw[156]     -7.27      2.69     -7.22    -11.53     -2.95      4.19      2.04
               rw[157]     -7.33      2.76     -7.33    -11.60     -2.91      4.28      2.04
               rw[158]     -7.33      2.73     -7.36    -11.67     -3.12      4.29      2.01
               rw[159]     -7.42      2.66     -7.43    -11.58     -3.25      4.33      1.99
               rw[160]     -7.50      2.66     -7.53    -11.49     -3.21      4.22      2.04
               rw[161]     -7.58      2.72     -7.59    -11.51     -2.96      4.22      2.02
               rw[162]     -7.65      2.76     -7.66    -12.11     -3.26      4.37      2.01
               rw[163]     -7.76      2.76     -7.75    -12.25     -3.52      4.41      1.99
               rw[164]     -7.73      2.72     -7.74    -12.44     -3.69      4.39      1.99
               rw[165]     -7.72      2.75     -7.70    -12.33     -3.58      4.30      2.02
               rw[166]     -7.60      2.75     -7.61    -11.67     -3.07      4.34      2.00
               rw[167]     -7.46      2.75     -7.47    -11.59     -3.11      4.30      2.01
               rw[168]     -7.41      2.74     -7.39    -11.74     -3.25      4.30      2.00
               rw[169]     -7.32      2.75     -7.26    -11.62     -3.04      4.28      2.04
               rw[170]     -7.19      2.76     -7.11    -11.56     -2.83      4.33      2.04
               rw[171]     -7.11      2.75     -7.15    -11.59     -3.02      4.40      2.02
               rw[172]     -6.86      2.72     -6.86    -11.28     -2.71      4.32      2.03
               rw[173]     -6.61      2.77     -6.74    -10.70     -2.01      4.28      2.05
               rw[174]     -6.43      2.74     -6.60    -10.76     -2.22      4.39      1.99
               rw[175]     -6.24      2.75     -6.30    -10.40     -1.78      4.32      2.02
               rw[176]     -6.12      2.76     -6.26    -10.34     -1.80      4.28      2.03
               rw[177]     -6.04      2.77     -6.08    -10.32     -1.61      4.28      2.05
               rw[178]     -5.95      2.79     -5.98    -10.36     -1.66      4.34      1.99
               rw[179]     -5.95      2.77     -6.01     -9.67     -1.02      4.34      1.96
               rw[180]     -6.02      2.87     -6.13    -10.46     -1.45      4.52      1.92
               rw[181]     -6.14      2.83     -6.19    -10.91     -2.01      4.68      1.89
               rw[182]     -6.25      2.95     -6.26    -10.69     -1.55      4.75      1.86
               rw[183]     -6.30      3.07     -6.45    -10.80     -1.07      5.01      1.78
               rw[184]     -6.36      3.13     -6.44    -11.17     -0.95      5.53      1.68
               rw[185]     -6.37      3.30     -6.41    -11.86     -1.07      6.31      1.58
                 sigma      0.23      0.02      0.23      0.19      0.27    605.24      1.00

Number of divergences: 0
