
                            mean       std    median      5.0%     95.0%     n_eff     r_hat
                    D0      0.77      0.91      0.52      0.00      1.74   1348.30      1.00
                    E0      8.20      9.07      5.58      0.00     18.07    167.72      1.03
                    H0      0.83      0.81      0.60      0.00      1.85   1944.89      1.00
                    I0      4.39      5.75      2.49      0.01     10.56    256.69      1.04
                 beta0      0.99      0.48      0.91      0.29      1.67      9.34      1.53
  confirmed_dispersion      0.39      0.08      0.38      0.27      0.51   2057.88      1.00
      death_dispersion      0.33      0.11      0.33      0.16      0.50   1370.04      1.00
            death_prob      0.01      0.00      0.01      0.01      0.02     47.78      1.00
            death_rate      0.06      0.01      0.06      0.04      0.08    690.15      1.01
           det_prob[0]      0.30      0.08      0.29      0.17      0.41    136.84      1.00
           det_prob[1]      0.30      0.09      0.29      0.15      0.43    129.71      1.01
           det_prob[2]      0.30      0.10      0.29      0.14      0.45    110.38      1.01
           det_prob[3]      0.30      0.10      0.29      0.14      0.47    103.69      1.01
           det_prob[4]      0.30      0.11      0.29      0.12      0.46     96.01      1.01
           det_prob[5]      0.31      0.12      0.29      0.12      0.48     89.38      1.01
           det_prob[6]      0.31      0.12      0.29      0.12      0.48     86.70      1.01
           det_prob[7]      0.32      0.12      0.30      0.12      0.51     81.80      1.02
           det_prob[8]      0.32      0.13      0.30      0.12      0.52     79.75      1.01
           det_prob[9]      0.33      0.13      0.32      0.13      0.54     77.25      1.01
          det_prob[10]      0.34      0.14      0.33      0.13      0.54     77.03      1.01
          det_prob[11]      0.35      0.14      0.34      0.13      0.56     74.20      1.02
          det_prob[12]      0.36      0.14      0.35      0.14      0.57     70.58      1.02
          det_prob[13]      0.37      0.14      0.36      0.13      0.57     66.31      1.02
          det_prob[14]      0.38      0.14      0.37      0.15      0.59     66.03      1.02
          det_prob[15]      0.39      0.15      0.37      0.14      0.61     64.83      1.02
          det_prob[16]      0.39      0.15      0.38      0.13      0.61     64.69      1.02
          det_prob[17]      0.40      0.15      0.38      0.15      0.64     63.68      1.02
          det_prob[18]      0.40      0.15      0.38      0.16      0.64     62.91      1.02
          det_prob[19]      0.41      0.16      0.39      0.17      0.66     61.67      1.02
          det_prob[20]      0.41      0.16      0.39      0.14      0.65     61.34      1.02
          det_prob[21]      0.42      0.16      0.40      0.13      0.65     61.57      1.02
          det_prob[22]      0.43      0.16      0.40      0.16      0.68     58.67      1.02
          det_prob[23]      0.44      0.16      0.41      0.18      0.70     57.36      1.03
          det_prob[24]      0.44      0.17      0.42      0.17      0.71     57.14      1.03
          det_prob[25]      0.46      0.17      0.43      0.17      0.72     56.05      1.02
          det_prob[26]      0.47      0.17      0.44      0.17      0.72     56.50      1.03
          det_prob[27]      0.48      0.17      0.45      0.19      0.75     55.78      1.03
          det_prob[28]      0.49      0.17      0.47      0.20      0.75     54.75      1.02
          det_prob[29]      0.50      0.17      0.48      0.21      0.77     54.21      1.03
          det_prob[30]      0.51      0.17      0.49      0.19      0.77     53.29      1.03
          det_prob[31]      0.51      0.17      0.49      0.23      0.81     52.39      1.03
          det_prob[32]      0.52      0.18      0.49      0.24      0.83     53.42      1.03
          det_prob[33]      0.52      0.18      0.50      0.26      0.85     53.38      1.03
          det_prob[34]      0.53      0.18      0.50      0.27      0.88     53.75      1.03
          det_prob[35]      0.54      0.18      0.52      0.27      0.87     54.84      1.02
          det_prob[36]      0.55      0.19      0.53      0.27      0.88     55.12      1.02
          det_prob[37]      0.56      0.18      0.54      0.27      0.88     53.54      1.02
          det_prob[38]      0.57      0.18      0.56      0.26      0.87     53.93      1.02
          det_prob[39]      0.57      0.18      0.57      0.32      0.92     52.18      1.02
          det_prob[40]      0.58      0.18      0.57      0.30      0.89     50.77      1.02
          det_prob[41]      0.59      0.18      0.58      0.31      0.90     51.48      1.02
          det_prob[42]      0.60      0.18      0.60      0.32      0.92     48.38      1.02
          det_prob[43]      0.61      0.18      0.61      0.32      0.90     49.43      1.02
          det_prob[44]      0.62      0.18      0.62      0.33      0.91     47.04      1.02
          det_prob[45]      0.62      0.18      0.62      0.34      0.93     47.14      1.02
          det_prob[46]      0.62      0.18      0.62      0.33      0.94     46.74      1.02
          det_prob[47]      0.62      0.19      0.62      0.33      0.93     45.79      1.01
          det_prob[48]      0.63      0.19      0.63      0.35      0.95     45.62      1.01
          det_prob[49]      0.63      0.19      0.64      0.34      0.95     46.91      1.01
          det_prob[50]      0.64      0.19      0.64      0.38      0.98     46.28      1.01
          det_prob[51]      0.64      0.19      0.65      0.37      0.98     47.54      1.00
          det_prob[52]      0.64      0.19      0.65      0.35      0.96     46.47      1.01
          det_prob[53]      0.65      0.19      0.67      0.38      0.97     44.74      1.01
          det_prob[54]      0.66      0.19      0.68      0.39      0.99     43.09      1.00
          det_prob[55]      0.67      0.19      0.69      0.39      0.99     43.42      1.00
          det_prob[56]      0.67      0.19      0.70      0.36      0.95     42.92      1.00
          det_prob[57]      0.68      0.19      0.70      0.37      0.95     41.88      1.00
          det_prob[58]      0.68      0.19      0.71      0.41      0.99     42.25      1.00
          det_prob[59]      0.69      0.19      0.72      0.40      0.98     42.01      1.00
          det_prob[60]      0.69      0.18      0.72      0.43      0.99     40.85      1.00
          det_prob[61]      0.70      0.18      0.73      0.44      0.99     40.77      1.00
          det_prob[62]      0.70      0.18      0.73      0.44      0.99     40.33      1.00
          det_prob[63]      0.71      0.18      0.74      0.44      0.99     40.82      1.00
          det_prob[64]      0.71      0.18      0.74      0.45      0.99     39.66      1.00
          det_prob[65]      0.72      0.18      0.74      0.45      0.99     38.39      1.00
          det_prob[66]      0.72      0.18      0.76      0.45      0.99     38.36      1.00
          det_prob[67]      0.73      0.18      0.77      0.45      0.99     38.14      1.00
          det_prob[68]      0.73      0.18      0.77      0.46      0.99     38.67      1.00
          det_prob[69]      0.73      0.18      0.78      0.45      0.99     38.12      1.00
          det_prob[70]      0.74      0.18      0.79      0.45      0.99     37.73      1.00
          det_prob[71]      0.74      0.18      0.79      0.45      0.99     36.60      1.01
          det_prob[72]      0.74      0.18      0.79      0.46      0.99     35.71      1.01
          det_prob[73]      0.74      0.18      0.79      0.47      1.00     34.51      1.01
          det_prob[74]      0.75      0.18      0.79      0.47      0.99     33.79      1.01
          det_prob[75]      0.75      0.18      0.80      0.49      1.00     33.37      1.01
          det_prob[76]      0.75      0.18      0.80      0.48      0.99     33.01      1.01
          det_prob[77]      0.75      0.18      0.81      0.49      0.99     32.93      1.01
          det_prob[78]      0.76      0.18      0.81      0.49      1.00     32.73      1.01
          det_prob[79]      0.76      0.18      0.81      0.49      0.99     32.04      1.02
          det_prob[80]      0.76      0.18      0.82      0.50      1.00     31.56      1.02
          det_prob[81]      0.77      0.18      0.82      0.50      1.00     30.74      1.02
          det_prob[82]      0.77      0.18      0.83      0.50      0.99     30.21      1.02
          det_prob[83]      0.78      0.17      0.84      0.51      0.99     29.96      1.02
          det_prob[84]      0.78      0.17      0.83      0.52      0.99     29.49      1.02
          det_prob[85]      0.78      0.17      0.84      0.52      0.99     29.11      1.02
          det_prob[86]      0.79      0.17      0.84      0.51      1.00     28.00      1.03
          det_prob[87]      0.79      0.17      0.85      0.52      0.99     28.29      1.03
          det_prob[88]      0.80      0.17      0.85      0.53      1.00     27.45      1.03
          det_prob[89]      0.80      0.16      0.85      0.54      1.00     27.20      1.03
          det_prob[90]      0.80      0.16      0.85      0.55      1.00     26.04      1.04
          det_prob[91]      0.81      0.16      0.85      0.56      0.99     25.12      1.04
          det_prob[92]      0.81      0.15      0.86      0.58      0.99     24.63      1.04
          det_prob[93]      0.82      0.15      0.87      0.58      0.99     24.44      1.04
          det_prob[94]      0.82      0.15      0.87      0.58      0.99     24.05      1.04
          det_prob[95]      0.82      0.15      0.87      0.58      1.00     24.00      1.04
          det_prob[96]      0.82      0.15      0.88      0.58      1.00     23.61      1.04
          det_prob[97]      0.83      0.15      0.88      0.58      1.00     23.82      1.04
          det_prob[98]      0.83      0.15      0.88      0.59      0.99     23.82      1.04
          det_prob[99]      0.83      0.15      0.88      0.60      0.99     23.72      1.05
         det_prob[100]      0.84      0.15      0.88      0.61      1.00     23.59      1.05
         det_prob[101]      0.84      0.15      0.89      0.61      1.00     23.68      1.05
         det_prob[102]      0.84      0.15      0.89      0.62      1.00     23.50      1.05
         det_prob[103]      0.84      0.15      0.90      0.60      1.00     23.52      1.05
         det_prob[104]      0.84      0.15      0.90      0.61      1.00     23.37      1.05
         det_prob[105]      0.84      0.15      0.90      0.61      1.00     23.23      1.04
         det_prob[106]      0.84      0.15      0.90      0.61      1.00     22.68      1.04
         det_prob[107]      0.84      0.15      0.90      0.60      1.00     22.93      1.04
         det_prob[108]      0.84      0.15      0.90      0.60      1.00     22.75      1.04
         det_prob[109]      0.84      0.16      0.90      0.60      1.00     23.31      1.04
         det_prob[110]      0.84      0.16      0.91      0.61      1.00     23.26      1.05
         det_prob[111]      0.85      0.15      0.91      0.61      1.00     22.72      1.05
         det_prob[112]      0.85      0.15      0.91      0.61      1.00     22.57      1.05
         det_prob[113]      0.85      0.15      0.91      0.63      1.00     22.61      1.05
         det_prob[114]      0.85      0.15      0.91      0.62      1.00     22.99      1.04
         det_prob[115]      0.85      0.16      0.91      0.62      1.00     23.07      1.04
         det_prob[116]      0.85      0.16      0.91      0.61      1.00     23.07      1.04
         det_prob[117]      0.85      0.16      0.92      0.60      1.00     23.46      1.04
         det_prob[118]      0.85      0.15      0.92      0.61      1.00     23.39      1.04
         det_prob[119]      0.86      0.15      0.92      0.62      1.00     23.86      1.04
         det_prob[120]      0.86      0.15      0.92      0.64      1.00     23.65      1.03
         det_prob[121]      0.86      0.15      0.92      0.64      1.00     24.18      1.03
         det_prob[122]      0.86      0.15      0.92      0.63      1.00     24.13      1.03
         det_prob[123]      0.87      0.15      0.92      0.63      1.00     23.96      1.03
         det_prob[124]      0.87      0.14      0.93      0.65      1.00     23.82      1.03
         det_prob[125]      0.87      0.14      0.93      0.65      1.00     23.84      1.03
         det_prob[126]      0.87      0.14      0.93      0.66      1.00     23.89      1.03
         det_prob[127]      0.88      0.14      0.93      0.67      1.00     23.90      1.03
         det_prob[128]      0.88      0.14      0.93      0.67      1.00     24.04      1.03
         det_prob[129]      0.88      0.14      0.93      0.68      1.00     24.14      1.03
         det_prob[130]      0.88      0.14      0.94      0.66      1.00     24.39      1.02
         det_prob[131]      0.88      0.14      0.94      0.66      1.00     25.37      1.02
         det_prob[132]      0.88      0.14      0.94      0.67      1.00     25.86      1.02
         det_prob[133]      0.88      0.14      0.94      0.68      1.00     25.47      1.02
         det_prob[134]      0.89      0.13      0.94      0.68      1.00     25.24      1.01
         det_prob[135]      0.89      0.13      0.95      0.68      1.00     25.50      1.02
         det_prob[136]      0.89      0.13      0.95      0.69      1.00     25.78      1.02
         det_prob[137]      0.89      0.13      0.95      0.69      1.00     26.14      1.02
         det_prob[138]      0.89      0.13      0.95      0.70      1.00     26.10      1.01
         det_prob[139]      0.90      0.13      0.95      0.71      1.00     25.89      1.01
         det_prob[140]      0.90      0.12      0.95      0.71      1.00     26.35      1.01
         det_prob[141]      0.90      0.12      0.95      0.71      1.00     26.73      1.01
         det_prob[142]      0.90      0.12      0.95      0.73      1.00     26.69      1.01
         det_prob[143]      0.90      0.12      0.96      0.72      1.00     26.21      1.01
         det_prob[144]      0.91      0.12      0.96      0.72      1.00     25.69      1.01
         det_prob[145]      0.91      0.12      0.96      0.73      1.00     26.58      1.01
         det_prob[146]      0.91      0.11      0.96      0.73      1.00     26.95      1.01
         det_prob[147]      0.91      0.11      0.96      0.74      1.00     27.72      1.01
         det_prob[148]      0.91      0.11      0.96      0.74      1.00     27.02      1.01
         det_prob[149]      0.91      0.11      0.96      0.74      1.00     27.35      1.01
         det_prob[150]      0.91      0.11      0.96      0.75      1.00     27.04      1.01
         det_prob[151]      0.91      0.11      0.96      0.75      1.00     26.98      1.01
         det_prob[152]      0.91      0.11      0.96      0.74      1.00     27.16      1.01
         det_prob[153]      0.91      0.11      0.96      0.75      1.00     27.90      1.01
         det_prob[154]      0.92      0.11      0.96      0.75      1.00     28.54      1.01
         det_prob[155]      0.92      0.11      0.96      0.75      1.00     28.15      1.01
         det_prob[156]      0.92      0.11      0.96      0.75      1.00     28.20      1.01
         det_prob[157]      0.92      0.11      0.96      0.75      1.00     28.02      1.01
         det_prob[158]      0.92      0.11      0.96      0.75      1.00     28.25      1.01
         det_prob[159]      0.92      0.11      0.96      0.76      1.00     28.41      1.01
         det_prob[160]      0.92      0.11      0.96      0.76      1.00     28.47      1.01
         det_prob[161]      0.92      0.11      0.96      0.75      1.00     29.04      1.01
         det_prob[162]      0.91      0.11      0.96      0.75      1.00     28.70      1.01
         det_prob[163]      0.91      0.11      0.96      0.75      1.00     28.25      1.01
         det_prob[164]      0.91      0.12      0.96      0.74      1.00     28.37      1.01
         det_prob[165]      0.91      0.12      0.96      0.74      1.00     28.88      1.01
         det_prob[166]      0.91      0.12      0.97      0.73      1.00     28.53      1.01
         det_prob[167]      0.91      0.12      0.97      0.73      1.00     28.76      1.01
         det_prob[168]      0.91      0.13      0.97      0.72      1.00     28.77      1.01
         det_prob[169]      0.91      0.13      0.96      0.72      1.00     29.01      1.01
         det_prob[170]      0.91      0.13      0.97      0.72      1.00     29.65      1.01
         det_prob[171]      0.91      0.13      0.97      0.73      1.00     30.19      1.01
         det_prob[172]      0.90      0.13      0.97      0.70      1.00     30.69      1.01
         det_prob[173]      0.90      0.13      0.97      0.71      1.00     31.43      1.01
         det_prob[174]      0.90      0.13      0.97      0.71      1.00     31.16      1.01
         det_prob[175]      0.90      0.14      0.97      0.70      1.00     31.45      1.01
         det_prob[176]      0.90      0.14      0.97      0.69      1.00     31.44      1.01
         det_prob[177]      0.90      0.14      0.97      0.69      1.00     31.89      1.01
         det_prob[178]      0.90      0.14      0.97      0.69      1.00     32.46      1.01
         det_prob[179]      0.90      0.14      0.97      0.68      1.00     32.07      1.01
         det_prob[180]      0.90      0.14      0.97      0.68      1.00     32.76      1.01
         det_prob[181]      0.90      0.14      0.97      0.68      1.00     33.07      1.01
         det_prob[182]      0.90      0.15      0.97      0.68      1.00     34.38      1.01
         det_prob[183]      0.90      0.15      0.97      0.67      1.00     34.32      1.01
         det_prob[184]      0.90      0.15      0.97      0.68      1.00     34.45      1.01
         det_prob[185]      0.90      0.15      0.97      0.66      1.00     34.30      1.01
             det_prob0      0.29      0.06      0.29      0.20      0.41    170.74      1.00
            det_prob_d      0.90      0.03      0.90      0.85      0.95   1940.84      1.00
                 gamma      0.49      0.05      0.49      0.40      0.57   1842.12      1.01
                 rw[0]     -0.12      1.00     -0.09     -1.76      1.52    225.54      1.04
                 rw[1]     -0.17      1.36     -0.15     -2.68      1.82     45.92      1.09
                 rw[2]     -0.14      1.68     -0.13     -2.82      2.58     27.33      1.14
                 rw[3]     -0.06      1.94     -0.03     -3.53      2.84     17.51      1.20
                 rw[4]      0.02      2.15     -0.05     -3.43      3.69     14.21      1.24
                 rw[5]      0.22      2.28      0.09     -3.53      4.14     12.95      1.26
                 rw[6]      0.40      2.41      0.27     -3.80      4.08     11.68      1.29
                 rw[7]      0.67      2.51      0.56     -3.20      4.98     11.12      1.31
                 rw[8]      0.94      2.59      0.88     -3.02      5.46     10.78      1.34
                 rw[9]      1.19      2.71      1.25     -2.84      5.95     10.22      1.34
                rw[10]      1.41      2.76      1.43     -2.29      6.60      9.82      1.36
                rw[11]      1.54      2.82      1.54     -2.51      6.57      9.78      1.37
                rw[12]      1.69      2.88      1.61     -2.85      6.59     10.38      1.38
                rw[13]      1.71      2.89      1.71     -2.84      6.36      9.83      1.39
                rw[14]      1.57      2.89      1.61     -2.89      6.45      9.41      1.41
                rw[15]      1.47      2.86      1.39     -3.08      6.00      8.95      1.43
                rw[16]      1.33      2.86      1.17     -2.70      6.67      8.79      1.46
                rw[17]      1.13      2.85      0.97     -3.11      6.06      8.53      1.47
                rw[18]      0.92      2.84      0.80     -3.71      5.50      8.63      1.47
                rw[19]      0.63      2.82      0.55     -3.94      5.30      8.95      1.46
                rw[20]      0.34      2.73      0.33     -4.62      4.54      8.56      1.48
                rw[21]     -0.00      2.80     -0.09     -4.93      4.31      8.31      1.48
                rw[22]     -0.33      2.77     -0.30     -4.35      4.83      8.25      1.51
                rw[23]     -0.77      2.81     -0.86     -5.32      3.98      8.32      1.49
                rw[24]     -1.32      2.83     -1.44     -6.33      3.00      8.56      1.46
                rw[25]     -1.78      2.79     -1.86     -6.34      2.86      8.85      1.44
                rw[26]     -2.28      2.81     -2.39     -6.62      2.66      8.80      1.43
                rw[27]     -2.82      2.85     -2.91     -7.91      1.41      8.60      1.43
                rw[28]     -3.37      2.81     -3.37     -8.19      1.01      8.38      1.45
                rw[29]     -3.93      2.80     -3.97     -8.45      0.65      8.75      1.43
                rw[30]     -4.44      2.80     -4.56     -8.51      0.55      8.85      1.43
                rw[31]     -4.92      2.83     -5.02     -9.48     -0.14      8.75      1.42
                rw[32]     -5.31      2.85     -5.39     -9.74     -0.37      8.98      1.40
                rw[33]     -5.69      2.91     -5.81    -10.35     -0.77      9.23      1.39
                rw[34]     -6.06      2.95     -6.11    -10.77     -1.25      9.49      1.38
                rw[35]     -6.34      2.97     -6.35    -10.54     -0.69      9.40      1.38
                rw[36]     -6.50      2.97     -6.50    -11.03     -1.27      9.16      1.38
                rw[37]     -6.71      2.97     -6.73    -11.48     -1.70     10.09      1.36
                rw[38]     -6.94      2.96     -6.94    -11.79     -2.10      9.52      1.40
                rw[39]     -7.16      3.01     -7.24    -11.97     -2.15      9.67      1.40
                rw[40]     -7.35      2.94     -7.50    -11.95     -2.42      9.77      1.39
                rw[41]     -7.52      2.98     -7.73    -12.03     -2.28     10.14      1.37
                rw[42]     -7.65      2.98     -7.71    -12.68     -3.13     10.69      1.36
                rw[43]     -7.85      2.99     -7.82    -12.93     -3.31      9.97      1.38
                rw[44]     -8.02      3.08     -8.11    -13.70     -3.59     10.12      1.38
                rw[45]     -8.07      3.10     -8.01    -13.15     -3.08      9.49      1.41
                rw[46]     -8.17      3.10     -8.10    -13.15     -3.01      9.55      1.40
                rw[47]     -8.26      3.11     -8.35    -13.36     -3.19      9.73      1.40
                rw[48]     -8.27      3.13     -8.31    -13.59     -3.36     10.40      1.38
                rw[49]     -8.23      3.15     -8.15    -13.12     -2.98      9.95      1.39
                rw[50]     -8.19      3.15     -8.18    -13.51     -3.27     10.28      1.38
                rw[51]     -8.11      3.15     -8.12    -12.95     -2.51     10.63      1.37
                rw[52]     -8.01      3.15     -7.99    -13.25     -2.85     10.57      1.37
                rw[53]     -7.82      3.13     -7.88    -12.87     -2.59     10.47      1.38
                rw[54]     -7.68      3.17     -7.68    -12.69     -2.47     10.45      1.39
                rw[55]     -7.58      3.11     -7.60    -12.90     -2.88     10.29      1.38
                rw[56]     -7.42      3.09     -7.45    -12.35     -2.40      9.61      1.41
                rw[57]     -7.26      3.12     -7.29    -12.32     -2.36      9.64      1.44
                rw[58]     -7.17      3.09     -7.17    -11.94     -1.97      9.84      1.43
                rw[59]     -6.99      3.08     -6.95    -12.01     -1.96      9.77      1.44
                rw[60]     -6.76      3.09     -6.68    -11.72     -1.76      9.60      1.44
                rw[61]     -6.57      3.07     -6.56    -11.79     -2.00      9.44      1.45
                rw[62]     -6.37      3.05     -6.33    -10.78     -1.01      9.10      1.46
                rw[63]     -6.21      3.06     -6.18    -11.16     -1.63      9.55      1.44
                rw[64]     -6.04      3.06     -6.12    -11.08     -1.33      9.26      1.44
                rw[65]     -5.86      3.09     -5.93    -11.01     -0.88      9.42      1.42
                rw[66]     -5.70      3.05     -5.78    -10.56     -0.76      9.73      1.41
                rw[67]     -5.50      3.08     -5.72     -9.89     -0.07     10.12      1.40
                rw[68]     -5.31      3.01     -5.34     -9.94     -0.17     10.06      1.40
                rw[69]     -5.08      3.01     -5.17    -10.57     -0.67      9.64      1.42
                rw[70]     -4.94      3.06     -4.98     -9.69      0.30      9.22      1.44
                rw[71]     -4.67      3.00     -4.67     -9.76     -0.09      9.35      1.45
                rw[72]     -4.48      2.97     -4.48     -9.36      0.16      9.72      1.41
                rw[73]     -4.26      2.95     -4.31     -9.16      0.40      9.86      1.41
                rw[74]     -3.95      2.96     -3.86     -8.69      0.85      9.72      1.43
                rw[75]     -3.67      2.92     -3.69     -7.82      1.84     10.09      1.42
                rw[76]     -3.35      2.98     -3.43     -7.73      2.10     10.27      1.41
                rw[77]     -3.11      2.96     -3.18     -8.42      1.29      9.74      1.42
                rw[78]     -2.78      2.93     -2.87     -7.67      1.81      9.44      1.41
                rw[79]     -2.41      2.87     -2.47     -6.73      2.76      9.66      1.40
                rw[80]     -2.05      2.89     -2.22     -6.23      3.41      9.76      1.40
                rw[81]     -1.72      2.91     -1.82     -6.30      3.24     10.06      1.39
                rw[82]     -1.39      2.88     -1.45     -6.05      3.45      9.96      1.39
                rw[83]     -1.08      2.87     -1.25     -6.52      3.09     10.10      1.40
                rw[84]     -0.84      2.87     -1.00     -5.62      3.85      9.39      1.40
                rw[85]     -0.59      2.85     -0.72     -5.59      3.70      9.38      1.41
                rw[86]     -0.32      2.84     -0.32     -5.21      4.28      9.39      1.42
                rw[87]     -0.10      2.81     -0.11     -4.48      4.97      9.19      1.43
                rw[88]      0.09      2.81      0.07     -4.33      4.94      9.62      1.42
                rw[89]      0.24      2.79      0.22     -4.13      5.17      9.84      1.41
                rw[90]      0.34      2.83      0.28     -4.24      4.97      9.11      1.45
                rw[91]      0.49      2.86      0.54     -4.15      5.37      9.38      1.42
                rw[92]      0.49      2.84      0.55     -3.67      5.36      8.89      1.43
                rw[93]      0.35      2.80      0.34     -4.00      5.03      8.79      1.45
                rw[94]      0.25      2.76      0.23     -4.01      5.03      8.72      1.44
                rw[95]      0.15      2.77      0.06     -4.29      4.84      8.39      1.45
                rw[96]      0.08      2.73     -0.11     -4.12      4.72      9.17      1.41
                rw[97]     -0.00      2.74     -0.15     -3.89      4.94      9.47      1.41
                rw[98]     -0.16      2.77     -0.32     -4.47      4.48      9.27      1.42
                rw[99]     -0.39      2.78     -0.42     -4.69      4.33      9.19      1.43
               rw[100]     -0.61      2.81     -0.69     -5.10      4.07      9.41      1.42
               rw[101]     -0.80      2.83     -0.93     -5.17      3.72      9.44      1.40
               rw[102]     -0.93      2.82     -1.09     -5.53      3.47      9.11      1.44
               rw[103]     -1.06      2.75     -1.09     -5.20      3.72      9.13      1.45
               rw[104]     -1.20      2.81     -1.31     -5.71      3.40      9.11      1.42
               rw[105]     -1.33      2.78     -1.43     -5.30      3.83      9.38      1.42
               rw[106]     -1.50      2.82     -1.54     -5.80      3.53      9.80      1.41
               rw[107]     -1.67      2.79     -1.77     -5.93      3.20      9.51      1.42
               rw[108]     -1.76      2.76     -1.85     -5.55      3.51      9.28      1.40
               rw[109]     -1.83      2.81     -1.87     -6.27      2.86      9.13      1.44
               rw[110]     -1.83      2.77     -1.73     -6.59      2.43      9.04      1.42
               rw[111]     -1.83      2.78     -1.78     -6.25      2.94      8.91      1.43
               rw[112]     -1.84      2.83     -1.88     -6.68      2.50      8.96      1.43
               rw[113]     -1.85      2.78     -1.82     -6.55      2.47      8.94      1.42
               rw[114]     -1.84      2.78     -1.86     -6.25      2.61      9.05      1.43
               rw[115]     -1.78      2.79     -1.89     -6.37      2.68      9.31      1.42
               rw[116]     -1.78      2.81     -1.93     -5.90      3.05      9.47      1.42
               rw[117]     -1.72      2.75     -1.83     -5.93      2.77      9.41      1.43
               rw[118]     -1.71      2.68     -1.77     -6.15      2.62      9.64      1.39
               rw[119]     -1.70      2.70     -1.79     -5.42      3.40      9.51      1.42
               rw[120]     -1.73      2.71     -1.88     -6.03      2.84      9.31      1.44
               rw[121]     -1.87      2.69     -1.87     -5.95      2.94      9.86      1.44
               rw[122]     -1.99      2.67     -2.02     -6.30      2.39      9.31      1.46
               rw[123]     -2.11      2.67     -2.32     -6.30      2.33      9.68      1.42
               rw[124]     -2.22      2.70     -2.30     -6.71      2.09      9.87      1.41
               rw[125]     -2.37      2.73     -2.42     -7.35      1.65     10.30      1.39
               rw[126]     -2.53      2.74     -2.55     -6.70      2.23      9.78      1.41
               rw[127]     -2.75      2.77     -2.76     -7.64      1.46      9.96      1.39
               rw[128]     -2.93      2.79     -3.00     -7.20      1.75      9.60      1.41
               rw[129]     -3.07      2.77     -3.12     -7.50      1.35      9.89      1.40
               rw[130]     -3.12      2.76     -3.23     -7.65      1.24      9.32      1.42
               rw[131]     -3.09      2.80     -3.24     -6.98      1.98      8.90      1.42
               rw[132]     -2.97      2.79     -3.14     -7.17      1.70      8.79      1.42
               rw[133]     -2.86      2.77     -3.09     -7.40      1.35      8.95      1.42
               rw[134]     -2.65      2.72     -2.82     -6.54      2.22      8.79      1.42
               rw[135]     -2.42      2.78     -2.50     -7.27      1.97      9.00      1.42
               rw[136]     -2.11      2.80     -2.06     -6.29      2.89      8.84      1.44
               rw[137]     -1.77      2.73     -1.77     -6.25      2.52      8.69      1.46
               rw[138]     -1.41      2.73     -1.43     -5.83      2.97      8.70      1.47
               rw[139]     -1.07      2.68     -1.11     -5.58      3.09      8.41      1.46
               rw[140]     -0.76      2.71     -0.76     -5.04      3.62      8.30      1.48
               rw[141]     -0.52      2.70     -0.67     -4.66      4.19      8.37      1.48
               rw[142]     -0.31      2.69     -0.39     -4.61      4.02      8.22      1.51
               rw[143]     -0.22      2.66     -0.31     -4.71      4.00      8.43      1.50
               rw[144]     -0.09      2.71     -0.12     -4.59      4.42      8.61      1.49
               rw[145]      0.05      2.71     -0.03     -4.48      4.25      8.59      1.50
               rw[146]      0.08      2.65     -0.01     -3.89      4.72      8.58      1.51
               rw[147]      0.01      2.68     -0.06     -4.45      4.21      8.49      1.49
               rw[148]     -0.11      2.66     -0.17     -4.22      4.26      7.94      1.51
               rw[149]     -0.24      2.69     -0.37     -4.45      4.20      8.24      1.47
               rw[150]     -0.43      2.66     -0.53     -4.83      3.79      8.11      1.48
               rw[151]     -0.61      2.66     -0.79     -4.77      4.00      8.42      1.46
               rw[152]     -0.90      2.70     -0.96     -5.15      3.61      8.61      1.46
               rw[153]     -1.14      2.74     -1.33     -5.67      3.34      8.34      1.47
               rw[154]     -1.38      2.73     -1.49     -5.40      3.50      8.47      1.48
               rw[155]     -1.57      2.72     -1.74     -5.96      2.83      8.27      1.49
               rw[156]     -1.74      2.74     -1.84     -6.32      2.52      8.58      1.47
               rw[157]     -1.87      2.76     -1.99     -6.82      2.17      8.41      1.47
               rw[158]     -1.94      2.72     -2.01     -5.77      2.93      8.59      1.46
               rw[159]     -2.00      2.70     -2.07     -6.47      2.21      8.93      1.46
               rw[160]     -1.98      2.71     -2.05     -6.44      2.47      8.65      1.45
               rw[161]     -1.94      2.75     -1.97     -6.18      2.76      8.58      1.44
               rw[162]     -1.94      2.72     -2.02     -6.45      2.51      8.80      1.47
               rw[163]     -1.93      2.77     -1.95     -6.48      2.57      8.87      1.47
               rw[164]     -1.92      2.77     -2.01     -6.49      2.54      8.49      1.47
               rw[165]     -1.90      2.72     -2.05     -6.19      2.65      8.45      1.47
               rw[166]     -1.89      2.73     -1.96     -6.58      2.25      8.88      1.46
               rw[167]     -1.90      2.74     -2.02     -6.55      2.39      9.01      1.45
               rw[168]     -2.01      2.72     -2.04     -6.09      2.63      8.75      1.46
               rw[169]     -2.08      2.74     -2.19     -6.84      2.08      9.31      1.44
               rw[170]     -2.16      2.73     -2.21     -6.59      2.12      8.85      1.47
               rw[171]     -2.34      2.76     -2.48     -6.87      2.01      8.70      1.45
               rw[172]     -2.54      2.81     -2.62     -7.03      2.20      9.01      1.44
               rw[173]     -2.71      2.85     -2.83     -7.27      1.98      8.32      1.45
               rw[174]     -2.90      2.85     -2.94     -7.30      2.01      8.84      1.43
               rw[175]     -3.17      2.84     -3.26     -7.73      1.32      9.11      1.44
               rw[176]     -3.37      2.86     -3.36     -7.63      1.42      9.26      1.45
               rw[177]     -3.53      2.92     -3.66     -8.43      1.04      9.17      1.45
               rw[178]     -3.67      2.90     -3.73     -8.18      1.18      8.96      1.44
               rw[179]     -3.76      2.94     -3.80     -8.70      0.84      9.52      1.42
               rw[180]     -3.86      3.06     -3.88     -8.96      1.12     10.38      1.41
               rw[181]     -3.92      3.13     -4.06     -8.43      1.73     10.60      1.39
               rw[182]     -3.96      3.24     -4.09     -9.36      0.98     11.45      1.37
               rw[183]     -4.02      3.29     -4.10     -9.29      1.32     12.52      1.33
               rw[184]     -4.05      3.41     -4.07     -9.35      1.60     13.74      1.30
               rw[185]     -4.04      3.52     -4.04     -9.69      1.54     15.93      1.28
                 sigma      0.24      0.02      0.24      0.20      0.28    989.13      1.00

Number of divergences: 0
