
                            mean       std    median      5.0%     95.0%     n_eff     r_hat
                    D0      0.83      1.03      0.52      0.00      1.94   1515.69      1.00
                    E0     16.50     19.78     10.20      0.00     38.09     64.33      1.06
                    H0      2.65      1.87      2.30      0.03      5.17   1445.21      1.00
                    I0      8.04     13.79      3.91      0.00     19.64     84.81      1.07
                 beta0      1.38      0.72      1.30      0.36      2.33      5.38      1.82
  confirmed_dispersion      0.37      0.06      0.36      0.27      0.46   1331.44      1.00
      death_dispersion      0.35      0.05      0.34      0.26      0.44   1993.18      1.00
            death_prob      0.01      0.00      0.01      0.01      0.01     46.72      1.00
            death_rate      0.06      0.01      0.06      0.04      0.08    427.99      1.00
           det_prob[0]      0.21      0.06      0.21      0.11      0.31    184.73      1.00
           det_prob[1]      0.20      0.06      0.19      0.10      0.31    203.23      1.00
           det_prob[2]      0.18      0.06      0.18      0.08      0.29    169.08      1.00
           det_prob[3]      0.17      0.07      0.16      0.07      0.27    181.64      1.00
           det_prob[4]      0.16      0.07      0.15      0.06      0.25    167.28      1.00
           det_prob[5]      0.15      0.07      0.14      0.05      0.24    161.35      1.00
           det_prob[6]      0.14      0.06      0.13      0.05      0.23    151.97      1.00
           det_prob[7]      0.14      0.06      0.13      0.04      0.22    147.42      1.00
           det_prob[8]      0.13      0.06      0.12      0.04      0.21    140.16      1.01
           det_prob[9]      0.12      0.06      0.11      0.03      0.20    142.95      1.00
          det_prob[10]      0.12      0.05      0.11      0.04      0.20    141.71      1.00
          det_prob[11]      0.11      0.05      0.10      0.03      0.18    142.15      1.00
          det_prob[12]      0.11      0.05      0.10      0.03      0.17    143.75      1.00
          det_prob[13]      0.10      0.05      0.09      0.04      0.17    149.07      1.01
          det_prob[14]      0.10      0.04      0.09      0.03      0.16    148.43      1.01
          det_prob[15]      0.09      0.04      0.09      0.03      0.16    145.40      1.01
          det_prob[16]      0.09      0.04      0.08      0.03      0.14    146.70      1.01
          det_prob[17]      0.08      0.04      0.08      0.03      0.14    151.72      1.00
          det_prob[18]      0.08      0.04      0.08      0.03      0.13    150.37      1.00
          det_prob[19]      0.08      0.03      0.07      0.03      0.13    146.37      1.00
          det_prob[20]      0.08      0.03      0.07      0.03      0.13    155.51      1.00
          det_prob[21]      0.08      0.03      0.07      0.03      0.12    155.16      1.00
          det_prob[22]      0.08      0.03      0.07      0.03      0.12    145.07      1.00
          det_prob[23]      0.08      0.03      0.07      0.03      0.12    157.52      1.00
          det_prob[24]      0.08      0.03      0.07      0.03      0.11    141.06      1.00
          det_prob[25]      0.08      0.03      0.07      0.03      0.12    130.51      1.00
          det_prob[26]      0.08      0.03      0.07      0.03      0.12    122.16      1.00
          det_prob[27]      0.08      0.03      0.07      0.04      0.13    120.39      1.00
          det_prob[28]      0.08      0.03      0.07      0.03      0.12    110.30      1.01
          det_prob[29]      0.08      0.03      0.08      0.04      0.14    116.53      1.00
          det_prob[30]      0.09      0.03      0.08      0.03      0.14    130.12      1.00
          det_prob[31]      0.09      0.04      0.08      0.04      0.14    131.75      1.00
          det_prob[32]      0.10      0.04      0.09      0.04      0.15    142.61      1.01
          det_prob[33]      0.10      0.04      0.09      0.04      0.16    137.78      1.00
          det_prob[34]      0.11      0.04      0.10      0.05      0.17    127.62      1.00
          det_prob[35]      0.11      0.04      0.11      0.05      0.18    124.47      1.01
          det_prob[36]      0.12      0.05      0.11      0.06      0.20    125.93      1.01
          det_prob[37]      0.13      0.05      0.12      0.05      0.20    109.82      1.01
          det_prob[38]      0.14      0.06      0.13      0.05      0.22    112.45      1.01
          det_prob[39]      0.15      0.06      0.14      0.06      0.24    106.81      1.01
          det_prob[40]      0.16      0.06      0.16      0.07      0.26    104.92      1.01
          det_prob[41]      0.18      0.07      0.17      0.09      0.29    121.10      1.00
          det_prob[42]      0.20      0.07      0.20      0.08      0.31    109.45      1.00
          det_prob[43]      0.23      0.08      0.22      0.10      0.36    104.51      1.01
          det_prob[44]      0.25      0.09      0.24      0.11      0.39     94.09      1.01
          det_prob[45]      0.28      0.09      0.27      0.13      0.42     95.25      1.01
          det_prob[46]      0.31      0.10      0.30      0.14      0.46     89.37      1.01
          det_prob[47]      0.34      0.10      0.33      0.18      0.51     85.73      1.01
          det_prob[48]      0.37      0.11      0.36      0.19      0.54     86.80      1.01
          det_prob[49]      0.41      0.11      0.40      0.23      0.58     80.17      1.01
          det_prob[50]      0.43      0.11      0.43      0.25      0.61     77.90      1.00
          det_prob[51]      0.46      0.12      0.45      0.26      0.65     74.88      1.00
          det_prob[52]      0.48      0.12      0.48      0.28      0.68     78.32      1.00
          det_prob[53]      0.51      0.13      0.50      0.32      0.73     82.63      1.00
          det_prob[54]      0.53      0.13      0.54      0.35      0.75     80.06      1.00
          det_prob[55]      0.56      0.13      0.56      0.36      0.76     75.79      1.00
          det_prob[56]      0.58      0.12      0.58      0.40      0.80     75.27      1.00
          det_prob[57]      0.60      0.12      0.61      0.40      0.81     78.58      1.00
          det_prob[58]      0.61      0.13      0.62      0.41      0.83     78.82      1.00
          det_prob[59]      0.63      0.13      0.64      0.43      0.84     73.15      1.00
          det_prob[60]      0.64      0.13      0.65      0.44      0.85     75.82      1.00
          det_prob[61]      0.66      0.13      0.67      0.46      0.86     76.27      1.00
          det_prob[62]      0.67      0.12      0.68      0.48      0.88     74.74      1.00
          det_prob[63]      0.68      0.12      0.70      0.48      0.87     77.02      1.00
          det_prob[64]      0.69      0.12      0.71      0.49      0.89     77.00      1.00
          det_prob[65]      0.69      0.12      0.71      0.50      0.89     71.21      1.00
          det_prob[66]      0.70      0.13      0.72      0.50      0.89     73.74      1.00
          det_prob[67]      0.70      0.13      0.73      0.47      0.88     72.04      1.00
          det_prob[68]      0.71      0.13      0.73      0.49      0.89     69.58      1.00
          det_prob[69]      0.71      0.13      0.74      0.50      0.91     66.96      1.00
          det_prob[70]      0.72      0.13      0.74      0.50      0.92     67.57      1.00
          det_prob[71]      0.72      0.13      0.75      0.51      0.91     68.81      1.00
          det_prob[72]      0.73      0.13      0.75      0.52      0.93     61.34      1.01
          det_prob[73]      0.73      0.14      0.75      0.51      0.93     58.91      1.01
          det_prob[74]      0.74      0.13      0.76      0.54      0.94     55.02      1.01
          det_prob[75]      0.74      0.14      0.76      0.53      0.94     51.19      1.02
          det_prob[76]      0.74      0.14      0.77      0.53      0.96     50.03      1.01
          det_prob[77]      0.74      0.14      0.77      0.54      0.96     46.91      1.01
          det_prob[78]      0.74      0.14      0.77      0.53      0.96     44.02      1.01
          det_prob[79]      0.74      0.15      0.77      0.53      0.96     43.94      1.02
          det_prob[80]      0.74      0.15      0.77      0.52      0.96     41.43      1.02
          det_prob[81]      0.74      0.15      0.77      0.52      0.96     42.04      1.02
          det_prob[82]      0.74      0.15      0.77      0.52      0.97     41.18      1.02
          det_prob[83]      0.75      0.16      0.77      0.53      0.97     40.22      1.02
          det_prob[84]      0.75      0.15      0.78      0.52      0.97     39.71      1.02
          det_prob[85]      0.76      0.15      0.79      0.54      0.97     39.46      1.02
          det_prob[86]      0.76      0.16      0.79      0.53      0.97     37.69      1.02
          det_prob[87]      0.76      0.16      0.79      0.53      0.97     37.04      1.02
          det_prob[88]      0.76      0.16      0.79      0.53      0.98     34.92      1.03
          det_prob[89]      0.76      0.16      0.80      0.52      0.98     32.86      1.03
          det_prob[90]      0.76      0.16      0.80      0.51      0.98     32.43      1.03
          det_prob[91]      0.76      0.16      0.80      0.52      0.99     31.22      1.03
          det_prob[92]      0.77      0.16      0.80      0.52      0.98     30.32      1.03
          det_prob[93]      0.77      0.16      0.81      0.51      0.98     29.58      1.04
          det_prob[94]      0.77      0.16      0.81      0.52      0.98     28.27      1.04
          det_prob[95]      0.77      0.16      0.82      0.51      0.98     27.49      1.04
          det_prob[96]      0.78      0.16      0.83      0.51      0.99     27.67      1.04
          det_prob[97]      0.78      0.16      0.83      0.52      0.99     28.05      1.04
          det_prob[98]      0.78      0.16      0.84      0.51      0.99     27.57      1.04
          det_prob[99]      0.79      0.16      0.83      0.52      0.99     27.70      1.04
         det_prob[100]      0.79      0.16      0.84      0.52      0.99     27.40      1.05
         det_prob[101]      0.80      0.16      0.84      0.54      0.99     27.04      1.04
         det_prob[102]      0.80      0.16      0.85      0.56      0.99     26.90      1.04
         det_prob[103]      0.80      0.16      0.86      0.56      0.99     26.95      1.05
         det_prob[104]      0.81      0.15      0.86      0.57      0.99     26.89      1.05
         det_prob[105]      0.81      0.15      0.86      0.56      0.99     26.60      1.04
         det_prob[106]      0.82      0.15      0.87      0.58      0.99     26.31      1.05
         det_prob[107]      0.82      0.15      0.87      0.58      0.99     25.86      1.05
         det_prob[108]      0.82      0.15      0.87      0.60      1.00     26.17      1.05
         det_prob[109]      0.83      0.14      0.87      0.61      1.00     26.65      1.05
         det_prob[110]      0.83      0.14      0.88      0.62      1.00     27.55      1.05
         det_prob[111]      0.84      0.14      0.89      0.64      0.99     26.59      1.06
         det_prob[112]      0.84      0.14      0.89      0.64      0.99     26.53      1.05
         det_prob[113]      0.85      0.14      0.89      0.64      1.00     27.02      1.05
         det_prob[114]      0.85      0.13      0.89      0.66      1.00     26.94      1.04
         det_prob[115]      0.85      0.13      0.90      0.66      1.00     26.80      1.04
         det_prob[116]      0.86      0.13      0.90      0.66      1.00     27.39      1.04
         det_prob[117]      0.86      0.13      0.90      0.66      1.00     28.20      1.03
         det_prob[118]      0.86      0.13      0.91      0.68      1.00     29.77      1.03
         det_prob[119]      0.86      0.13      0.91      0.68      1.00     29.76      1.03
         det_prob[120]      0.87      0.13      0.91      0.68      1.00     29.88      1.03
         det_prob[121]      0.87      0.13      0.91      0.69      1.00     29.64      1.03
         det_prob[122]      0.87      0.12      0.92      0.68      1.00     29.49      1.03
         det_prob[123]      0.87      0.12      0.92      0.68      1.00     29.84      1.03
         det_prob[124]      0.88      0.12      0.92      0.70      1.00     29.71      1.03
         det_prob[125]      0.88      0.12      0.92      0.70      1.00     29.82      1.03
         det_prob[126]      0.88      0.12      0.92      0.71      1.00     30.42      1.04
         det_prob[127]      0.88      0.12      0.93      0.72      1.00     30.54      1.04
         det_prob[128]      0.88      0.12      0.93      0.71      1.00     31.13      1.03
         det_prob[129]      0.88      0.12      0.93      0.71      1.00     31.04      1.03
         det_prob[130]      0.89      0.12      0.93      0.70      1.00     32.21      1.02
         det_prob[131]      0.89      0.12      0.93      0.71      1.00     33.23      1.02
         det_prob[132]      0.89      0.12      0.94      0.72      1.00     33.36      1.02
         det_prob[133]      0.89      0.12      0.94      0.72      1.00     33.75      1.02
         det_prob[134]      0.89      0.12      0.94      0.73      1.00     33.94      1.02
         det_prob[135]      0.89      0.12      0.94      0.72      1.00     33.88      1.02
         det_prob[136]      0.89      0.12      0.94      0.71      1.00     33.56      1.02
         det_prob[137]      0.90      0.12      0.94      0.73      1.00     34.04      1.02
         det_prob[138]      0.90      0.12      0.95      0.73      1.00     34.59      1.01
         det_prob[139]      0.90      0.12      0.95      0.74      1.00     34.16      1.02
         det_prob[140]      0.90      0.12      0.95      0.74      1.00     34.45      1.02
         det_prob[141]      0.90      0.12      0.95      0.74      1.00     35.02      1.02
         det_prob[142]      0.90      0.12      0.95      0.75      1.00     34.76      1.02
         det_prob[143]      0.90      0.12      0.95      0.75      1.00     35.10      1.01
         det_prob[144]      0.90      0.12      0.96      0.74      1.00     35.38      1.01
         det_prob[145]      0.91      0.12      0.95      0.74      1.00     36.15      1.01
         det_prob[146]      0.91      0.11      0.96      0.75      1.00     36.88      1.01
         det_prob[147]      0.91      0.11      0.96      0.75      1.00     37.56      1.01
         det_prob[148]      0.91      0.11      0.96      0.76      1.00     37.30      1.01
         det_prob[149]      0.91      0.11      0.96      0.76      1.00     38.16      1.01
         det_prob[150]      0.91      0.11      0.96      0.76      1.00     38.63      1.01
         det_prob[151]      0.92      0.11      0.96      0.76      1.00     38.80      1.01
         det_prob[152]      0.92      0.11      0.96      0.77      1.00     38.50      1.01
         det_prob[153]      0.92      0.11      0.96      0.77      1.00     39.09      1.02
         det_prob[154]      0.92      0.10      0.96      0.78      1.00     39.58      1.02
         det_prob[155]      0.92      0.10      0.96      0.78      1.00     41.09      1.01
         det_prob[156]      0.92      0.10      0.96      0.78      1.00     41.63      1.01
         det_prob[157]      0.92      0.10      0.96      0.79      1.00     41.52      1.01
         det_prob[158]      0.92      0.10      0.96      0.79      1.00     41.87      1.01
         det_prob[159]      0.92      0.10      0.97      0.79      1.00     41.22      1.01
         det_prob[160]      0.92      0.10      0.97      0.79      1.00     40.26      1.01
         det_prob[161]      0.92      0.10      0.97      0.80      1.00     41.35      1.01
         det_prob[162]      0.92      0.10      0.97      0.79      1.00     41.04      1.01
         det_prob[163]      0.92      0.10      0.97      0.80      1.00     40.95      1.01
         det_prob[164]      0.92      0.10      0.97      0.80      1.00     41.24      1.02
         det_prob[165]      0.92      0.10      0.97      0.80      1.00     40.50      1.02
         det_prob[166]      0.93      0.10      0.97      0.79      1.00     41.09      1.01
         det_prob[167]      0.93      0.10      0.97      0.79      1.00     40.89      1.01
         det_prob[168]      0.93      0.10      0.97      0.79      1.00     41.23      1.01
         det_prob[169]      0.92      0.10      0.97      0.78      1.00     42.61      1.01
         det_prob[170]      0.92      0.10      0.97      0.78      1.00     43.72      1.01
         det_prob[171]      0.92      0.10      0.97      0.79      1.00     44.32      1.01
         det_prob[172]      0.92      0.10      0.97      0.78      1.00     45.90      1.01
         det_prob[173]      0.92      0.10      0.97      0.79      1.00     45.85      1.01
         det_prob[174]      0.92      0.10      0.97      0.78      1.00     46.10      1.01
         det_prob[175]      0.92      0.10      0.97      0.78      1.00     46.58      1.01
         det_prob[176]      0.92      0.11      0.97      0.77      1.00     48.39      1.01
         det_prob[177]      0.92      0.11      0.97      0.77      1.00     48.29      1.01
         det_prob[178]      0.92      0.11      0.97      0.77      1.00     48.78      1.01
         det_prob[179]      0.92      0.11      0.97      0.76      1.00     48.55      1.01
         det_prob[180]      0.92      0.11      0.97      0.75      1.00     49.16      1.01
         det_prob[181]      0.92      0.11      0.97      0.75      1.00     50.00      1.01
         det_prob[182]      0.92      0.12      0.97      0.74      1.00     49.48      1.01
         det_prob[183]      0.92      0.12      0.97      0.75      1.00     50.34      1.01
         det_prob[184]      0.92      0.12      0.97      0.75      1.00     50.79      1.01
         det_prob[185]      0.92      0.12      0.97      0.74      1.00     52.35      1.01
             det_prob0      0.23      0.06      0.23      0.13      0.32    285.58      1.00
            det_prob_d      0.90      0.03      0.90      0.85      0.95   2196.41      1.00
                 gamma      0.50      0.05      0.49      0.42      0.59   1865.21      1.00
                 rw[0]     -0.09      0.99     -0.09     -1.81      1.47     38.40      1.11
                 rw[1]     -0.10      1.42     -0.06     -2.34      2.45     20.11      1.19
                 rw[2]     -0.03      1.77      0.02     -2.98      2.89     14.56      1.25
                 rw[3]      0.06      2.07      0.09     -3.13      3.61     10.33      1.35
                 rw[4]      0.21      2.27      0.19     -3.58      3.80      9.57      1.37
                 rw[5]      0.41      2.49      0.29     -3.51      4.73      8.67      1.43
                 rw[6]      0.62      2.63      0.45     -3.68      5.07      7.92      1.49
                 rw[7]      0.86      2.76      0.60     -3.90      5.04      7.36      1.54
                 rw[8]      1.05      2.86      0.89     -3.55      5.54      6.79      1.57
                 rw[9]      1.26      3.00      1.01     -3.49      6.24      6.77      1.58
                rw[10]      1.48      2.99      1.21     -2.87      6.81      6.29      1.64
                rw[11]      1.69      3.06      1.41     -3.04      6.81      6.62      1.64
                rw[12]      1.81      3.11      1.51     -2.56      7.39      6.54      1.64
                rw[13]      1.82      3.13      1.59     -2.67      7.38      6.46      1.66
                rw[14]      1.81      3.15      1.67     -2.86      7.06      6.10      1.71
                rw[15]      1.73      3.16      1.54     -3.19      6.91      6.14      1.75
                rw[16]      1.55      3.13      1.30     -3.35      6.61      6.14      1.74
                rw[17]      1.49      3.15      1.26     -3.14      6.76      6.02      1.73
                rw[18]      1.31      3.10      1.18     -3.17      6.72      6.10      1.72
                rw[19]      1.07      3.11      0.84     -4.07      6.05      5.98      1.73
                rw[20]      0.76      3.08      0.53     -3.75      6.19      6.01      1.74
                rw[21]      0.30      3.08      0.09     -4.18      5.61      6.13      1.73
                rw[22]     -0.19      3.08     -0.38     -4.51      5.28      6.16      1.71
                rw[23]     -0.75      3.06     -1.02     -5.03      4.61      6.32      1.68
                rw[24]     -1.35      3.06     -1.65     -5.71      4.01      6.38      1.68
                rw[25]     -1.96      3.10     -2.21     -6.35      3.64      6.23      1.68
                rw[26]     -2.57      3.09     -2.91     -7.26      2.57      6.21      1.65
                rw[27]     -3.13      3.09     -3.37     -7.24      2.72      6.16      1.68
                rw[28]     -3.76      3.11     -4.08     -8.70      1.00      6.40      1.67
                rw[29]     -4.29      3.10     -4.64     -9.06      0.68      6.01      1.72
                rw[30]     -4.80      3.09     -5.01     -9.29      0.43      6.05      1.71
                rw[31]     -5.23      3.12     -5.52    -10.13     -0.14      6.30      1.66
                rw[32]     -5.68      3.09     -5.92    -10.36     -0.44      6.21      1.67
                rw[33]     -6.08      3.07     -6.37    -11.22     -1.31      5.95      1.68
                rw[34]     -6.39      3.10     -6.62    -10.65     -0.69      5.87      1.69
                rw[35]     -6.64      3.08     -6.93    -10.93     -1.15      6.02      1.70
                rw[36]     -6.79      3.04     -7.17    -11.09     -1.53      6.04      1.71
                rw[37]     -6.91      3.06     -7.06    -11.88     -2.14      6.03      1.69
                rw[38]     -6.90      3.04     -7.07    -11.50     -1.75      6.16      1.67
                rw[39]     -6.88      3.02     -7.16    -11.22     -1.60      6.14      1.69
                rw[40]     -6.79      3.04     -7.07    -10.84     -1.09      6.11      1.68
                rw[41]     -6.69      3.03     -7.01    -11.43     -1.74      6.24      1.63
                rw[42]     -6.54      3.05     -6.92    -10.75     -1.06      6.37      1.65
                rw[43]     -6.32      3.04     -6.73    -11.14     -1.38      6.30      1.67
                rw[44]     -6.09      3.05     -6.50    -10.83     -0.90      6.38      1.68
                rw[45]     -5.91      3.06     -6.19    -10.42     -0.58      6.35      1.67
                rw[46]     -5.66      3.06     -6.00    -10.60     -0.78      6.55      1.66
                rw[47]     -5.45      3.09     -5.60    -10.34     -0.43      6.47      1.66
                rw[48]     -5.30      3.09     -5.61    -10.40     -0.37      6.29      1.66
                rw[49]     -5.21      3.09     -5.42     -9.90      0.14      6.51      1.63
                rw[50]     -5.19      3.10     -5.42     -9.70      0.34      6.96      1.60
                rw[51]     -5.14      3.13     -5.40    -10.30     -0.21      6.74      1.62
                rw[52]     -5.10      3.08     -5.32     -9.89     -0.04      6.57      1.63
                rw[53]     -5.06      3.10     -5.28     -9.77      0.25      6.83      1.63
                rw[54]     -5.06      3.07     -5.25     -9.78      0.20      6.56      1.64
                rw[55]     -5.12      3.10     -5.22    -10.15     -0.01      6.76      1.63
                rw[56]     -5.19      3.07     -5.37     -9.71      0.33      6.32      1.68
                rw[57]     -5.38      3.07     -5.59    -10.40     -0.65      6.09      1.72
                rw[58]     -5.51      3.12     -5.67    -10.57     -0.75      6.03      1.72
                rw[59]     -5.63      3.15     -5.77    -10.51     -0.50      5.92      1.74
                rw[60]     -5.78      3.13     -5.95    -10.59     -0.66      5.80      1.75
                rw[61]     -5.90      3.13     -6.13    -11.02     -1.23      5.97      1.70
                rw[62]     -6.03      3.09     -6.36    -10.85     -1.16      6.10      1.69
                rw[63]     -6.13      3.10     -6.43    -10.80     -0.91      5.88      1.73
                rw[64]     -6.22      3.14     -6.53    -10.81     -0.59      5.87      1.73
                rw[65]     -6.26      3.18     -6.60    -11.38     -1.26      5.83      1.73
                rw[66]     -6.28      3.19     -6.58    -10.83     -0.61      5.89      1.70
                rw[67]     -6.24      3.19     -6.59    -10.50     -0.30      6.07      1.70
                rw[68]     -6.18      3.22     -6.43    -11.35     -0.96      6.12      1.70
                rw[69]     -6.16      3.19     -6.47    -11.33     -0.94      6.21      1.69
                rw[70]     -6.06      3.18     -6.29    -10.71     -0.25      6.24      1.69
                rw[71]     -5.93      3.18     -6.13    -11.24     -0.95      6.27      1.68
                rw[72]     -5.83      3.17     -6.00    -11.11     -0.99      6.29      1.65
                rw[73]     -5.69      3.19     -5.85    -10.33     -0.13      6.23      1.66
                rw[74]     -5.59      3.17     -5.86    -10.01      0.08      6.34      1.67
                rw[75]     -5.51      3.17     -5.85    -10.75     -0.57      6.63      1.66
                rw[76]     -5.41      3.14     -5.69    -10.27     -0.17      6.31      1.67
                rw[77]     -5.36      3.13     -5.64    -10.21      0.02      6.40      1.67
                rw[78]     -5.31      3.18     -5.54    -10.10      0.26      6.51      1.69
                rw[79]     -5.32      3.22     -5.67    -10.77     -0.34      6.69      1.66
                rw[80]     -5.25      3.19     -5.46    -10.71     -0.33      6.80      1.66
                rw[81]     -5.15      3.17     -5.35    -10.53     -0.19      6.35      1.68
                rw[82]     -5.06      3.19     -5.35    -10.27     -0.03      6.31      1.69
                rw[83]     -5.04      3.15     -5.29     -9.74      0.32      6.36      1.68
                rw[84]     -4.95      3.16     -5.18     -9.84      0.10      6.12      1.70
                rw[85]     -4.92      3.18     -5.21    -10.12      0.05      6.15      1.70
                rw[86]     -4.91      3.13     -5.13     -9.82      0.12      6.30      1.67
                rw[87]     -4.87      3.14     -5.14     -9.48      0.53      6.15      1.68
                rw[88]     -4.90      3.16     -5.02     -9.72      0.18      6.23      1.68
                rw[89]     -4.86      3.17     -5.02     -9.58      0.52      6.08      1.68
                rw[90]     -4.83      3.13     -4.97     -9.44      0.53      6.02      1.69
                rw[91]     -4.76      3.09     -4.94     -9.55      0.35      6.02      1.67
                rw[92]     -4.62      3.11     -4.90     -9.61      0.33      6.19      1.67
                rw[93]     -4.44      3.10     -4.72     -9.24      0.71      6.12      1.68
                rw[94]     -4.26      3.11     -4.51     -9.27      0.67      5.83      1.69
                rw[95]     -4.09      3.03     -4.32     -8.59      0.96      5.90      1.69
                rw[96]     -3.93      3.00     -4.19     -8.26      1.39      5.98      1.69
                rw[97]     -3.79      3.02     -4.05     -8.33      1.39      6.13      1.68
                rw[98]     -3.61      3.00     -3.99     -8.31      1.36      6.47      1.64
                rw[99]     -3.49      3.02     -3.65     -8.05      1.52      6.11      1.68
               rw[100]     -3.35      3.02     -3.57     -8.01      1.51      6.23      1.66
               rw[101]     -3.25      3.03     -3.55     -7.60      1.90      6.39      1.65
               rw[102]     -3.17      2.97     -3.52     -7.35      1.83      6.36      1.66
               rw[103]     -3.14      2.97     -3.48     -7.85      1.57      6.43      1.65
               rw[104]     -3.11      2.99     -3.45     -7.27      2.20      6.41      1.67
               rw[105]     -3.16      3.00     -3.50     -7.48      1.94      6.47      1.67
               rw[106]     -3.24      3.03     -3.52     -7.60      1.97      6.28      1.68
               rw[107]     -3.24      3.02     -3.53     -7.76      1.72      5.94      1.70
               rw[108]     -3.20      3.02     -3.49     -7.56      1.99      5.94      1.73
               rw[109]     -3.21      3.03     -3.44     -8.35      1.34      5.96      1.71
               rw[110]     -3.25      3.10     -3.39     -8.04      1.70      5.88      1.72
               rw[111]     -3.32      3.06     -3.55     -7.80      2.02      5.96      1.72
               rw[112]     -3.42      3.03     -3.62     -7.77      1.99      6.04      1.71
               rw[113]     -3.54      3.03     -3.75     -8.30      1.51      5.82      1.73
               rw[114]     -3.56      3.00     -3.71     -8.16      1.29      6.17      1.70
               rw[115]     -3.63      3.02     -3.86     -8.13      1.26      6.10      1.70
               rw[116]     -3.66      3.01     -3.79     -8.76      0.93      6.34      1.69
               rw[117]     -3.65      3.01     -3.88     -8.06      1.59      6.39      1.66
               rw[118]     -3.62      3.03     -3.82     -8.13      1.35      6.03      1.70
               rw[119]     -3.57      2.99     -3.84     -8.27      1.27      6.23      1.70
               rw[120]     -3.56      2.94     -3.87     -8.08      1.23      6.21      1.68
               rw[121]     -3.58      2.93     -3.89     -7.74      1.46      6.11      1.70
               rw[122]     -3.59      2.93     -3.81     -8.23      0.98      6.30      1.68
               rw[123]     -3.52      2.95     -3.79     -8.02      1.41      6.21      1.69
               rw[124]     -3.45      3.03     -3.57     -8.06      1.64      6.51      1.68
               rw[125]     -3.44      3.02     -3.72     -7.42      2.14      6.10      1.70
               rw[126]     -3.48      3.05     -3.83     -8.05      1.61      6.29      1.67
               rw[127]     -3.47      3.06     -3.89     -8.16      1.49      6.20      1.68
               rw[128]     -3.52      3.06     -3.84     -8.17      1.60      6.27      1.68
               rw[129]     -3.56      3.06     -3.78     -7.85      1.94      5.94      1.70
               rw[130]     -3.60      3.07     -3.89     -8.35      1.36      5.94      1.71
               rw[131]     -3.67      3.04     -3.92     -8.61      1.23      6.13      1.68
               rw[132]     -3.76      3.03     -3.93     -8.20      1.52      6.21      1.67
               rw[133]     -3.85      3.05     -4.04     -8.68      0.99      6.18      1.69
               rw[134]     -4.01      3.07     -4.22     -8.60      0.93      6.39      1.68
               rw[135]     -4.13      3.08     -4.36     -8.97      0.76      6.46      1.68
               rw[136]     -4.30      3.10     -4.52     -8.86      0.89      6.23      1.69
               rw[137]     -4.42      3.12     -4.80     -9.86      0.14      6.13      1.70
               rw[138]     -4.61      3.12     -4.85     -8.82      1.53      5.80      1.72
               rw[139]     -4.69      3.11     -4.86     -9.92      0.19      5.93      1.69
               rw[140]     -4.87      3.07     -5.03     -9.34      0.57      5.70      1.72
               rw[141]     -5.02      3.07     -5.37    -10.05      0.01      5.89      1.72
               rw[142]     -5.19      3.10     -5.46     -9.82      0.27      5.98      1.72
               rw[143]     -5.31      3.11     -5.59     -9.98     -0.02      5.81      1.74
               rw[144]     -5.41      3.07     -5.70     -9.90     -0.25      6.03      1.73
               rw[145]     -5.40      3.08     -5.63     -9.88     -0.23      5.89      1.76
               rw[146]     -5.36      3.03     -5.58     -9.67     -0.19      5.83      1.74
               rw[147]     -5.33      2.99     -5.49     -9.71     -0.28      5.93      1.71
               rw[148]     -5.23      2.95     -5.40     -9.56     -0.07      6.13      1.71
               rw[149]     -5.14      2.98     -5.34     -9.74     -0.25      6.08      1.72
               rw[150]     -4.98      3.00     -5.19     -9.93     -0.38      6.25      1.67
               rw[151]     -4.91      3.00     -5.10     -9.52      0.05      6.15      1.67
               rw[152]     -4.81      3.01     -5.00     -9.43      0.18      5.89      1.71
               rw[153]     -4.71      2.98     -4.92     -9.17      0.47      5.88      1.72
               rw[154]     -4.55      3.03     -4.75     -9.16      0.74      6.20      1.70
               rw[155]     -4.43      3.02     -4.65     -8.86      0.78      5.99      1.70
               rw[156]     -4.37      3.03     -4.65     -9.14      0.54      5.95      1.72
               rw[157]     -4.16      3.06     -4.38     -8.63      0.96      6.19      1.68
               rw[158]     -4.03      3.05     -4.24     -8.80      1.01      6.06      1.71
               rw[159]     -3.92      3.05     -4.08     -8.36      1.44      6.06      1.71
               rw[160]     -3.78      3.06     -4.02     -7.98      1.41      6.09      1.70
               rw[161]     -3.72      3.05     -3.79     -8.37      1.39      6.01      1.71
               rw[162]     -3.64      3.07     -3.89     -8.75      1.18      6.09      1.70
               rw[163]     -3.60      3.07     -3.71     -9.07      0.76      6.15      1.72
               rw[164]     -3.58      3.07     -3.89     -8.03      1.80      6.03      1.73
               rw[165]     -3.54      3.09     -3.76     -8.41      1.47      5.98      1.73
               rw[166]     -3.50      3.09     -3.67     -8.26      1.52      5.76      1.75
               rw[167]     -3.54      3.10     -3.94     -7.64      2.28      5.80      1.73
               rw[168]     -3.51      3.08     -3.75     -7.99      1.76      6.01      1.71
               rw[169]     -3.62      3.02     -3.86     -8.25      1.30      5.83      1.74
               rw[170]     -3.67      3.02     -3.86     -8.03      1.57      6.01      1.73
               rw[171]     -3.72      3.07     -3.97     -8.36      1.32      6.02      1.71
               rw[172]     -3.84      3.03     -4.08     -8.62      1.10      6.09      1.71
               rw[173]     -3.98      3.05     -4.31     -8.86      0.75      6.12      1.69
               rw[174]     -4.11      3.08     -4.36     -8.75      1.05      6.20      1.67
               rw[175]     -4.27      3.12     -4.55     -8.77      1.09      6.28      1.66
               rw[176]     -4.41      3.14     -4.63     -9.26      0.67      6.39      1.67
               rw[177]     -4.56      3.14     -4.70     -9.53      0.37      6.62      1.63
               rw[178]     -4.66      3.14     -4.76     -9.47      0.42      6.54      1.64
               rw[179]     -4.74      3.19     -5.06    -10.04      0.11      7.15      1.58
               rw[180]     -4.87      3.28     -5.12     -9.78      0.80      7.15      1.57
               rw[181]     -5.03      3.36     -5.27    -10.38      0.18      7.38      1.53
               rw[182]     -5.17      3.49     -5.34    -10.51      0.73      7.90      1.48
               rw[183]     -5.31      3.64     -5.45    -10.94      0.54      8.84      1.44
               rw[184]     -5.38      3.70     -5.49    -11.26      0.37      9.26      1.42
               rw[185]     -5.42      3.78     -5.50    -11.36      0.41     10.67      1.37
                 sigma      0.23      0.02      0.23      0.19      0.27   1409.55      1.00

Number of divergences: 0
