
                            mean       std    median      5.0%     95.0%     n_eff     r_hat
                    D0      0.60      0.63      0.41      0.00      1.39   1460.39      1.00
                    E0     21.88     19.11     17.03      0.02     46.27     55.32      1.07
                    H0      1.44      1.31      1.07      0.00      3.25   1217.87      1.00
                    I0      6.37      6.92      4.10      0.01     14.56    158.97      1.06
                 beta0      1.61      0.71      1.58      0.50      2.59      4.39      1.90
  confirmed_dispersion      0.11      0.01      0.11      0.10      0.12   1647.31      1.00
      death_dispersion      0.12      0.01      0.11      0.10      0.13   1422.48      1.00
            death_prob      0.01      0.00      0.01      0.01      0.01     57.46      1.00
            death_rate      0.05      0.01      0.05      0.04      0.06     44.16      1.09
           det_prob[0]      0.25      0.06      0.24      0.15      0.35    197.15      1.00
           det_prob[1]      0.24      0.07      0.23      0.13      0.34    163.64      1.01
           det_prob[2]      0.23      0.07      0.22      0.11      0.33    138.90      1.01
           det_prob[3]      0.22      0.07      0.20      0.10      0.33    123.81      1.01
           det_prob[4]      0.21      0.08      0.20      0.09      0.32    111.38      1.02
           det_prob[5]      0.20      0.08      0.19      0.09      0.32    106.29      1.02
           det_prob[6]      0.20      0.08      0.19      0.07      0.31    101.88      1.03
           det_prob[7]      0.20      0.08      0.19      0.09      0.32    101.88      1.03
           det_prob[8]      0.20      0.07      0.19      0.09      0.31    103.00      1.03
           det_prob[9]      0.19      0.07      0.18      0.09      0.31     96.01      1.03
          det_prob[10]      0.18      0.07      0.17      0.08      0.29    101.79      1.03
          det_prob[11]      0.18      0.07      0.16      0.07      0.28    103.09      1.03
          det_prob[12]      0.17      0.07      0.16      0.08      0.27     95.38      1.03
          det_prob[13]      0.17      0.06      0.16      0.07      0.26     91.35      1.04
          det_prob[14]      0.16      0.06      0.15      0.07      0.25     91.22      1.03
          det_prob[15]      0.16      0.06      0.15      0.07      0.24     98.07      1.03
          det_prob[16]      0.15      0.05      0.14      0.07      0.23    100.95      1.03
          det_prob[17]      0.14      0.05      0.13      0.06      0.21     95.86      1.03
          det_prob[18]      0.13      0.05      0.12      0.05      0.19     97.39      1.03
          det_prob[19]      0.12      0.04      0.11      0.05      0.18    103.55      1.02
          det_prob[20]      0.12      0.04      0.11      0.06      0.17    105.63      1.03
          det_prob[21]      0.12      0.04      0.11      0.06      0.18    103.13      1.03
          det_prob[22]      0.11      0.04      0.11      0.06      0.16    104.68      1.02
          det_prob[23]      0.11      0.03      0.10      0.05      0.16    101.60      1.02
          det_prob[24]      0.10      0.03      0.09      0.05      0.14    106.05      1.02
          det_prob[25]      0.09      0.03      0.09      0.05      0.13    107.62      1.03
          det_prob[26]      0.09      0.03      0.08      0.05      0.13    103.18      1.02
          det_prob[27]      0.09      0.03      0.08      0.05      0.13    101.97      1.03
          det_prob[28]      0.09      0.03      0.08      0.04      0.13    101.30      1.03
          det_prob[29]      0.08      0.03      0.08      0.05      0.13    104.37      1.03
          det_prob[30]      0.08      0.03      0.08      0.04      0.13    111.09      1.03
          det_prob[31]      0.09      0.03      0.08      0.04      0.12    118.52      1.03
          det_prob[32]      0.09      0.03      0.08      0.04      0.12    113.03      1.03
          det_prob[33]      0.09      0.03      0.08      0.05      0.13    113.48      1.02
          det_prob[34]      0.10      0.03      0.09      0.05      0.14    101.31      1.02
          det_prob[35]      0.09      0.03      0.09      0.05      0.14    112.32      1.02
          det_prob[36]      0.09      0.03      0.09      0.05      0.13    112.22      1.02
          det_prob[37]      0.09      0.03      0.09      0.05      0.13    108.34      1.02
          det_prob[38]      0.09      0.03      0.08      0.05      0.13    105.30      1.02
          det_prob[39]      0.09      0.03      0.08      0.04      0.12    108.92      1.02
          det_prob[40]      0.08      0.03      0.08      0.05      0.12    101.95      1.02
          det_prob[41]      0.09      0.03      0.08      0.04      0.12     99.81      1.02
          det_prob[42]      0.09      0.03      0.09      0.05      0.13    110.64      1.01
          det_prob[43]      0.09      0.03      0.09      0.06      0.14    117.31      1.01
          det_prob[44]      0.10      0.03      0.09      0.05      0.14    121.01      1.02
          det_prob[45]      0.10      0.03      0.10      0.06      0.15    114.84      1.02
          det_prob[46]      0.11      0.03      0.10      0.06      0.15    119.25      1.02
          det_prob[47]      0.11      0.03      0.11      0.06      0.16    122.05      1.02
          det_prob[48]      0.12      0.04      0.12      0.06      0.18    125.07      1.02
          det_prob[49]      0.14      0.04      0.13      0.08      0.20    121.26      1.02
          det_prob[50]      0.15      0.04      0.14      0.09      0.21    119.20      1.02
          det_prob[51]      0.16      0.04      0.15      0.09      0.22    116.77      1.01
          det_prob[52]      0.17      0.04      0.16      0.09      0.24    108.06      1.01
          det_prob[53]      0.17      0.05      0.17      0.10      0.25    109.44      1.01
          det_prob[54]      0.18      0.05      0.18      0.11      0.26    109.74      1.01
          det_prob[55]      0.20      0.05      0.19      0.12      0.29    101.55      1.01
          det_prob[56]      0.22      0.06      0.21      0.12      0.31     99.13      1.01
          det_prob[57]      0.24      0.06      0.23      0.15      0.35    102.29      1.00
          det_prob[58]      0.25      0.07      0.24      0.14      0.36     99.80      1.01
          det_prob[59]      0.26      0.07      0.25      0.15      0.36    103.88      1.00
          det_prob[60]      0.26      0.07      0.25      0.16      0.37    109.69      1.00
          det_prob[61]      0.27      0.07      0.27      0.17      0.40    121.18      1.00
          det_prob[62]      0.29      0.07      0.28      0.17      0.40    123.93      1.00
          det_prob[63]      0.31      0.08      0.30      0.18      0.43    116.63      1.00
          det_prob[64]      0.32      0.08      0.31      0.19      0.44    117.00      1.00
          det_prob[65]      0.33      0.08      0.32      0.20      0.46    116.30      1.00
          det_prob[66]      0.34      0.08      0.33      0.21      0.48    109.25      1.00
          det_prob[67]      0.34      0.09      0.34      0.19      0.47    102.36      1.00
          det_prob[68]      0.35      0.09      0.35      0.19      0.49     99.68      1.00
          det_prob[69]      0.37      0.09      0.36      0.21      0.51     97.28      1.00
          det_prob[70]      0.39      0.09      0.39      0.24      0.54     95.39      1.01
          det_prob[71]      0.41      0.10      0.41      0.25      0.58     80.57      1.02
          det_prob[72]      0.43      0.10      0.42      0.25      0.58     75.58      1.02
          det_prob[73]      0.44      0.11      0.44      0.29      0.63     82.16      1.02
          det_prob[74]      0.47      0.11      0.46      0.29      0.65     83.87      1.02
          det_prob[75]      0.49      0.11      0.48      0.30      0.65     81.56      1.03
          det_prob[76]      0.49      0.11      0.49      0.30      0.67     89.82      1.03
          det_prob[77]      0.51      0.12      0.50      0.32      0.71     82.29      1.03
          det_prob[78]      0.51      0.12      0.51      0.32      0.72     71.08      1.04
          det_prob[79]      0.52      0.13      0.52      0.32      0.74     66.40      1.04
          det_prob[80]      0.53      0.13      0.53      0.33      0.75     61.65      1.04
          det_prob[81]      0.54      0.13      0.55      0.33      0.77     54.86      1.04
          det_prob[82]      0.56      0.14      0.56      0.33      0.77     46.74      1.04
          det_prob[83]      0.58      0.13      0.59      0.37      0.80     45.21      1.04
          det_prob[84]      0.61      0.13      0.61      0.39      0.81     47.28      1.05
          det_prob[85]      0.62      0.13      0.63      0.41      0.83     44.02      1.05
          det_prob[86]      0.64      0.13      0.65      0.44      0.85     43.66      1.05
          det_prob[87]      0.64      0.14      0.66      0.43      0.86     41.27      1.06
          det_prob[88]      0.65      0.14      0.67      0.44      0.88     37.32      1.06
          det_prob[89]      0.67      0.14      0.68      0.46      0.89     36.23      1.06
          det_prob[90]      0.68      0.14      0.70      0.47      0.89     35.14      1.06
          det_prob[91]      0.70      0.13      0.71      0.50      0.91     33.79      1.07
          det_prob[92]      0.70      0.13      0.72      0.49      0.89     34.05      1.07
          det_prob[93]      0.71      0.13      0.73      0.51      0.92     32.41      1.08
          det_prob[94]      0.72      0.13      0.73      0.51      0.93     31.41      1.08
          det_prob[95]      0.72      0.13      0.74      0.51      0.93     29.38      1.09
          det_prob[96]      0.73      0.13      0.76      0.54      0.95     27.78      1.10
          det_prob[97]      0.74      0.13      0.77      0.54      0.94     27.62      1.10
          det_prob[98]      0.76      0.13      0.78      0.56      0.95     25.23      1.10
          det_prob[99]      0.76      0.13      0.78      0.57      0.96     25.30      1.10
         det_prob[100]      0.77      0.12      0.79      0.57      0.95     23.33      1.11
         det_prob[101]      0.77      0.13      0.80      0.59      0.96     22.53      1.11
         det_prob[102]      0.78      0.13      0.80      0.60      0.97     20.73      1.13
         det_prob[103]      0.78      0.12      0.80      0.60      0.97     20.76      1.12
         det_prob[104]      0.79      0.12      0.81      0.61      0.97     21.44      1.12
         det_prob[105]      0.79      0.12      0.81      0.61      0.97     21.65      1.12
         det_prob[106]      0.80      0.12      0.82      0.62      0.98     23.31      1.11
         det_prob[107]      0.80      0.12      0.83      0.63      0.99     23.80      1.11
         det_prob[108]      0.81      0.12      0.83      0.63      0.99     23.76      1.10
         det_prob[109]      0.81      0.12      0.84      0.63      0.99     23.17      1.10
         det_prob[110]      0.82      0.12      0.85      0.65      0.98     22.91      1.10
         det_prob[111]      0.82      0.12      0.85      0.65      0.99     23.68      1.10
         det_prob[112]      0.83      0.12      0.85      0.67      0.99     23.87      1.10
         det_prob[113]      0.83      0.12      0.86      0.66      0.99     24.73      1.10
         det_prob[114]      0.84      0.12      0.86      0.67      0.99     24.98      1.09
         det_prob[115]      0.84      0.11      0.86      0.67      0.99     24.93      1.09
         det_prob[116]      0.85      0.11      0.87      0.68      0.99     25.80      1.08
         det_prob[117]      0.85      0.11      0.88      0.69      0.99     25.92      1.08
         det_prob[118]      0.85      0.11      0.88      0.70      0.99     25.63      1.07
         det_prob[119]      0.86      0.11      0.89      0.70      0.99     25.01      1.08
         det_prob[120]      0.86      0.11      0.89      0.70      0.99     25.66      1.06
         det_prob[121]      0.86      0.11      0.89      0.71      0.99     25.72      1.06
         det_prob[122]      0.87      0.11      0.89      0.71      0.99     26.49      1.06
         det_prob[123]      0.87      0.11      0.90      0.72      1.00     27.08      1.06
         det_prob[124]      0.87      0.11      0.90      0.72      1.00     26.92      1.05
         det_prob[125]      0.88      0.10      0.91      0.73      1.00     27.45      1.05
         det_prob[126]      0.88      0.10      0.91      0.74      1.00     28.10      1.04
         det_prob[127]      0.88      0.10      0.91      0.74      1.00     29.13      1.04
         det_prob[128]      0.89      0.10      0.92      0.74      1.00     28.97      1.04
         det_prob[129]      0.89      0.10      0.92      0.75      1.00     29.47      1.03
         det_prob[130]      0.89      0.10      0.93      0.75      1.00     28.70      1.03
         det_prob[131]      0.90      0.09      0.93      0.77      1.00     29.27      1.03
         det_prob[132]      0.90      0.09      0.93      0.78      1.00     29.99      1.03
         det_prob[133]      0.90      0.09      0.93      0.77      1.00     30.00      1.03
         det_prob[134]      0.90      0.09      0.94      0.78      1.00     29.88      1.03
         det_prob[135]      0.91      0.09      0.94      0.78      1.00     31.08      1.02
         det_prob[136]      0.91      0.09      0.94      0.79      1.00     30.78      1.02
         det_prob[137]      0.91      0.09      0.95      0.78      1.00     31.48      1.02
         det_prob[138]      0.91      0.09      0.95      0.79      1.00     32.30      1.02
         det_prob[139]      0.92      0.09      0.95      0.78      1.00     32.73      1.02
         det_prob[140]      0.92      0.08      0.95      0.80      1.00     32.56      1.02
         det_prob[141]      0.92      0.08      0.96      0.80      1.00     31.96      1.02
         det_prob[142]      0.92      0.08      0.96      0.81      1.00     32.46      1.02
         det_prob[143]      0.93      0.08      0.96      0.81      1.00     33.24      1.02
         det_prob[144]      0.93      0.08      0.96      0.82      1.00     32.65      1.01
         det_prob[145]      0.93      0.08      0.96      0.82      1.00     33.89      1.01
         det_prob[146]      0.93      0.08      0.96      0.82      1.00     33.92      1.01
         det_prob[147]      0.93      0.07      0.96      0.83      1.00     33.23      1.01
         det_prob[148]      0.94      0.07      0.97      0.83      1.00     32.79      1.01
         det_prob[149]      0.94      0.07      0.97      0.84      1.00     33.08      1.01
         det_prob[150]      0.94      0.07      0.97      0.85      1.00     34.15      1.01
         det_prob[151]      0.94      0.07      0.97      0.85      1.00     35.27      1.01
         det_prob[152]      0.94      0.07      0.97      0.84      1.00     34.02      1.01
         det_prob[153]      0.94      0.07      0.97      0.85      1.00     34.40      1.01
         det_prob[154]      0.94      0.07      0.97      0.85      1.00     36.11      1.01
         det_prob[155]      0.94      0.07      0.97      0.86      1.00     34.90      1.01
         det_prob[156]      0.94      0.07      0.97      0.86      1.00     35.49      1.01
         det_prob[157]      0.95      0.06      0.97      0.87      1.00     36.24      1.01
         det_prob[158]      0.95      0.06      0.97      0.86      1.00     36.12      1.01
         det_prob[159]      0.95      0.07      0.97      0.85      1.00     36.13      1.01
         det_prob[160]      0.95      0.07      0.97      0.86      1.00     35.23      1.01
         det_prob[161]      0.95      0.06      0.97      0.87      1.00     35.26      1.01
         det_prob[162]      0.95      0.06      0.97      0.87      1.00     36.36      1.01
         det_prob[163]      0.95      0.07      0.97      0.87      1.00     37.01      1.01
         det_prob[164]      0.95      0.07      0.97      0.86      1.00     36.77      1.01
         det_prob[165]      0.95      0.07      0.97      0.85      1.00     36.45      1.01
         det_prob[166]      0.95      0.07      0.98      0.85      1.00     37.62      1.01
         det_prob[167]      0.95      0.07      0.98      0.86      1.00     39.06      1.01
         det_prob[168]      0.95      0.07      0.98      0.85      1.00     39.51      1.01
         det_prob[169]      0.95      0.07      0.98      0.85      1.00     38.96      1.01
         det_prob[170]      0.95      0.07      0.98      0.85      1.00     38.82      1.01
         det_prob[171]      0.95      0.07      0.98      0.85      1.00     39.72      1.01
         det_prob[172]      0.94      0.08      0.98      0.85      1.00     40.89      1.01
         det_prob[173]      0.94      0.08      0.98      0.85      1.00     42.54      1.01
         det_prob[174]      0.94      0.08      0.98      0.84      1.00     41.79      1.01
         det_prob[175]      0.95      0.08      0.98      0.85      1.00     41.82      1.01
         det_prob[176]      0.94      0.08      0.98      0.84      1.00     41.42      1.01
         det_prob[177]      0.94      0.08      0.98      0.84      1.00     41.36      1.01
         det_prob[178]      0.95      0.08      0.98      0.85      1.00     41.42      1.01
         det_prob[179]      0.94      0.08      0.98      0.84      1.00     42.28      1.01
         det_prob[180]      0.94      0.08      0.98      0.85      1.00     42.95      1.01
         det_prob[181]      0.94      0.08      0.98      0.84      1.00     44.46      1.01
         det_prob[182]      0.94      0.08      0.98      0.84      1.00     46.68      1.01
         det_prob[183]      0.95      0.08      0.98      0.85      1.00     47.23      1.01
         det_prob[184]      0.95      0.08      0.98      0.85      1.00     47.15      1.01
         det_prob[185]      0.94      0.08      0.98      0.85      1.00     46.78      1.00
             det_prob0      0.26      0.06      0.25      0.16      0.34    226.46      1.00
            det_prob_d      0.90      0.03      0.90      0.85      0.95   1823.82      1.00
                 gamma      0.49      0.05      0.49      0.41      0.58   1021.32      1.01
                 rw[0]     -0.10      1.00     -0.09     -1.68      1.65     47.46      1.08
                 rw[1]     -0.15      1.42     -0.13     -2.40      2.41     16.85      1.17
                 rw[2]     -0.18      1.74     -0.18     -2.92      2.79     10.61      1.28
                 rw[3]     -0.12      1.96     -0.16     -3.52      2.84      8.64      1.35
                 rw[4]      0.04      2.18      0.01     -3.38      3.66      7.54      1.41
                 rw[5]      0.25      2.37      0.12     -3.42      4.23      6.57      1.48
                 rw[6]      0.42      2.51      0.18     -3.17      5.21      6.58      1.51
                 rw[7]      0.59      2.56      0.47     -3.33      4.99      5.97      1.56
                 rw[8]      0.67      2.65      0.50     -3.40      5.12      5.84      1.60
                 rw[9]      0.67      2.67      0.45     -3.50      5.17      5.76      1.60
                rw[10]      0.65      2.71      0.49     -3.46      5.23      5.64      1.65
                rw[11]      0.67      2.75      0.51     -3.45      5.36      5.43      1.70
                rw[12]      0.69      2.76      0.36     -3.50      5.33      5.48      1.69
                rw[13]      0.72      2.72      0.42     -3.14      5.59      5.45      1.72
                rw[14]      0.75      2.70      0.34     -3.63      5.07      5.34      1.72
                rw[15]      0.71      2.70      0.42     -3.35      5.16      5.18      1.74
                rw[16]      0.73      2.63      0.48     -2.96      5.53      5.23      1.75
                rw[17]      0.77      2.61      0.56     -3.03      5.30      5.12      1.75
                rw[18]      0.90      2.61      0.59     -3.32      5.10      5.00      1.77
                rw[19]      1.09      2.62      0.74     -2.81      5.56      4.97      1.76
                rw[20]      1.17      2.63      0.91     -2.82      5.78      4.97      1.75
                rw[21]      1.05      2.59      0.81     -2.90      5.47      5.26      1.71
                rw[22]      0.66      2.57      0.42     -3.03      4.93      5.07      1.74
                rw[23]      0.21      2.62     -0.09     -3.90      4.33      5.04      1.74
                rw[24]     -0.40      2.59     -0.68     -4.24      4.01      5.06      1.74
                rw[25]     -0.91      2.59     -1.29     -4.88      3.40      5.00      1.76
                rw[26]     -1.35      2.59     -1.64     -5.18      2.99      5.12      1.75
                rw[27]     -1.80      2.57     -2.14     -5.71      2.46      5.03      1.72
                rw[28]     -2.15      2.64     -2.55     -6.21      2.31      4.97      1.72
                rw[29]     -2.47      2.67     -2.82     -6.55      1.96      5.14      1.72
                rw[30]     -2.76      2.63     -3.14     -6.43      1.93      5.09      1.74
                rw[31]     -3.05      2.61     -3.51     -6.72      1.58      4.87      1.80
                rw[32]     -3.30      2.62     -3.73     -7.09      1.22      4.83      1.80
                rw[33]     -3.50      2.60     -3.82     -7.03      1.15      4.87      1.78
                rw[34]     -3.71      2.61     -4.08     -7.67      0.66      5.05      1.74
                rw[35]     -3.97      2.66     -4.34     -7.97      0.47      5.06      1.76
                rw[36]     -4.24      2.65     -4.53     -8.59     -0.14      4.95      1.79
                rw[37]     -4.52      2.66     -4.91     -8.84     -0.23      5.20      1.73
                rw[38]     -4.70      2.69     -4.99     -8.87     -0.28      4.98      1.77
                rw[39]     -4.94      2.73     -5.24     -8.95     -0.20      5.15      1.73
                rw[40]     -5.16      2.73     -5.39     -9.51     -0.92      5.20      1.73
                rw[41]     -5.45      2.70     -5.85     -9.62     -0.96      5.30      1.68
                rw[42]     -5.77      2.71     -6.00     -9.54     -1.06      5.37      1.67
                rw[43]     -6.14      2.69     -6.50     -9.99     -1.35      5.42      1.66
                rw[44]     -6.52      2.74     -6.91    -10.97     -2.26      5.31      1.68
                rw[45]     -6.76      2.70     -7.12    -10.88     -2.20      5.36      1.72
                rw[46]     -6.92      2.68     -7.22    -10.86     -2.29      5.35      1.71
                rw[47]     -7.01      2.73     -7.27    -11.41     -2.64      5.30      1.71
                rw[48]     -7.05      2.72     -7.26    -11.48     -2.88      5.37      1.70
                rw[49]     -7.04      2.75     -7.25    -11.79     -2.91      5.46      1.68
                rw[50]     -7.07      2.75     -7.17    -11.22     -2.45      5.37      1.68
                rw[51]     -7.06      2.77     -7.20    -11.68     -2.91      5.38      1.69
                rw[52]     -7.01      2.81     -7.21    -11.38     -2.33      5.41      1.68
                rw[53]     -6.99      2.80     -7.21    -11.62     -2.81      5.35      1.69
                rw[54]     -6.96      2.80     -7.09    -11.62     -2.71      5.29      1.69
                rw[55]     -6.87      2.77     -7.06    -11.56     -2.76      5.26      1.70
                rw[56]     -6.83      2.76     -7.02    -11.19     -2.48      5.26      1.69
                rw[57]     -6.88      2.79     -7.12    -11.36     -2.63      5.17      1.69
                rw[58]     -6.94      2.78     -7.11    -11.58     -2.78      5.29      1.68
                rw[59]     -6.99      2.83     -7.25    -11.35     -2.28      5.42      1.65
                rw[60]     -7.00      2.80     -7.25    -11.26     -2.40      5.38      1.67
                rw[61]     -6.97      2.85     -7.27    -11.29     -2.16      5.43      1.67
                rw[62]     -6.93      2.90     -7.30    -11.09     -1.90      5.35      1.69
                rw[63]     -6.94      2.87     -7.24    -11.43     -2.36      5.51      1.67
                rw[64]     -6.92      2.85     -7.23    -11.48     -2.42      5.55      1.67
                rw[65]     -6.94      2.86     -7.30    -11.20     -2.13      5.57      1.65
                rw[66]     -6.86      2.88     -7.28    -11.17     -2.02      5.55      1.66
                rw[67]     -6.82      2.91     -7.13    -10.84     -1.52      5.41      1.66
                rw[68]     -6.68      2.89     -7.03    -10.88     -1.73      5.32      1.69
                rw[69]     -6.56      2.88     -6.75    -11.23     -1.91      5.42      1.68
                rw[70]     -6.41      2.85     -6.56    -11.32     -1.98      5.22      1.73
                rw[71]     -6.31      2.87     -6.44    -11.49     -2.14      5.24      1.72
                rw[72]     -6.26      2.86     -6.47    -10.80     -1.51      5.29      1.73
                rw[73]     -6.27      2.88     -6.46    -10.89     -1.70      5.42      1.69
                rw[74]     -6.30      2.82     -6.45    -10.78     -1.73      5.48      1.70
                rw[75]     -6.34      2.82     -6.61    -11.14     -1.99      5.41      1.72
                rw[76]     -6.44      2.82     -6.69    -10.78     -1.87      5.36      1.71
                rw[77]     -6.57      2.81     -6.90    -11.05     -1.89      5.36      1.72
                rw[78]     -6.64      2.79     -6.95    -11.15     -2.26      5.52      1.70
                rw[79]     -6.72      2.76     -7.04    -10.71     -1.91      5.49      1.70
                rw[80]     -6.73      2.75     -7.06    -10.89     -2.33      5.34      1.72
                rw[81]     -6.78      2.72     -7.11    -10.78     -2.19      5.62      1.68
                rw[82]     -6.80      2.72     -7.13    -10.78     -2.10      5.54      1.70
                rw[83]     -6.79      2.77     -7.04    -10.84     -2.17      5.50      1.69
                rw[84]     -6.86      2.72     -7.04    -10.96     -2.28      5.72      1.67
                rw[85]     -7.01      2.77     -7.22    -11.16     -2.37      5.72      1.65
                rw[86]     -7.14      2.76     -7.24    -11.28     -2.42      5.57      1.67
                rw[87]     -7.30      2.77     -7.46    -11.19     -2.42      5.73      1.66
                rw[88]     -7.40      2.78     -7.59    -11.62     -2.64      5.49      1.67
                rw[89]     -7.44      2.77     -7.70    -11.85     -2.99      5.54      1.66
                rw[90]     -7.54      2.76     -7.85    -11.72     -2.86      5.63      1.64
                rw[91]     -7.60      2.76     -7.83    -11.91     -2.98      5.51      1.66
                rw[92]     -7.69      2.76     -7.97    -11.99     -2.98      5.45      1.65
                rw[93]     -7.78      2.76     -7.97    -11.64     -2.60      5.45      1.65
                rw[94]     -7.76      2.76     -8.01    -11.84     -3.08      5.34      1.66
                rw[95]     -7.66      2.74     -7.90    -11.39     -2.61      5.36      1.65
                rw[96]     -7.61      2.72     -7.86    -11.96     -3.22      5.45      1.65
                rw[97]     -7.50      2.72     -7.80    -11.69     -3.14      5.38      1.66
                rw[98]     -7.44      2.72     -7.79    -11.39     -2.79      5.23      1.68
                rw[99]     -7.44      2.69     -7.81    -11.72     -3.05      5.22      1.67
               rw[100]     -7.41      2.66     -7.72    -11.69     -3.19      5.36      1.65
               rw[101]     -7.27      2.63     -7.47    -11.14     -2.80      5.44      1.65
               rw[102]     -7.15      2.69     -7.46    -11.07     -2.54      5.52      1.65
               rw[103]     -6.98      2.66     -7.28    -10.81     -2.48      5.50      1.66
               rw[104]     -6.89      2.67     -7.09    -10.64     -2.30      5.48      1.65
               rw[105]     -6.73      2.68     -7.04    -10.67     -2.33      5.50      1.64
               rw[106]     -6.49      2.71     -6.65    -10.70     -2.02      5.45      1.67
               rw[107]     -6.27      2.73     -6.54    -10.40     -1.64      5.26      1.71
               rw[108]     -6.13      2.68     -6.31     -9.97     -1.48      5.23      1.72
               rw[109]     -5.89      2.72     -6.16    -10.20     -1.47      5.42      1.68
               rw[110]     -5.71      2.71     -5.97     -9.44     -0.84      5.33      1.69
               rw[111]     -5.62      2.69     -5.95     -9.71     -1.26      5.29      1.69
               rw[112]     -5.44      2.69     -5.63     -9.53     -1.04      5.15      1.74
               rw[113]     -5.29      2.67     -5.54     -8.98     -0.49      5.47      1.69
               rw[114]     -5.16      2.62     -5.47     -9.60     -1.23      5.36      1.72
               rw[115]     -5.06      2.59     -5.35     -8.85     -0.61      5.36      1.69
               rw[116]     -4.89      2.62     -5.21     -9.03     -0.75      5.30      1.69
               rw[117]     -4.86      2.59     -5.12     -8.46     -0.30      5.41      1.68
               rw[118]     -4.79      2.60     -5.09     -8.90     -0.59      5.38      1.69
               rw[119]     -4.76      2.56     -4.95     -8.55     -0.40      5.38      1.67
               rw[120]     -4.74      2.56     -5.11     -8.73     -0.59      5.34      1.70
               rw[121]     -4.69      2.57     -4.96     -8.63     -0.40      5.46      1.65
               rw[122]     -4.53      2.57     -4.80     -7.95      0.16      5.30      1.68
               rw[123]     -4.34      2.61     -4.68     -8.14      0.27      5.32      1.69
               rw[124]     -4.22      2.56     -4.58     -8.26     -0.10      5.19      1.71
               rw[125]     -4.08      2.55     -4.39     -7.80      0.15      5.30      1.69
               rw[126]     -3.97      2.57     -4.28     -7.65      0.53      5.22      1.70
               rw[127]     -3.90      2.61     -4.15     -7.56      0.57      5.35      1.69
               rw[128]     -3.80      2.61     -4.00     -7.58      0.71      5.27      1.69
               rw[129]     -3.77      2.59     -4.04     -7.55      0.75      5.43      1.67
               rw[130]     -3.81      2.63     -4.09     -7.70      0.65      5.35      1.68
               rw[131]     -3.82      2.61     -4.12     -7.88      0.48      5.29      1.68
               rw[132]     -3.91      2.58     -4.18     -7.76      0.44      5.33      1.68
               rw[133]     -3.97      2.59     -4.20     -7.79      0.34      5.25      1.70
               rw[134]     -4.09      2.61     -4.34     -8.26      0.06      5.19      1.69
               rw[135]     -4.23      2.63     -4.50     -8.16      0.33      5.22      1.68
               rw[136]     -4.34      2.59     -4.58     -7.86      0.40      5.18      1.72
               rw[137]     -4.44      2.59     -4.66     -8.08      0.04      5.14      1.74
               rw[138]     -4.53      2.63     -4.82     -8.48     -0.04      5.27      1.71
               rw[139]     -4.62      2.68     -5.03     -8.55      0.09      4.96      1.74
               rw[140]     -4.70      2.66     -5.04     -8.90     -0.25      5.00      1.74
               rw[141]     -4.83      2.66     -5.18     -8.78     -0.12      5.09      1.72
               rw[142]     -4.99      2.67     -5.23     -9.21     -0.69      5.03      1.77
               rw[143]     -5.15      2.63     -5.36     -8.93     -0.39      5.10      1.76
               rw[144]     -5.34      2.68     -5.62     -9.14     -0.45      5.33      1.72
               rw[145]     -5.51      2.63     -5.86     -9.27     -0.87      5.10      1.74
               rw[146]     -5.62      2.62     -5.90    -10.01     -1.49      5.05      1.75
               rw[147]     -5.72      2.60     -5.96     -9.76     -1.60      5.07      1.73
               rw[148]     -5.84      2.64     -6.06    -10.04     -1.66      5.13      1.72
               rw[149]     -6.04      2.64     -6.31    -10.58     -2.00      5.11      1.73
               rw[150]     -6.23      2.59     -6.50     -9.96     -1.58      5.22      1.74
               rw[151]     -6.30      2.62     -6.57    -10.60     -2.14      5.24      1.72
               rw[152]     -6.33      2.64     -6.51    -10.43     -2.02      5.22      1.73
               rw[153]     -6.27      2.59     -6.55    -10.06     -1.86      5.17      1.74
               rw[154]     -6.20      2.62     -6.48     -9.83     -1.35      5.16      1.72
               rw[155]     -6.09      2.63     -6.42    -10.06     -1.71      5.19      1.73
               rw[156]     -6.05      2.64     -6.29     -9.99     -1.62      5.20      1.73
               rw[157]     -6.04      2.70     -6.31    -10.53     -1.77      5.23      1.73
               rw[158]     -6.00      2.68     -6.29     -9.95     -1.63      5.23      1.71
               rw[159]     -6.00      2.63     -6.34    -10.08     -1.82      5.19      1.72
               rw[160]     -5.93      2.61     -6.24    -10.09     -1.80      5.14      1.73
               rw[161]     -5.85      2.67     -6.09     -9.97     -1.56      5.11      1.72
               rw[162]     -5.82      2.68     -6.13     -9.93     -1.50      5.21      1.73
               rw[163]     -5.86      2.69     -6.09    -10.32     -1.66      5.21      1.74
               rw[164]     -5.82      2.64     -6.05    -10.34     -1.91      5.27      1.73
               rw[165]     -5.81      2.66     -6.12     -9.87     -1.43      5.14      1.74
               rw[166]     -5.71      2.70     -5.95    -10.06     -1.43      5.09      1.73
               rw[167]     -5.59      2.70     -5.91     -9.34     -0.86      5.10      1.73
               rw[168]     -5.52      2.64     -5.82     -9.06     -0.76      5.19      1.72
               rw[169]     -5.48      2.66     -5.78     -9.56     -1.05      5.13      1.76
               rw[170]     -5.46      2.69     -5.70     -9.67     -1.15      5.35      1.71
               rw[171]     -5.49      2.66     -5.78     -9.41     -1.05      5.29      1.71
               rw[172]     -5.41      2.65     -5.81     -9.31     -1.07      5.17      1.73
               rw[173]     -5.34      2.65     -5.72     -9.35     -1.07      5.26      1.72
               rw[174]     -5.22      2.62     -5.66     -9.34     -1.02      5.29      1.72
               rw[175]     -5.09      2.65     -5.49     -8.63     -0.41      5.18      1.72
               rw[176]     -4.98      2.69     -5.28     -8.45      0.10      5.20      1.73
               rw[177]     -4.97      2.67     -5.25     -9.11     -0.67      5.10      1.75
               rw[178]     -4.88      2.69     -5.13     -9.16     -0.49      5.35      1.70
               rw[179]     -4.81      2.68     -5.04     -8.78     -0.29      5.32      1.68
               rw[180]     -4.67      2.73     -4.99     -8.71     -0.12      5.35      1.68
               rw[181]     -4.62      2.75     -5.03     -8.86     -0.32      5.47      1.65
               rw[182]     -4.63      2.83     -4.90     -8.88     -0.05      5.81      1.62
               rw[183]     -4.65      2.91     -4.94     -9.18      0.08      6.02      1.59
               rw[184]     -4.71      3.04     -4.98     -9.82      0.09      6.64      1.52
               rw[185]     -4.74      3.18     -4.90     -9.91      0.68      7.32      1.46
                 sigma      0.22      0.02      0.22      0.19      0.26    784.71      1.00

Number of divergences: 0
