
                            mean       std    median      5.0%     95.0%     n_eff     r_hat
                    D0      0.76      0.85      0.48      0.00      1.78   1055.99      1.00
                    E0     10.76     13.61      6.01      0.00     26.07     41.70      1.12
                    H0      0.93      0.96      0.62      0.00      2.20   1459.63      1.00
                    I0      5.12      7.41      2.62      0.01     12.68     43.86      1.10
                 beta0      1.38      0.80      1.14      0.27      2.51      4.60      2.03
  confirmed_dispersion      0.26      0.05      0.26      0.18      0.35   1006.53      1.00
      death_dispersion      0.23      0.08      0.22      0.10      0.35   1164.38      1.00
            death_prob      0.01      0.00      0.01      0.01      0.02     40.52      1.00
            death_rate      0.05      0.01      0.05      0.03      0.07    359.16      1.02
           det_prob[0]      0.25      0.07      0.25      0.14      0.36    354.96      1.00
           det_prob[1]      0.24      0.07      0.23      0.12      0.36    293.79      1.00
           det_prob[2]      0.24      0.08      0.23      0.13      0.37    268.39      1.00
           det_prob[3]      0.23      0.08      0.22      0.11      0.36    247.53      1.00
           det_prob[4]      0.22      0.08      0.22      0.10      0.35    205.12      1.00
           det_prob[5]      0.22      0.08      0.21      0.09      0.35    183.75      1.00
           det_prob[6]      0.22      0.09      0.21      0.08      0.35    190.27      1.00
           det_prob[7]      0.22      0.09      0.21      0.09      0.36    193.46      1.00
           det_prob[8]      0.23      0.09      0.21      0.08      0.36    176.49      1.00
           det_prob[9]      0.23      0.09      0.21      0.08      0.37    191.78      1.00
          det_prob[10]      0.22      0.09      0.21      0.09      0.37    168.51      1.01
          det_prob[11]      0.22      0.09      0.20      0.08      0.35    152.80      1.01
          det_prob[12]      0.21      0.09      0.20      0.07      0.34    146.84      1.01
          det_prob[13]      0.21      0.09      0.20      0.07      0.35    133.64      1.01
          det_prob[14]      0.21      0.09      0.19      0.06      0.33    124.32      1.01
          det_prob[15]      0.20      0.09      0.18      0.07      0.33    111.48      1.01
          det_prob[16]      0.19      0.08      0.18      0.05      0.30    116.06      1.01
          det_prob[17]      0.18      0.08      0.17      0.05      0.30    109.99      1.01
          det_prob[18]      0.18      0.08      0.16      0.06      0.29    111.38      1.01
          det_prob[19]      0.17      0.08      0.16      0.05      0.28    102.22      1.01
          det_prob[20]      0.16      0.07      0.15      0.06      0.29     98.00      1.01
          det_prob[21]      0.16      0.07      0.15      0.04      0.27     91.09      1.00
          det_prob[22]      0.16      0.07      0.15      0.05      0.26     92.87      1.01
          det_prob[23]      0.16      0.07      0.15      0.05      0.27     89.02      1.01
          det_prob[24]      0.16      0.07      0.15      0.05      0.26     88.41      1.00
          det_prob[25]      0.15      0.07      0.14      0.05      0.26     84.50      1.00
          det_prob[26]      0.15      0.07      0.14      0.04      0.25     82.84      1.00
          det_prob[27]      0.15      0.07      0.14      0.05      0.26     84.16      1.00
          det_prob[28]      0.16      0.07      0.15      0.05      0.26     85.10      1.00
          det_prob[29]      0.16      0.07      0.15      0.05      0.27     80.55      1.00
          det_prob[30]      0.15      0.07      0.14      0.04      0.25     84.77      1.00
          det_prob[31]      0.15      0.07      0.14      0.05      0.25     80.37      1.00
          det_prob[32]      0.15      0.07      0.14      0.04      0.26     77.16      1.00
          det_prob[33]      0.15      0.08      0.14      0.04      0.26     79.09      1.00
          det_prob[34]      0.16      0.08      0.14      0.04      0.26     75.16      1.00
          det_prob[35]      0.16      0.08      0.15      0.05      0.27     74.55      1.00
          det_prob[36]      0.17      0.08      0.16      0.05      0.29     72.40      1.00
          det_prob[37]      0.18      0.09      0.16      0.06      0.31     71.63      1.00
          det_prob[38]      0.19      0.09      0.18      0.07      0.33     68.06      1.00
          det_prob[39]      0.21      0.09      0.19      0.07      0.35     66.68      1.00
          det_prob[40]      0.21      0.10      0.20      0.07      0.36     68.75      1.00
          det_prob[41]      0.22      0.10      0.20      0.07      0.36     66.74      1.00
          det_prob[42]      0.22      0.10      0.21      0.07      0.37     63.36      1.00
          det_prob[43]      0.23      0.11      0.21      0.07      0.38     62.49      1.00
          det_prob[44]      0.23      0.11      0.21      0.08      0.41     61.64      1.00
          det_prob[45]      0.24      0.12      0.21      0.08      0.42     57.33      1.00
          det_prob[46]      0.24      0.12      0.22      0.06      0.41     57.95      1.00
          det_prob[47]      0.26      0.12      0.23      0.07      0.44     55.49      1.00
          det_prob[48]      0.27      0.13      0.25      0.09      0.47     55.08      1.00
          det_prob[49]      0.29      0.13      0.26      0.09      0.49     56.49      1.00
          det_prob[50]      0.30      0.13      0.28      0.09      0.49     55.72      1.00
          det_prob[51]      0.31      0.14      0.29      0.10      0.50     53.53      1.00
          det_prob[52]      0.33      0.14      0.32      0.12      0.56     51.05      1.00
          det_prob[53]      0.34      0.14      0.32      0.11      0.56     51.70      1.00
          det_prob[54]      0.35      0.15      0.33      0.11      0.58     49.21      1.00
          det_prob[55]      0.37      0.15      0.35      0.13      0.60     51.31      1.00
          det_prob[56]      0.39      0.15      0.38      0.15      0.63     51.12      1.00
          det_prob[57]      0.40      0.15      0.40      0.16      0.65     52.22      1.00
          det_prob[58]      0.42      0.15      0.41      0.17      0.66     51.76      1.00
          det_prob[59]      0.43      0.16      0.42      0.16      0.68     49.35      1.00
          det_prob[60]      0.45      0.16      0.44      0.17      0.69     49.18      1.01
          det_prob[61]      0.46      0.16      0.45      0.19      0.72     49.56      1.01
          det_prob[62]      0.48      0.16      0.47      0.20      0.74     50.15      1.01
          det_prob[63]      0.49      0.16      0.49      0.24      0.76     49.77      1.01
          det_prob[64]      0.50      0.17      0.49      0.22      0.76     47.69      1.01
          det_prob[65]      0.51      0.17      0.50      0.27      0.81     46.81      1.01
          det_prob[66]      0.51      0.17      0.51      0.26      0.81     44.67      1.01
          det_prob[67]      0.52      0.17      0.52      0.23      0.80     45.01      1.01
          det_prob[68]      0.53      0.18      0.53      0.24      0.80     46.23      1.01
          det_prob[69]      0.54      0.18      0.54      0.26      0.83     45.30      1.01
          det_prob[70]      0.55      0.18      0.55      0.29      0.85     43.46      1.01
          det_prob[71]      0.56      0.18      0.57      0.28      0.85     42.66      1.02
          det_prob[72]      0.58      0.17      0.58      0.31      0.88     44.54      1.02
          det_prob[73]      0.59      0.17      0.59      0.32      0.88     45.26      1.01
          det_prob[74]      0.60      0.17      0.60      0.34      0.91     45.52      1.01
          det_prob[75]      0.61      0.17      0.62      0.36      0.91     45.59      1.01
          det_prob[76]      0.62      0.17      0.63      0.39      0.93     47.33      1.01
          det_prob[77]      0.63      0.17      0.65      0.39      0.92     44.98      1.01
          det_prob[78]      0.64      0.17      0.66      0.38      0.91     44.12      1.01
          det_prob[79]      0.65      0.17      0.66      0.39      0.92     44.58      1.01
          det_prob[80]      0.66      0.17      0.67      0.41      0.95     45.60      1.01
          det_prob[81]      0.66      0.17      0.68      0.42      0.95     46.05      1.01
          det_prob[82]      0.67      0.17      0.69      0.42      0.94     46.38      1.01
          det_prob[83]      0.68      0.17      0.69      0.43      0.94     47.36      1.01
          det_prob[84]      0.69      0.16      0.71      0.45      0.96     47.59      1.01
          det_prob[85]      0.70      0.16      0.71      0.47      0.96     44.85      1.01
          det_prob[86]      0.71      0.16      0.73      0.47      0.95     43.76      1.01
          det_prob[87]      0.71      0.16      0.73      0.47      0.96     44.57      1.01
          det_prob[88]      0.72      0.16      0.74      0.49      0.97     45.21      1.01
          det_prob[89]      0.73      0.16      0.75      0.50      0.96     42.81      1.01
          det_prob[90]      0.74      0.15      0.76      0.51      0.97     42.70      1.01
          det_prob[91]      0.74      0.15      0.76      0.51      0.97     42.90      1.01
          det_prob[92]      0.75      0.15      0.77      0.52      0.98     41.22      1.01
          det_prob[93]      0.75      0.15      0.78      0.53      0.98     41.30      1.01
          det_prob[94]      0.76      0.15      0.78      0.52      0.98     39.29      1.01
          det_prob[95]      0.76      0.16      0.79      0.53      0.97     37.50      1.01
          det_prob[96]      0.76      0.15      0.79      0.53      0.98     36.91      1.01
          det_prob[97]      0.77      0.15      0.80      0.55      0.98     35.75      1.01
          det_prob[98]      0.77      0.15      0.80      0.56      0.98     35.57      1.01
          det_prob[99]      0.77      0.15      0.81      0.56      0.99     35.35      1.01
         det_prob[100]      0.78      0.15      0.81      0.56      0.98     33.69      1.01
         det_prob[101]      0.78      0.16      0.81      0.56      0.99     34.55      1.01
         det_prob[102]      0.77      0.16      0.81      0.53      0.99     34.44      1.01
         det_prob[103]      0.77      0.16      0.81      0.53      0.99     34.74      1.01
         det_prob[104]      0.77      0.16      0.81      0.53      0.99     33.00      1.01
         det_prob[105]      0.78      0.16      0.81      0.53      0.99     32.21      1.01
         det_prob[106]      0.78      0.16      0.82      0.53      0.99     30.66      1.01
         det_prob[107]      0.78      0.17      0.82      0.52      0.99     29.34      1.01
         det_prob[108]      0.77      0.17      0.82      0.51      0.99     29.17      1.01
         det_prob[109]      0.78      0.17      0.82      0.53      0.99     29.47      1.01
         det_prob[110]      0.78      0.17      0.82      0.52      0.99     29.27      1.02
         det_prob[111]      0.78      0.17      0.82      0.53      0.99     29.09      1.01
         det_prob[112]      0.78      0.17      0.82      0.53      0.99     29.53      1.02
         det_prob[113]      0.78      0.17      0.83      0.52      0.99     30.09      1.02
         det_prob[114]      0.79      0.17      0.83      0.53      0.99     30.48      1.02
         det_prob[115]      0.78      0.17      0.83      0.53      0.99     29.77      1.02
         det_prob[116]      0.78      0.17      0.82      0.53      1.00     29.61      1.02
         det_prob[117]      0.78      0.18      0.82      0.52      0.99     29.38      1.02
         det_prob[118]      0.78      0.18      0.83      0.51      1.00     29.46      1.01
         det_prob[119]      0.78      0.18      0.83      0.52      1.00     28.75      1.01
         det_prob[120]      0.78      0.19      0.83      0.50      1.00     28.46      1.01
         det_prob[121]      0.77      0.19      0.83      0.49      1.00     28.24      1.02
         det_prob[122]      0.77      0.20      0.83      0.47      1.00     28.04      1.02
         det_prob[123]      0.77      0.20      0.83      0.46      0.99     28.25      1.02
         det_prob[124]      0.77      0.20      0.83      0.44      1.00     28.39      1.02
         det_prob[125]      0.77      0.20      0.83      0.46      1.00     29.29      1.02
         det_prob[126]      0.77      0.20      0.82      0.45      1.00     29.63      1.02
         det_prob[127]      0.77      0.21      0.83      0.47      1.00     30.34      1.02
         det_prob[128]      0.77      0.20      0.83      0.46      1.00     30.47      1.02
         det_prob[129]      0.77      0.20      0.83      0.47      1.00     30.86      1.02
         det_prob[130]      0.77      0.20      0.83      0.47      1.00     31.81      1.02
         det_prob[131]      0.77      0.20      0.83      0.47      1.00     31.25      1.01
         det_prob[132]      0.77      0.20      0.83      0.48      1.00     31.37      1.02
         det_prob[133]      0.78      0.20      0.84      0.49      1.00     31.70      1.02
         det_prob[134]      0.78      0.19      0.84      0.49      1.00     31.35      1.02
         det_prob[135]      0.79      0.19      0.84      0.50      1.00     32.21      1.02
         det_prob[136]      0.79      0.19      0.84      0.51      1.00     31.97      1.02
         det_prob[137]      0.79      0.19      0.85      0.51      1.00     31.77      1.02
         det_prob[138]      0.79      0.19      0.85      0.50      1.00     31.40      1.02
         det_prob[139]      0.79      0.19      0.85      0.50      1.00     31.67      1.02
         det_prob[140]      0.79      0.19      0.85      0.50      1.00     31.74      1.01
         det_prob[141]      0.80      0.19      0.86      0.52      1.00     31.82      1.02
         det_prob[142]      0.80      0.18      0.86      0.52      1.00     31.99      1.02
         det_prob[143]      0.80      0.18      0.86      0.53      1.00     32.21      1.02
         det_prob[144]      0.80      0.19      0.86      0.53      1.00     32.15      1.01
         det_prob[145]      0.81      0.18      0.87      0.52      1.00     32.72      1.01
         det_prob[146]      0.81      0.18      0.87      0.53      1.00     33.07      1.01
         det_prob[147]      0.81      0.18      0.87      0.53      1.00     32.63      1.01
         det_prob[148]      0.81      0.18      0.88      0.55      1.00     32.89      1.01
         det_prob[149]      0.81      0.18      0.88      0.52      1.00     33.37      1.01
         det_prob[150]      0.81      0.19      0.87      0.51      1.00     33.10      1.01
         det_prob[151]      0.81      0.19      0.87      0.50      1.00     33.17      1.01
         det_prob[152]      0.81      0.19      0.87      0.51      1.00     32.88      1.01
         det_prob[153]      0.81      0.19      0.87      0.50      1.00     32.86      1.01
         det_prob[154]      0.81      0.20      0.88      0.48      1.00     32.95      1.01
         det_prob[155]      0.81      0.20      0.88      0.50      1.00     32.43      1.01
         det_prob[156]      0.81      0.20      0.88      0.49      1.00     32.81      1.01
         det_prob[157]      0.81      0.19      0.88      0.50      1.00     32.80      1.01
         det_prob[158]      0.81      0.20      0.88      0.50      1.00     31.18      1.01
         det_prob[159]      0.81      0.19      0.88      0.49      1.00     30.40      1.01
         det_prob[160]      0.81      0.19      0.88      0.51      1.00     30.36      1.01
         det_prob[161]      0.82      0.18      0.89      0.53      1.00     31.34      1.01
         det_prob[162]      0.82      0.18      0.88      0.53      1.00     31.27      1.01
         det_prob[163]      0.83      0.18      0.89      0.55      1.00     30.80      1.01
         det_prob[164]      0.83      0.18      0.90      0.55      1.00     31.18      1.01
         det_prob[165]      0.83      0.17      0.89      0.56      1.00     31.61      1.01
         det_prob[166]      0.83      0.17      0.89      0.56      1.00     31.86      1.01
         det_prob[167]      0.83      0.17      0.90      0.57      1.00     32.04      1.01
         det_prob[168]      0.83      0.17      0.90      0.57      1.00     32.17      1.01
         det_prob[169]      0.83      0.17      0.89      0.57      1.00     33.20      1.01
         det_prob[170]      0.83      0.17      0.90      0.57      1.00     32.75      1.01
         det_prob[171]      0.83      0.17      0.90      0.56      1.00     33.24      1.01
         det_prob[172]      0.83      0.18      0.90      0.57      1.00     34.28      1.01
         det_prob[173]      0.83      0.18      0.90      0.56      1.00     35.27      1.01
         det_prob[174]      0.83      0.17      0.90      0.56      1.00     35.40      1.00
         det_prob[175]      0.83      0.17      0.90      0.55      1.00     35.62      1.00
         det_prob[176]      0.83      0.17      0.90      0.55      1.00     35.86      1.00
         det_prob[177]      0.84      0.17      0.90      0.56      1.00     37.14      1.00
         det_prob[178]      0.84      0.17      0.91      0.56      1.00     37.22      1.00
         det_prob[179]      0.83      0.17      0.90      0.55      1.00     37.67      1.00
         det_prob[180]      0.83      0.18      0.90      0.54      1.00     37.58      1.00
         det_prob[181]      0.83      0.18      0.90      0.54      1.00     38.13      1.00
         det_prob[182]      0.83      0.18      0.91      0.55      1.00     37.63      1.01
         det_prob[183]      0.83      0.18      0.90      0.54      1.00     37.08      1.01
         det_prob[184]      0.83      0.18      0.91      0.53      1.00     38.35      1.01
         det_prob[185]      0.83      0.18      0.91      0.55      1.00     39.31      1.01
             det_prob0      0.26      0.06      0.26      0.17      0.37    443.37      1.00
            det_prob_d      0.90      0.03      0.90      0.85      0.94   1710.02      1.00
                 gamma      0.49      0.05      0.49      0.41      0.56   1027.65      1.02
                 rw[0]     -0.06      1.05     -0.06     -1.91      1.53     31.18      1.12
                 rw[1]     -0.03      1.50      0.03     -2.69      2.19     17.36      1.23
                 rw[2]      0.04      1.84      0.04     -2.66      3.32     11.38      1.34
                 rw[3]      0.23      2.12      0.25     -3.48      3.34      8.39      1.45
                 rw[4]      0.43      2.38      0.40     -3.56      4.27      7.61      1.51
                 rw[5]      0.70      2.55      0.63     -3.77      4.40      6.74      1.60
                 rw[6]      0.95      2.76      0.87     -3.13      5.64      6.02      1.67
                 rw[7]      1.15      2.93      1.09     -3.67      5.65      5.69      1.75
                 rw[8]      1.27      3.03      1.16     -3.30      6.34      5.72      1.77
                 rw[9]      1.33      3.16      1.21     -3.82      6.06      5.49      1.78
                rw[10]      1.33      3.21      1.20     -3.55      6.71      5.27      1.83
                rw[11]      1.27      3.26      1.19     -4.20      6.05      5.20      1.86
                rw[12]      1.21      3.27      1.11     -3.75      6.58      5.12      1.88
                rw[13]      1.09      3.34      0.93     -4.71      5.85      5.16      1.89
                rw[14]      0.88      3.35      0.74     -4.67      5.94      5.17      1.89
                rw[15]      0.69      3.40      0.58     -4.66      6.30      5.18      1.90
                rw[16]      0.55      3.38      0.40     -4.77      5.95      5.19      1.94
                rw[17]      0.25      3.40      0.14     -5.13      5.79      5.14      1.94
                rw[18]     -0.09      3.42     -0.18     -5.30      5.39      5.28      1.92
                rw[19]     -0.48      3.44     -0.68     -5.94      5.27      5.29      1.92
                rw[20]     -0.76      3.49     -0.76     -6.37      4.78      5.08      1.95
                rw[21]     -1.20      3.51     -1.28     -7.34      3.99      5.19      1.89
                rw[22]     -1.63      3.47     -1.60     -7.15      3.94      5.15      1.92
                rw[23]     -2.03      3.48     -2.08     -7.55      3.47      5.07      1.92
                rw[24]     -2.49      3.49     -2.68     -7.87      3.18      5.10      1.91
                rw[25]     -2.90      3.47     -3.04     -8.33      2.57      4.98      1.92
                rw[26]     -3.27      3.49     -3.46     -8.32      2.77      5.22      1.88
                rw[27]     -3.66      3.56     -3.70     -9.27      1.99      4.97      1.91
                rw[28]     -4.01      3.48     -4.09     -9.55      1.45      4.90      1.90
                rw[29]     -4.39      3.45     -4.45     -9.70      1.33      4.93      1.92
                rw[30]     -4.78      3.51     -4.81    -10.72      0.44      5.00      1.90
                rw[31]     -5.04      3.53     -5.04    -10.72      0.38      5.05      1.91
                rw[32]     -5.27      3.54     -5.39    -11.26      0.02      5.07      1.87
                rw[33]     -5.44      3.51     -5.68    -11.12      0.33      5.10      1.86
                rw[34]     -5.68      3.47     -5.86    -10.92      0.11      5.15      1.87
                rw[35]     -5.87      3.47     -5.92    -11.69     -0.54      5.09      1.87
                rw[36]     -5.97      3.53     -6.08    -11.76     -0.51      5.11      1.85
                rw[37]     -6.09      3.52     -6.25    -12.30     -1.00      5.18      1.85
                rw[38]     -6.32      3.53     -6.43    -12.01     -0.56      5.05      1.85
                rw[39]     -6.51      3.50     -6.68    -12.16     -0.93      5.16      1.85
                rw[40]     -6.78      3.48     -7.03    -12.15     -0.98      5.19      1.83
                rw[41]     -6.93      3.43     -7.05    -12.26     -1.43      4.93      1.88
                rw[42]     -7.06      3.46     -7.26    -12.57     -1.55      5.03      1.87
                rw[43]     -7.14      3.42     -7.20    -13.05     -2.02      4.86      1.90
                rw[44]     -7.20      3.43     -7.34    -12.73     -1.74      4.89      1.92
                rw[45]     -7.17      3.42     -7.40    -12.93     -1.96      5.05      1.88
                rw[46]     -7.07      3.47     -7.24    -12.58     -1.57      5.09      1.86
                rw[47]     -6.94      3.42     -7.14    -12.53     -1.66      5.16      1.86
                rw[48]     -6.80      3.46     -7.10    -12.94     -1.92      5.35      1.83
                rw[49]     -6.61      3.48     -6.73    -12.42     -1.40      5.26      1.83
                rw[50]     -6.40      3.48     -6.43    -12.18     -1.04      5.22      1.84
                rw[51]     -6.17      3.47     -6.29    -12.12     -1.11      5.36      1.81
                rw[52]     -5.88      3.46     -6.03    -12.14     -0.95      5.43      1.82
                rw[53]     -5.61      3.45     -5.82    -11.19     -0.21      5.45      1.81
                rw[54]     -5.32      3.43     -5.46    -11.76     -0.57      5.60      1.82
                rw[55]     -5.07      3.44     -5.27    -10.69      0.41      5.58      1.84
                rw[56]     -4.90      3.50     -4.82    -10.34      1.08      5.19      1.86
                rw[57]     -4.77      3.52     -4.62    -10.85      0.43      5.08      1.90
                rw[58]     -4.65      3.46     -4.64     -9.84      1.29      5.16      1.93
                rw[59]     -4.50      3.51     -4.53     -9.80      1.36      5.17      1.94
                rw[60]     -4.35      3.52     -4.58     -9.66      1.42      5.04      1.96
                rw[61]     -4.23      3.50     -4.40     -9.56      1.38      4.91      2.00
                rw[62]     -4.12      3.50     -4.19    -10.02      1.19      4.95      1.97
                rw[63]     -4.07      3.48     -4.05     -9.63      1.58      5.29      1.91
                rw[64]     -4.14      3.45     -4.21     -9.77      1.12      5.28      1.91
                rw[65]     -4.18      3.45     -4.40    -10.02      1.13      5.23      1.94
                rw[66]     -4.14      3.44     -4.38     -9.45      1.61      5.32      1.92
                rw[67]     -4.11      3.45     -4.31     -9.85      1.27      5.48      1.90
                rw[68]     -4.08      3.42     -4.21     -9.62      1.28      5.48      1.90
                rw[69]     -4.05      3.38     -4.17     -9.31      1.30      5.34      1.90
                rw[70]     -4.08      3.38     -4.21     -9.81      1.00      5.35      1.90
                rw[71]     -4.10      3.38     -4.20     -9.06      1.70      5.41      1.89
                rw[72]     -4.14      3.41     -4.23     -9.38      1.29      5.27      1.91
                rw[73]     -4.23      3.44     -4.21     -9.77      1.31      5.28      1.90
                rw[74]     -4.34      3.43     -4.46     -9.61      1.40      5.35      1.88
                rw[75]     -4.49      3.42     -4.60     -9.94      0.89      5.41      1.86
                rw[76]     -4.65      3.47     -4.92    -10.03      0.95      5.50      1.84
                rw[77]     -4.86      3.43     -5.03    -10.11      0.41      5.54      1.85
                rw[78]     -5.15      3.41     -5.32    -10.62      0.27      5.78      1.82
                rw[79]     -5.39      3.35     -5.53    -10.91     -0.22      5.86      1.81
                rw[80]     -5.60      3.37     -5.80    -10.98     -0.09      5.42      1.88
                rw[81]     -5.77      3.34     -5.95    -10.77      0.18      5.70      1.85
                rw[82]     -5.94      3.38     -6.12    -11.76     -1.10      5.58      1.84
                rw[83]     -6.01      3.37     -6.22    -11.20     -0.60      5.19      1.90
                rw[84]     -6.05      3.38     -6.24    -11.39     -0.72      5.35      1.87
                rw[85]     -6.13      3.39     -6.37    -11.41     -0.53      5.16      1.88
                rw[86]     -6.14      3.41     -6.38    -11.83     -1.06      4.98      1.91
                rw[87]     -6.10      3.41     -6.33    -11.64     -0.80      5.16      1.88
                rw[88]     -6.05      3.45     -6.16    -11.82     -0.77      5.23      1.86
                rw[89]     -5.98      3.39     -6.07    -11.34     -0.76      5.26      1.88
                rw[90]     -5.92      3.42     -5.87    -11.37     -0.52      5.14      1.88
                rw[91]     -5.78      3.41     -5.98    -11.64     -0.77      5.08      1.89
                rw[92]     -5.66      3.41     -5.84    -11.31     -0.44      5.06      1.88
                rw[93]     -5.56      3.37     -5.73    -11.29     -0.51      4.85      1.91
                rw[94]     -5.47      3.38     -5.56    -10.94     -0.12      4.96      1.89
                rw[95]     -5.36      3.35     -5.43    -10.66      0.02      4.82      1.91
                rw[96]     -5.26      3.39     -5.36    -10.31      0.48      5.01      1.88
                rw[97]     -5.07      3.33     -5.19    -10.21      0.54      5.08      1.86
                rw[98]     -4.98      3.34     -5.12    -10.57      0.31      5.01      1.88
                rw[99]     -4.90      3.36     -4.99    -10.68      0.06      5.18      1.87
               rw[100]     -4.84      3.32     -4.79    -10.17      0.33      5.15      1.90
               rw[101]     -4.75      3.29     -4.72    -10.59     -0.26      5.17      1.91
               rw[102]     -4.56      3.37     -4.58     -9.70      1.07      4.89      1.95
               rw[103]     -4.45      3.38     -4.60     -9.72      0.78      5.11      1.91
               rw[104]     -4.28      3.38     -4.33    -10.01      0.79      5.10      1.90
               rw[105]     -4.14      3.39     -4.18     -9.31      1.42      4.89      1.90
               rw[106]     -4.00      3.39     -4.06     -9.43      1.26      4.89      1.92
               rw[107]     -3.96      3.40     -4.02     -9.50      1.21      4.81      1.94
               rw[108]     -3.84      3.42     -3.93     -9.37      1.43      4.76      1.93
               rw[109]     -3.74      3.40     -3.94     -9.27      1.52      4.78      1.93
               rw[110]     -3.70      3.36     -3.83     -9.42      1.23      4.83      1.91
               rw[111]     -3.69      3.42     -3.87     -8.75      1.99      4.84      1.89
               rw[112]     -3.78      3.47     -3.94     -9.07      1.74      4.93      1.88
               rw[113]     -3.92      3.50     -4.04     -9.86      1.25      4.90      1.93
               rw[114]     -4.15      3.49     -4.07     -9.83      1.05      4.96      1.94
               rw[115]     -4.40      3.45     -4.62     -9.84      0.97      5.15      1.93
               rw[116]     -4.63      3.43     -4.84     -9.75      1.14      4.96      1.94
               rw[117]     -4.84      3.42     -5.23    -10.08      0.84      5.17      1.91
               rw[118]     -5.07      3.38     -5.32    -10.28      0.37      5.16      1.93
               rw[119]     -5.31      3.39     -5.40    -10.63      0.28      5.28      1.87
               rw[120]     -5.51      3.43     -5.47    -10.96      0.06      5.31      1.88
               rw[121]     -5.62      3.44     -5.68    -11.16     -0.28      5.14      1.92
               rw[122]     -5.74      3.47     -5.77    -11.40     -0.06      5.38      1.86
               rw[123]     -5.76      3.50     -5.72    -11.44     -0.21      5.27      1.88
               rw[124]     -5.72      3.49     -5.74    -10.89      0.24      5.13      1.90
               rw[125]     -5.62      3.54     -5.70    -11.33     -0.01      5.17      1.92
               rw[126]     -5.54      3.51     -5.62    -11.69     -0.43      5.13      1.91
               rw[127]     -5.42      3.48     -5.53    -11.10     -0.15      5.18      1.92
               rw[128]     -5.32      3.44     -5.45    -11.05     -0.06      5.45      1.88
               rw[129]     -5.20      3.43     -5.27    -10.39      0.45      5.42      1.88
               rw[130]     -5.07      3.41     -5.12    -10.48      0.07      5.15      1.91
               rw[131]     -4.91      3.40     -4.88    -10.23      0.41      5.15      1.91
               rw[132]     -4.80      3.42     -4.93     -9.96      0.65      5.00      1.92
               rw[133]     -4.72      3.36     -4.89     -9.69      1.05      5.07      1.89
               rw[134]     -4.74      3.35     -4.87    -10.20      0.33      5.09      1.88
               rw[135]     -4.71      3.37     -4.80     -9.80      0.85      5.11      1.91
               rw[136]     -4.74      3.41     -4.91    -10.26      0.59      5.19      1.88
               rw[137]     -4.78      3.42     -4.92    -10.77      0.14      5.06      1.91
               rw[138]     -4.74      3.42     -4.84    -10.68      0.45      5.12      1.89
               rw[139]     -4.77      3.40     -4.88     -9.93      1.08      5.13      1.88
               rw[140]     -4.80      3.39     -4.94    -10.65      0.34      5.18      1.89
               rw[141]     -4.81      3.40     -4.93    -10.25      0.50      5.12      1.91
               rw[142]     -4.87      3.38     -4.94    -10.15      0.70      5.20      1.88
               rw[143]     -4.95      3.37     -5.09    -10.48      0.36      5.08      1.92
               rw[144]     -5.00      3.35     -5.23    -10.05      0.48      5.29      1.89
               rw[145]     -5.04      3.40     -5.19    -10.42      0.32      5.23      1.87
               rw[146]     -5.14      3.38     -5.18    -10.86      0.07      5.14      1.89
               rw[147]     -5.22      3.38     -5.31    -10.44      0.50      5.14      1.89
               rw[148]     -5.20      3.42     -5.31    -10.90      0.29      5.28      1.88
               rw[149]     -5.21      3.37     -5.34    -10.43      0.66      5.09      1.90
               rw[150]     -5.27      3.38     -5.39    -11.13     -0.26      5.08      1.89
               rw[151]     -5.17      3.41     -5.30    -10.53      0.46      5.16      1.87
               rw[152]     -5.06      3.50     -5.24    -11.07      0.27      5.31      1.87
               rw[153]     -4.92      3.47     -4.95    -10.12      1.10      5.18      1.88
               rw[154]     -4.74      3.50     -4.70    -10.43      0.98      5.41      1.86
               rw[155]     -4.50      3.50     -4.50    -10.58      0.80      5.31      1.87
               rw[156]     -4.24      3.46     -4.32     -9.42      1.65      5.10      1.90
               rw[157]     -4.03      3.43     -4.09     -9.02      1.87      5.35      1.88
               rw[158]     -3.82      3.45     -3.99     -9.41      1.61      5.23      1.93
               rw[159]     -3.54      3.41     -3.63     -9.54      1.12      4.92      1.98
               rw[160]     -3.41      3.44     -3.47     -9.00      2.00      5.07      1.94
               rw[161]     -3.28      3.38     -3.43     -8.47      2.42      5.23      1.90
               rw[162]     -3.24      3.36     -3.35     -8.58      1.96      5.04      1.93
               rw[163]     -3.34      3.32     -3.48     -8.22      2.27      5.02      1.93
               rw[164]     -3.41      3.25     -3.58     -8.50      1.75      5.26      1.88
               rw[165]     -3.48      3.26     -3.68     -8.43      1.82      5.21      1.88
               rw[166]     -3.64      3.25     -3.81     -8.80      1.45      5.36      1.84
               rw[167]     -3.78      3.29     -3.95     -9.01      1.46      5.17      1.88
               rw[168]     -3.85      3.27     -3.89     -9.37      0.88      5.13      1.88
               rw[169]     -3.95      3.27     -4.04     -9.37      0.94      5.06      1.92
               rw[170]     -4.08      3.25     -4.17     -9.61      0.82      5.23      1.88
               rw[171]     -4.10      3.26     -4.23     -9.22      0.87      5.26      1.88
               rw[172]     -4.12      3.34     -4.28     -9.60      1.06      5.37      1.88
               rw[173]     -4.16      3.37     -4.37     -9.40      1.41      5.17      1.90
               rw[174]     -4.11      3.38     -4.13     -9.52      1.33      5.08      1.91
               rw[175]     -4.08      3.37     -4.10     -9.04      1.61      5.12      1.91
               rw[176]     -4.13      3.38     -4.33     -9.32      1.47      5.20      1.87
               rw[177]     -4.17      3.44     -4.36     -9.60      1.23      5.21      1.86
               rw[178]     -4.19      3.44     -4.37     -9.91      1.09      5.43      1.84
               rw[179]     -4.24      3.52     -4.28     -9.24      2.04      5.51      1.83
               rw[180]     -4.21      3.64     -4.33    -10.07      1.27      5.75      1.80
               rw[181]     -4.18      3.59     -4.32    -10.00      1.46      5.99      1.76
               rw[182]     -4.15      3.66     -4.29     -9.94      1.75      6.16      1.70
               rw[183]     -4.17      3.77     -4.30    -10.31      1.82      6.27      1.68
               rw[184]     -4.04      3.91     -4.31     -9.83      2.97      6.89      1.64
               rw[185]     -4.09      4.08     -4.28    -10.20      2.82      7.32      1.60
                 sigma      0.23      0.02      0.23      0.19      0.27    991.96      1.01

Number of divergences: 0
