
                            mean       std    median      5.0%     95.0%     n_eff     r_hat
                    D0      0.90      1.33      0.54      0.00      2.07   1113.40      1.00
                    E0     11.74     14.56      7.19      0.01     28.82    267.34      1.04
                    H0      2.45      1.83      2.08      0.00      4.76   1587.69      1.00
                    I0      4.30      5.36      2.23      0.01     11.11    103.31      1.08
                 beta0      2.10      0.99      1.91      0.74      3.54      9.69      1.55
  confirmed_dispersion      0.37      0.06      0.36      0.27      0.46   1343.30      1.00
      death_dispersion      0.40      0.04      0.40      0.34      0.46   1804.71      1.00
            death_prob      0.01      0.00      0.01      0.01      0.02     53.77      1.00
            death_rate      0.06      0.01      0.06      0.05      0.07    111.45      1.01
           det_prob[0]      0.21      0.06      0.21      0.11      0.30    207.65      1.00
           det_prob[1]      0.20      0.06      0.19      0.09      0.28    183.65      1.00
           det_prob[2]      0.18      0.06      0.17      0.08      0.27    147.11      1.00
           det_prob[3]      0.17      0.06      0.16      0.07      0.26    140.10      1.00
           det_prob[4]      0.16      0.06      0.15      0.06      0.24    130.95      1.00
           det_prob[5]      0.15      0.06      0.14      0.05      0.23    127.04      1.00
           det_prob[6]      0.14      0.06      0.13      0.05      0.23    122.26      1.00
           det_prob[7]      0.13      0.06      0.12      0.05      0.21    125.62      1.00
           det_prob[8]      0.13      0.05      0.12      0.05      0.21    123.86      1.00
           det_prob[9]      0.12      0.05      0.11      0.05      0.20    120.53      1.00
          det_prob[10]      0.11      0.05      0.10      0.03      0.17    120.72      1.00
          det_prob[11]      0.11      0.04      0.10      0.04      0.17    115.55      1.00
          det_prob[12]      0.10      0.04      0.09      0.04      0.16    115.50      1.00
          det_prob[13]      0.09      0.04      0.09      0.03      0.15    117.71      1.00
          det_prob[14]      0.09      0.04      0.08      0.03      0.14    123.37      1.00
          det_prob[15]      0.09      0.03      0.08      0.04      0.14    126.98      1.00
          det_prob[16]      0.08      0.03      0.08      0.03      0.13    134.96      1.00
          det_prob[17]      0.08      0.03      0.07      0.03      0.13    134.62      1.00
          det_prob[18]      0.08      0.03      0.07      0.03      0.13    138.02      1.00
          det_prob[19]      0.07      0.03      0.07      0.03      0.12    142.30      1.00
          det_prob[20]      0.07      0.03      0.07      0.03      0.12    141.89      1.00
          det_prob[21]      0.07      0.03      0.07      0.03      0.11    144.25      1.00
          det_prob[22]      0.07      0.03      0.07      0.03      0.11    137.75      1.00
          det_prob[23]      0.07      0.03      0.07      0.03      0.12    135.11      1.00
          det_prob[24]      0.08      0.03      0.07      0.03      0.12    128.70      1.00
          det_prob[25]      0.08      0.03      0.07      0.03      0.12    129.11      1.00
          det_prob[26]      0.08      0.03      0.07      0.04      0.13    128.27      1.00
          det_prob[27]      0.08      0.03      0.08      0.04      0.13    118.32      1.00
          det_prob[28]      0.09      0.03      0.08      0.04      0.13    120.16      1.01
          det_prob[29]      0.09      0.04      0.08      0.04      0.14    117.08      1.01
          det_prob[30]      0.09      0.04      0.08      0.04      0.14    127.20      1.01
          det_prob[31]      0.09      0.04      0.09      0.04      0.15    130.80      1.01
          det_prob[32]      0.10      0.04      0.09      0.04      0.16    126.22      1.01
          det_prob[33]      0.10      0.04      0.09      0.04      0.16    123.57      1.01
          det_prob[34]      0.10      0.04      0.10      0.04      0.16    121.07      1.01
          det_prob[35]      0.11      0.04      0.10      0.04      0.16    122.76      1.01
          det_prob[36]      0.11      0.04      0.10      0.05      0.17    121.68      1.01
          det_prob[37]      0.11      0.04      0.10      0.05      0.17    123.51      1.01
          det_prob[38]      0.12      0.05      0.11      0.05      0.19    106.57      1.01
          det_prob[39]      0.13      0.05      0.12      0.05      0.19    102.06      1.01
          det_prob[40]      0.13      0.05      0.12      0.05      0.20    104.07      1.01
          det_prob[41]      0.14      0.05      0.13      0.06      0.21    103.77      1.01
          det_prob[42]      0.14      0.06      0.14      0.06      0.23    103.00      1.00
          det_prob[43]      0.15      0.06      0.14      0.07      0.24     95.89      1.01
          det_prob[44]      0.16      0.06      0.15      0.07      0.25     91.71      1.01
          det_prob[45]      0.17      0.07      0.16      0.06      0.26     84.76      1.01
          det_prob[46]      0.18      0.07      0.17      0.06      0.28     83.36      1.01
          det_prob[47]      0.20      0.07      0.18      0.07      0.30     78.88      1.01
          det_prob[48]      0.21      0.08      0.20      0.09      0.33     74.99      1.01
          det_prob[49]      0.23      0.09      0.22      0.10      0.36     69.36      1.01
          det_prob[50]      0.24      0.09      0.23      0.11      0.39     66.01      1.01
          det_prob[51]      0.25      0.10      0.24      0.10      0.39     59.25      1.01
          det_prob[52]      0.27      0.10      0.25      0.12      0.43     59.94      1.00
          det_prob[53]      0.28      0.11      0.26      0.11      0.44     62.20      1.00
          det_prob[54]      0.30      0.11      0.28      0.12      0.47     61.05      1.00
          det_prob[55]      0.32      0.12      0.30      0.13      0.50     53.99      1.00
          det_prob[56]      0.33      0.12      0.32      0.12      0.50     52.80      1.00
          det_prob[57]      0.34      0.13      0.33      0.14      0.54     52.45      1.00
          det_prob[58]      0.35      0.13      0.34      0.14      0.55     54.26      1.00
          det_prob[59]      0.36      0.14      0.34      0.12      0.55     51.48      1.00
          det_prob[60]      0.37      0.14      0.35      0.15      0.59     49.85      1.00
          det_prob[61]      0.38      0.14      0.36      0.15      0.61     51.84      1.00
          det_prob[62]      0.40      0.15      0.38      0.14      0.61     53.17      1.00
          det_prob[63]      0.41      0.15      0.40      0.17      0.64     52.19      1.00
          det_prob[64]      0.42      0.15      0.42      0.18      0.66     51.90      1.00
          det_prob[65]      0.44      0.15      0.43      0.19      0.67     48.50      1.00
          det_prob[66]      0.45      0.15      0.45      0.21      0.69     49.57      1.00
          det_prob[67]      0.47      0.16      0.46      0.21      0.72     50.35      1.00
          det_prob[68]      0.48      0.16      0.49      0.23      0.74     50.44      1.00
          det_prob[69]      0.50      0.16      0.51      0.25      0.77     51.09      1.00
          det_prob[70]      0.52      0.16      0.52      0.26      0.77     48.77      1.00
          det_prob[71]      0.53      0.16      0.54      0.27      0.79     48.75      1.00
          det_prob[72]      0.55      0.16      0.55      0.29      0.81     46.01      1.00
          det_prob[73]      0.56      0.17      0.56      0.28      0.81     45.18      1.01
          det_prob[74]      0.57      0.16      0.57      0.31      0.83     45.31      1.01
          det_prob[75]      0.58      0.16      0.59      0.33      0.85     45.40      1.01
          det_prob[76]      0.59      0.16      0.60      0.33      0.87     44.91      1.01
          det_prob[77]      0.60      0.17      0.60      0.31      0.85     43.48      1.01
          det_prob[78]      0.61      0.17      0.62      0.34      0.88     42.52      1.01
          det_prob[79]      0.61      0.17      0.63      0.37      0.92     43.56      1.01
          det_prob[80]      0.62      0.17      0.63      0.37      0.93     42.32      1.01
          det_prob[81]      0.63      0.17      0.64      0.36      0.91     43.38      1.02
          det_prob[82]      0.64      0.17      0.65      0.37      0.92     41.50      1.02
          det_prob[83]      0.65      0.17      0.67      0.38      0.92     39.83      1.02
          det_prob[84]      0.66      0.17      0.68      0.40      0.93     39.97      1.02
          det_prob[85]      0.67      0.17      0.69      0.41      0.93     41.58      1.02
          det_prob[86]      0.68      0.17      0.70      0.43      0.94     39.86      1.02
          det_prob[87]      0.68      0.17      0.71      0.44      0.95     38.99      1.02
          det_prob[88]      0.68      0.17      0.71      0.45      0.95     37.05      1.02
          det_prob[89]      0.69      0.17      0.71      0.45      0.95     35.70      1.02
          det_prob[90]      0.69      0.17      0.72      0.45      0.96     34.37      1.03
          det_prob[91]      0.70      0.17      0.72      0.46      0.96     33.37      1.03
          det_prob[92]      0.70      0.17      0.74      0.46      0.96     32.86      1.03
          det_prob[93]      0.70      0.18      0.74      0.44      0.96     31.81      1.03
          det_prob[94]      0.69      0.18      0.73      0.41      0.95     31.22      1.04
          det_prob[95]      0.69      0.19      0.73      0.42      0.97     31.15      1.03
          det_prob[96]      0.70      0.19      0.73      0.41      0.97     30.54      1.03
          det_prob[97]      0.70      0.19      0.74      0.40      0.97     30.90      1.03
          det_prob[98]      0.71      0.19      0.74      0.41      0.97     31.42      1.03
          det_prob[99]      0.71      0.19      0.74      0.41      0.97     30.46      1.04
         det_prob[100]      0.71      0.19      0.75      0.42      0.97     30.01      1.04
         det_prob[101]      0.72      0.18      0.76      0.44      0.99     29.95      1.04
         det_prob[102]      0.72      0.18      0.76      0.45      0.98     29.11      1.04
         det_prob[103]      0.73      0.18      0.77      0.47      0.99     28.83      1.04
         det_prob[104]      0.74      0.18      0.78      0.46      0.98     28.80      1.04
         det_prob[105]      0.75      0.18      0.79      0.49      0.99     28.91      1.03
         det_prob[106]      0.76      0.17      0.79      0.51      0.99     28.65      1.03
         det_prob[107]      0.76      0.17      0.79      0.51      0.99     28.62      1.03
         det_prob[108]      0.76      0.17      0.80      0.50      0.99     28.13      1.04
         det_prob[109]      0.77      0.17      0.81      0.52      0.99     29.00      1.04
         det_prob[110]      0.77      0.17      0.81      0.53      0.99     28.82      1.04
         det_prob[111]      0.78      0.16      0.82      0.53      0.99     28.31      1.04
         det_prob[112]      0.79      0.16      0.82      0.54      0.99     27.78      1.04
         det_prob[113]      0.79      0.16      0.82      0.55      0.99     27.98      1.04
         det_prob[114]      0.80      0.16      0.83      0.57      0.99     28.38      1.03
         det_prob[115]      0.80      0.16      0.84      0.57      1.00     27.69      1.03
         det_prob[116]      0.80      0.15      0.84      0.58      1.00     27.38      1.03
         det_prob[117]      0.81      0.15      0.85      0.59      0.99     28.14      1.03
         det_prob[118]      0.81      0.15      0.85      0.59      0.99     27.97      1.03
         det_prob[119]      0.82      0.15      0.86      0.60      0.99     28.50      1.03
         det_prob[120]      0.83      0.14      0.86      0.62      0.99     29.14      1.03
         det_prob[121]      0.83      0.14      0.87      0.63      0.99     29.32      1.03
         det_prob[122]      0.83      0.14      0.87      0.63      0.99     29.70      1.02
         det_prob[123]      0.84      0.13      0.88      0.65      1.00     29.74      1.03
         det_prob[124]      0.85      0.13      0.88      0.65      0.99     30.02      1.03
         det_prob[125]      0.85      0.13      0.89      0.67      0.99     29.58      1.03
         det_prob[126]      0.86      0.12      0.89      0.68      1.00     30.05      1.03
         det_prob[127]      0.86      0.12      0.90      0.68      1.00     29.86      1.03
         det_prob[128]      0.87      0.12      0.90      0.70      1.00     30.10      1.03
         det_prob[129]      0.87      0.11      0.91      0.69      1.00     30.74      1.03
         det_prob[130]      0.87      0.11      0.91      0.71      1.00     31.49      1.02
         det_prob[131]      0.88      0.11      0.92      0.73      1.00     31.89      1.02
         det_prob[132]      0.88      0.11      0.92      0.73      1.00     32.13      1.02
         det_prob[133]      0.89      0.10      0.92      0.73      1.00     32.08      1.02
         det_prob[134]      0.89      0.10      0.93      0.74      1.00     32.15      1.02
         det_prob[135]      0.89      0.10      0.93      0.74      1.00     32.28      1.02
         det_prob[136]      0.89      0.10      0.93      0.74      1.00     32.43      1.02
         det_prob[137]      0.89      0.10      0.93      0.73      1.00     32.61      1.02
         det_prob[138]      0.89      0.10      0.93      0.74      1.00     32.42      1.01
         det_prob[139]      0.89      0.10      0.93      0.73      1.00     32.82      1.02
         det_prob[140]      0.90      0.10      0.93      0.74      1.00     33.19      1.01
         det_prob[141]      0.90      0.10      0.94      0.74      1.00     33.33      1.01
         det_prob[142]      0.90      0.10      0.94      0.74      1.00     33.41      1.01
         det_prob[143]      0.90      0.10      0.94      0.74      1.00     33.77      1.01
         det_prob[144]      0.90      0.10      0.94      0.74      1.00     33.27      1.01
         det_prob[145]      0.90      0.11      0.94      0.74      1.00     34.72      1.01
         det_prob[146]      0.90      0.11      0.95      0.73      1.00     33.93      1.01
         det_prob[147]      0.90      0.11      0.95      0.73      1.00     33.79      1.01
         det_prob[148]      0.90      0.11      0.95      0.73      1.00     33.55      1.01
         det_prob[149]      0.90      0.11      0.95      0.73      1.00     33.94      1.01
         det_prob[150]      0.90      0.11      0.95      0.73      1.00     34.03      1.01
         det_prob[151]      0.90      0.11      0.95      0.73      1.00     34.70      1.01
         det_prob[152]      0.90      0.12      0.95      0.73      1.00     34.70      1.01
         det_prob[153]      0.90      0.12      0.95      0.73      1.00     35.54      1.01
         det_prob[154]      0.90      0.12      0.95      0.72      1.00     36.03      1.01
         det_prob[155]      0.90      0.12      0.95      0.73      1.00     36.10      1.01
         det_prob[156]      0.90      0.12      0.95      0.72      1.00     36.53      1.01
         det_prob[157]      0.90      0.12      0.95      0.73      1.00     36.25      1.01
         det_prob[158]      0.90      0.12      0.95      0.72      1.00     35.43      1.01
         det_prob[159]      0.90      0.12      0.95      0.73      1.00     35.70      1.01
         det_prob[160]      0.90      0.12      0.95      0.73      1.00     36.04      1.01
         det_prob[161]      0.90      0.11      0.96      0.73      1.00     36.00      1.01
         det_prob[162]      0.90      0.12      0.96      0.73      1.00     35.57      1.01
         det_prob[163]      0.90      0.12      0.96      0.73      1.00     36.06      1.01
         det_prob[164]      0.90      0.12      0.96      0.73      1.00     35.76      1.01
         det_prob[165]      0.90      0.12      0.96      0.73      1.00     36.58      1.01
         det_prob[166]      0.90      0.12      0.96      0.72      1.00     36.28      1.01
         det_prob[167]      0.90      0.12      0.96      0.72      1.00     36.16      1.01
         det_prob[168]      0.90      0.12      0.96      0.72      1.00     36.22      1.01
         det_prob[169]      0.90      0.12      0.96      0.72      1.00     36.76      1.00
         det_prob[170]      0.91      0.12      0.96      0.73      1.00     37.10      1.00
         det_prob[171]      0.91      0.12      0.96      0.74      1.00     39.20      1.01
         det_prob[172]      0.91      0.12      0.96      0.74      1.00     39.71      1.01
         det_prob[173]      0.91      0.12      0.96      0.73      1.00     40.49      1.01
         det_prob[174]      0.91      0.12      0.96      0.74      1.00     41.33      1.01
         det_prob[175]      0.91      0.12      0.96      0.74      1.00     41.16      1.00
         det_prob[176]      0.91      0.12      0.96      0.73      1.00     42.17      1.01
         det_prob[177]      0.91      0.12      0.96      0.74      1.00     43.41      1.01
         det_prob[178]      0.91      0.11      0.96      0.74      1.00     43.83      1.01
         det_prob[179]      0.91      0.12      0.96      0.73      1.00     43.07      1.00
         det_prob[180]      0.91      0.12      0.96      0.74      1.00     42.85      1.00
         det_prob[181]      0.91      0.12      0.96      0.74      1.00     44.30      1.01
         det_prob[182]      0.91      0.12      0.96      0.74      1.00     45.23      1.01
         det_prob[183]      0.91      0.12      0.96      0.73      1.00     45.97      1.01
         det_prob[184]      0.91      0.12      0.96      0.73      1.00     46.87      1.01
         det_prob[185]      0.91      0.12      0.96      0.72      1.00     46.88      1.01
             det_prob0      0.23      0.05      0.23      0.14      0.32    235.42      1.00
            det_prob_d      0.90      0.03      0.90      0.85      0.95   2426.18      1.00
                 gamma      0.50      0.05      0.50      0.41      0.58   1466.19      1.01
                 rw[0]     -0.01      0.99      0.04     -1.73      1.53    165.73      1.06
                 rw[1]      0.10      1.37      0.14     -2.21      2.19     32.41      1.13
                 rw[2]      0.31      1.70      0.29     -2.41      3.07     20.31      1.19
                 rw[3]      0.58      1.92      0.59     -2.61      3.69     14.28      1.26
                 rw[4]      0.92      2.11      0.89     -2.47      4.38     12.57      1.31
                 rw[5]      1.33      2.26      1.29     -2.32      5.23     12.24      1.34
                 rw[6]      1.70      2.34      1.76     -2.28      5.35     11.25      1.36
                 rw[7]      2.06      2.42      2.04     -1.84      6.15     10.39      1.40
                 rw[8]      2.34      2.51      2.45     -1.79      6.22      9.40      1.45
                 rw[9]      2.52      2.56      2.61     -1.50      6.84      9.10      1.47
                rw[10]      2.73      2.53      2.73     -1.31      6.97      8.71      1.50
                rw[11]      2.86      2.53      2.87     -1.13      7.11      9.38      1.50
                rw[12]      2.92      2.54      2.91     -0.79      7.40      8.95      1.52
                rw[13]      2.86      2.53      2.98     -1.27      6.76      9.32      1.52
                rw[14]      2.52      2.52      2.60     -1.47      6.66      9.32      1.51
                rw[15]      1.98      2.55      2.01     -2.16      6.14      9.28      1.52
                rw[16]      1.24      2.48      1.27     -2.96      5.27      8.87      1.54
                rw[17]      0.48      2.49      0.55     -3.76      4.31      8.58      1.54
                rw[18]     -0.35      2.44     -0.35     -4.76      3.21      8.13      1.55
                rw[19]     -1.15      2.48     -1.10     -4.90      3.08      8.05      1.55
                rw[20]     -1.92      2.47     -1.76     -5.51      2.52      8.77      1.52
                rw[21]     -2.62      2.43     -2.54     -6.49      1.29      8.62      1.55
                rw[22]     -3.27      2.50     -3.30     -7.46      0.61      8.76      1.53
                rw[23]     -3.88      2.53     -3.95     -7.89      0.31      8.86      1.53
                rw[24]     -4.43      2.54     -4.39     -8.43     -0.11      8.47      1.54
                rw[25]     -5.00      2.50     -5.01     -8.84     -0.60      8.64      1.51
                rw[26]     -5.50      2.52     -5.48     -9.37     -1.26      8.95      1.48
                rw[27]     -5.95      2.54     -5.93     -9.88     -1.59      8.91      1.50
                rw[28]     -6.39      2.59     -6.34    -10.35     -2.03      9.09      1.49
                rw[29]     -6.81      2.62     -6.70    -10.46     -1.88      9.05      1.49
                rw[30]     -7.26      2.61     -7.19    -11.47     -2.92      8.91      1.48
                rw[31]     -7.64      2.67     -7.73    -11.90     -3.04      9.15      1.46
                rw[32]     -7.99      2.66     -7.98    -12.09     -3.54      9.81      1.45
                rw[33]     -8.37      2.65     -8.26    -12.94     -4.18      9.42      1.44
                rw[34]     -8.68      2.72     -8.60    -12.80     -4.11      9.72      1.43
                rw[35]     -8.95      2.70     -8.95    -12.87     -4.08      9.05      1.46
                rw[36]     -9.14      2.75     -9.06    -13.30     -4.15      9.16      1.45
                rw[37]     -9.29      2.69     -9.31    -13.36     -4.66      9.62      1.43
                rw[38]     -9.45      2.67     -9.37    -13.82     -5.09      9.23      1.44
                rw[39]     -9.58      2.69     -9.61    -13.89     -5.05     10.00      1.42
                rw[40]     -9.69      2.69     -9.68    -14.41     -5.65     10.29      1.39
                rw[41]     -9.79      2.75     -9.76    -14.62     -5.62      9.95      1.40
                rw[42]     -9.85      2.71     -9.81    -14.54     -5.66     10.41      1.39
                rw[43]     -9.86      2.71     -9.86    -14.53     -5.60      9.86      1.41
                rw[44]     -9.83      2.76     -9.75    -14.60     -5.47     10.38      1.40
                rw[45]     -9.82      2.76     -9.83    -14.15     -5.23     10.03      1.42
                rw[46]     -9.76      2.75     -9.68    -14.50     -5.47     10.18      1.42
                rw[47]     -9.74      2.80     -9.67    -14.56     -5.51     10.12      1.41
                rw[48]     -9.71      2.82     -9.67    -14.45     -5.31     10.68      1.41
                rw[49]     -9.64      2.80     -9.55    -14.74     -5.51     11.58      1.39
                rw[50]     -9.66      2.82     -9.61    -14.16     -5.01     11.27      1.39
                rw[51]     -9.63      2.82     -9.64    -13.86     -4.56     11.02      1.40
                rw[52]     -9.54      2.77     -9.52    -13.67     -4.68     11.14      1.40
                rw[53]     -9.49      2.80     -9.45    -13.94     -4.85     11.64      1.39
                rw[54]     -9.35      2.76     -9.48    -13.75     -4.86     11.68      1.40
                rw[55]     -9.31      2.78     -9.45    -13.90     -4.90     11.33      1.40
                rw[56]     -9.25      2.81     -9.21    -14.09     -4.91     10.44      1.43
                rw[57]     -9.21      2.81     -9.18    -14.06     -5.07      9.82      1.47
                rw[58]     -9.14      2.80     -9.12    -13.87     -4.90      9.58      1.47
                rw[59]     -9.05      2.84     -8.99    -14.19     -4.96      9.43      1.48
                rw[60]     -8.88      2.81     -8.80    -13.31     -4.12      9.61      1.48
                rw[61]     -8.70      2.81     -8.71    -13.24     -4.14      9.54      1.48
                rw[62]     -8.52      2.76     -8.46    -12.74     -3.71      9.92      1.46
                rw[63]     -8.40      2.77     -8.37    -12.93     -3.90      9.60      1.47
                rw[64]     -8.27      2.85     -8.28    -12.63     -3.30      9.90      1.47
                rw[65]     -8.08      2.81     -8.14    -12.75     -3.55      9.17      1.50
                rw[66]     -7.97      2.80     -8.03    -12.30     -3.20      9.75      1.46
                rw[67]     -7.86      2.81     -7.84    -12.14     -3.21     10.25      1.45
                rw[68]     -7.79      2.82     -7.71    -11.89     -2.72     10.25      1.46
                rw[69]     -7.75      2.76     -7.68    -11.94     -2.77     10.02      1.47
                rw[70]     -7.77      2.77     -7.76    -11.96     -2.88      9.96      1.45
                rw[71]     -7.80      2.75     -7.79    -12.61     -3.48     10.31      1.46
                rw[72]     -7.91      2.78     -7.85    -12.09     -2.83     11.06      1.44
                rw[73]     -8.01      2.74     -8.02    -12.06     -3.14     10.42      1.46
                rw[74]     -8.08      2.75     -8.08    -12.41     -3.34     10.79      1.44
                rw[75]     -8.18      2.75     -8.14    -12.99     -3.81     11.02      1.44
                rw[76]     -8.28      2.78     -8.27    -12.76     -3.69     11.14      1.45
                rw[77]     -8.44      2.76     -8.43    -13.07     -3.98     10.42      1.45
                rw[78]     -8.53      2.70     -8.46    -13.26     -4.48     10.43      1.43
                rw[79]     -8.60      2.74     -8.51    -13.18     -4.33     10.84      1.43
                rw[80]     -8.73      2.73     -8.59    -13.34     -4.51     11.41      1.42
                rw[81]     -8.78      2.73     -8.69    -13.67     -4.80     10.21      1.45
                rw[82]     -8.79      2.75     -8.66    -13.35     -4.33     10.73      1.43
                rw[83]     -8.85      2.74     -8.76    -13.55     -4.44     10.33      1.45
                rw[84]     -8.91      2.71     -8.87    -12.76     -3.73      9.90      1.46
                rw[85]     -8.97      2.72     -8.87    -13.59     -4.65      9.81      1.48
                rw[86]     -9.00      2.72     -8.82    -12.92     -4.13     10.32      1.47
                rw[87]     -9.03      2.77     -8.90    -13.56     -4.48     10.53      1.44
                rw[88]     -9.08      2.76     -9.03    -13.30     -4.29     10.35      1.44
                rw[89]     -9.12      2.79     -9.08    -13.89     -4.72     10.17      1.45
                rw[90]     -9.15      2.80     -9.13    -13.70     -4.53     10.28      1.44
                rw[91]     -9.14      2.78     -9.01    -13.55     -4.63     10.29      1.45
                rw[92]     -9.03      2.78     -8.99    -13.17     -4.16     10.83      1.41
                rw[93]     -8.91      2.74     -8.88    -13.16     -4.12      9.97      1.45
                rw[94]     -8.66      2.69     -8.62    -13.06     -4.27      9.33      1.47
                rw[95]     -8.38      2.70     -8.36    -12.84     -4.08      9.51      1.46
                rw[96]     -8.04      2.66     -8.07    -12.49     -3.96      9.90      1.44
                rw[97]     -7.64      2.67     -7.60    -12.09     -3.63     10.32      1.43
                rw[98]     -7.29      2.66     -7.23    -11.32     -2.76     10.26      1.44
                rw[99]     -6.96      2.66     -6.98    -11.14     -2.48     10.52      1.43
               rw[100]     -6.57      2.67     -6.53    -11.05     -2.37     10.29      1.44
               rw[101]     -6.26      2.68     -6.19    -10.77     -2.17     10.48      1.44
               rw[102]     -5.95      2.65     -5.90     -9.82     -1.38     10.23      1.44
               rw[103]     -5.65      2.61     -5.64    -10.00     -1.46     10.16      1.44
               rw[104]     -5.43      2.58     -5.43     -9.46     -0.91     10.40      1.43
               rw[105]     -5.31      2.56     -5.25     -9.59     -1.06     10.21      1.43
               rw[106]     -5.22      2.59     -5.18     -9.87     -1.28      9.97      1.45
               rw[107]     -5.20      2.56     -5.18     -9.58     -1.28     10.12      1.44
               rw[108]     -5.17      2.56     -5.13     -9.23     -0.98      9.41      1.46
               rw[109]     -5.14      2.58     -5.04     -9.69     -1.26      9.26      1.47
               rw[110]     -5.16      2.60     -4.96     -9.32     -0.94      9.06      1.46
               rw[111]     -5.21      2.60     -5.11     -9.62     -1.09      9.75      1.45
               rw[112]     -5.29      2.60     -5.18     -9.60     -1.25      8.78      1.48
               rw[113]     -5.35      2.60     -5.24     -9.91     -1.52      9.80      1.45
               rw[114]     -5.46      2.60     -5.40     -9.88     -1.55     10.14      1.45
               rw[115]     -5.57      2.59     -5.54     -9.60     -1.35     10.11      1.47
               rw[116]     -5.64      2.63     -5.64     -9.71     -1.16     10.73      1.45
               rw[117]     -5.71      2.63     -5.71     -9.61     -1.10     10.52      1.43
               rw[118]     -5.84      2.60     -5.77     -9.45     -1.02     10.72      1.42
               rw[119]     -5.90      2.59     -5.89    -10.15     -1.51     10.02      1.46
               rw[120]     -5.96      2.53     -5.98    -10.41     -2.15     10.06      1.48
               rw[121]     -6.17      2.49     -6.13    -10.19     -2.15     10.75      1.46
               rw[122]     -6.31      2.52     -6.24    -10.09     -1.82     10.02      1.49
               rw[123]     -6.36      2.53     -6.35    -10.39     -2.27      9.97      1.46
               rw[124]     -6.43      2.56     -6.31    -10.85     -2.50      9.70      1.49
               rw[125]     -6.47      2.55     -6.45    -10.48     -2.16      9.74      1.47
               rw[126]     -6.48      2.60     -6.40    -10.33     -1.82      9.55      1.48
               rw[127]     -6.55      2.63     -6.51    -10.95     -2.35     10.04      1.48
               rw[128]     -6.59      2.60     -6.44    -10.63     -2.34     10.16      1.46
               rw[129]     -6.55      2.54     -6.48    -10.46     -2.30      9.35      1.50
               rw[130]     -6.47      2.56     -6.42    -10.38     -2.22      9.62      1.48
               rw[131]     -6.42      2.57     -6.35    -10.49     -2.25      9.84      1.45
               rw[132]     -6.46      2.58     -6.48    -10.73     -2.37      9.21      1.47
               rw[133]     -6.40      2.53     -6.31    -10.30     -2.18     10.05      1.46
               rw[134]     -6.45      2.56     -6.41    -10.47     -2.34     10.47      1.45
               rw[135]     -6.40      2.56     -6.38    -10.53     -2.19      9.67      1.48
               rw[136]     -6.34      2.58     -6.27    -10.28     -1.86      9.78      1.47
               rw[137]     -6.24      2.57     -6.28    -10.34     -2.07      9.56      1.47
               rw[138]     -6.13      2.58     -6.11    -10.31     -1.87      9.38      1.49
               rw[139]     -5.99      2.59     -5.94     -9.75     -1.31      9.43      1.46
               rw[140]     -5.93      2.56     -5.91    -10.08     -1.62      8.81      1.48
               rw[141]     -5.80      2.57     -5.70    -10.03     -1.66      8.82      1.50
               rw[142]     -5.79      2.57     -5.74     -9.66     -1.20      9.38      1.50
               rw[143]     -5.81      2.52     -5.80    -10.27     -1.84      8.76      1.51
               rw[144]     -5.86      2.56     -5.84    -10.36     -1.96      8.89      1.53
               rw[145]     -5.86      2.62     -5.79     -9.71     -1.12      9.05      1.54
               rw[146]     -5.90      2.59     -5.85    -10.38     -1.99      8.63      1.55
               rw[147]     -5.99      2.60     -5.92    -10.30     -1.87      8.52      1.53
               rw[148]     -6.01      2.55     -6.03    -10.15     -1.68      8.68      1.52
               rw[149]     -6.03      2.54     -6.00    -10.02     -1.89      9.04      1.49
               rw[150]     -6.01      2.56     -5.99     -9.83     -1.70      9.23      1.47
               rw[151]     -6.05      2.55     -5.98    -10.02     -1.76      9.21      1.47
               rw[152]     -6.11      2.61     -6.06    -10.33     -2.15      9.72      1.46
               rw[153]     -6.17      2.63     -6.13    -10.01     -1.68      9.17      1.50
               rw[154]     -6.13      2.63     -6.02    -10.33     -1.88      9.80      1.47
               rw[155]     -6.18      2.60     -6.05    -10.50     -2.14      9.45      1.48
               rw[156]     -6.22      2.60     -6.21    -10.38     -2.02      9.19      1.50
               rw[157]     -6.24      2.60     -6.21    -10.64     -2.21      9.53      1.48
               rw[158]     -6.28      2.62     -6.24    -10.25     -1.89      9.22      1.47
               rw[159]     -6.34      2.62     -6.33    -10.09     -1.53      9.34      1.48
               rw[160]     -6.39      2.61     -6.30    -10.54     -1.97      9.96      1.44
               rw[161]     -6.46      2.65     -6.37    -10.68     -1.99      9.72      1.46
               rw[162]     -6.54      2.64     -6.54    -10.46     -1.94      9.20      1.48
               rw[163]     -6.60      2.63     -6.53    -10.76     -2.46      9.28      1.48
               rw[164]     -6.64      2.65     -6.68    -11.02     -2.50      9.54      1.47
               rw[165]     -6.64      2.63     -6.69    -10.62     -2.09      9.21      1.50
               rw[166]     -6.59      2.61     -6.60    -10.51     -2.00      9.61      1.48
               rw[167]     -6.55      2.63     -6.52    -10.86     -2.18      9.37      1.48
               rw[168]     -6.59      2.62     -6.61    -10.52     -2.12      9.65      1.46
               rw[169]     -6.58      2.60     -6.56    -10.83     -2.42      9.54      1.48
               rw[170]     -6.61      2.62     -6.62    -10.56     -1.94      9.57      1.48
               rw[171]     -6.70      2.62     -6.58    -10.96     -2.33      9.56      1.47
               rw[172]     -6.82      2.63     -6.76    -11.37     -2.71      9.48      1.48
               rw[173]     -6.91      2.66     -6.89    -11.41     -2.81      9.29      1.48
               rw[174]     -7.06      2.67     -7.00    -11.04     -2.34      9.82      1.46
               rw[175]     -7.19      2.66     -7.10    -11.58     -2.89      9.96      1.47
               rw[176]     -7.28      2.71     -7.17    -11.60     -2.76     10.47      1.46
               rw[177]     -7.34      2.72     -7.21    -11.59     -2.90     11.08      1.44
               rw[178]     -7.43      2.76     -7.30    -11.29     -2.54     11.15      1.44
               rw[179]     -7.52      2.82     -7.45    -12.06     -2.71     11.52      1.41
               rw[180]     -7.57      2.90     -7.60    -12.54     -2.98     11.04      1.42
               rw[181]     -7.67      3.00     -7.69    -12.45     -2.67     11.91      1.40
               rw[182]     -7.70      3.14     -7.71    -12.46     -2.19     13.99      1.35
               rw[183]     -7.79      3.30     -7.81    -12.80     -1.87     16.41      1.32
               rw[184]     -7.90      3.38     -7.81    -13.71     -2.76     16.95      1.30
               rw[185]     -7.95      3.47     -7.85    -13.24     -2.19     19.91      1.26
                 sigma      0.24      0.02      0.24      0.20      0.28    886.50      1.00

Number of divergences: 0
