
                            mean       std    median      5.0%     95.0%     n_eff     r_hat
                    D0      1.09      1.75      0.61      0.00      2.40    795.15      1.00
                    E0      5.91      7.04      3.79      0.00     13.92     74.79      1.07
                    H0      1.27      1.39      0.85      0.00      2.87    380.56      1.01
                    I0      3.28      4.15      1.68      0.00      8.24     33.97      1.12
                 beta0      1.18      0.64      1.09      0.27      2.01      4.71      1.92
  confirmed_dispersion      0.21      0.05      0.20      0.13      0.29   1526.81      1.00
      death_dispersion      0.51      0.11      0.50      0.35      0.69   1582.66      1.00
            death_prob      0.02      0.00      0.02      0.01      0.02     41.32      1.01
            death_rate      0.06      0.01      0.06      0.04      0.08    322.69      1.02
           det_prob[0]      0.28      0.07      0.28      0.15      0.38    117.98      1.00
           det_prob[1]      0.28      0.08      0.28      0.15      0.41    101.88      1.01
           det_prob[2]      0.28      0.09      0.27      0.13      0.42     91.59      1.01
           det_prob[3]      0.28      0.10      0.27      0.12      0.43     84.18      1.00
           det_prob[4]      0.28      0.11      0.27      0.10      0.43     77.89      1.00
           det_prob[5]      0.28      0.11      0.27      0.11      0.45     77.49      1.01
           det_prob[6]      0.29      0.12      0.27      0.11      0.47     75.24      1.01
           det_prob[7]      0.29      0.12      0.27      0.11      0.48     71.79      1.01
           det_prob[8]      0.30      0.12      0.28      0.10      0.48     66.32      1.01
           det_prob[9]      0.30      0.13      0.29      0.10      0.49     66.94      1.01
          det_prob[10]      0.30      0.13      0.29      0.09      0.48     66.13      1.01
          det_prob[11]      0.31      0.13      0.28      0.10      0.50     65.10      1.01
          det_prob[12]      0.31      0.14      0.29      0.10      0.50     64.60      1.01
          det_prob[13]      0.32      0.14      0.30      0.10      0.51     63.43      1.01
          det_prob[14]      0.33      0.14      0.31      0.11      0.53     60.68      1.02
          det_prob[15]      0.35      0.14      0.32      0.14      0.56     62.66      1.02
          det_prob[16]      0.36      0.14      0.33      0.14      0.55     64.20      1.01
          det_prob[17]      0.37      0.14      0.34      0.17      0.60     65.02      1.01
          det_prob[18]      0.38      0.14      0.35      0.17      0.61     64.35      1.01
          det_prob[19]      0.40      0.14      0.38      0.17      0.61     63.40      1.01
          det_prob[20]      0.42      0.14      0.40      0.18      0.62     64.32      1.01
          det_prob[21]      0.43      0.14      0.41      0.19      0.64     65.80      1.01
          det_prob[22]      0.45      0.14      0.43      0.21      0.67     63.25      1.01
          det_prob[23]      0.46      0.14      0.44      0.22      0.69     63.28      1.01
          det_prob[24]      0.47      0.14      0.45      0.23      0.69     61.55      1.01
          det_prob[25]      0.48      0.15      0.46      0.24      0.73     60.22      1.01
          det_prob[26]      0.49      0.15      0.47      0.24      0.73     60.76      1.01
          det_prob[27]      0.49      0.15      0.48      0.25      0.76     62.04      1.01
          det_prob[28]      0.51      0.15      0.49      0.25      0.76     60.45      1.01
          det_prob[29]      0.51      0.16      0.49      0.25      0.76     57.80      1.01
          det_prob[30]      0.52      0.16      0.50      0.29      0.81     56.92      1.01
          det_prob[31]      0.53      0.16      0.52      0.26      0.79     59.00      1.01
          det_prob[32]      0.54      0.16      0.53      0.25      0.78     56.90      1.01
          det_prob[33]      0.55      0.16      0.54      0.31      0.84     55.46      1.01
          det_prob[34]      0.56      0.16      0.54      0.30      0.85     54.00      1.01
          det_prob[35]      0.56      0.16      0.55      0.27      0.82     53.27      1.01
          det_prob[36]      0.57      0.17      0.55      0.26      0.82     53.57      1.00
          det_prob[37]      0.57      0.17      0.56      0.29      0.85     53.14      1.00
          det_prob[38]      0.57      0.17      0.56      0.26      0.84     51.90      1.00
          det_prob[39]      0.57      0.18      0.56      0.27      0.85     50.21      1.00
          det_prob[40]      0.57      0.18      0.56      0.29      0.88     48.84      1.00
          det_prob[41]      0.58      0.18      0.57      0.29      0.86     47.33      1.00
          det_prob[42]      0.58      0.18      0.58      0.32      0.90     47.53      1.00
          det_prob[43]      0.58      0.18      0.58      0.30      0.89     44.93      1.00
          det_prob[44]      0.58      0.18      0.58      0.30      0.90     45.06      1.00
          det_prob[45]      0.58      0.18      0.58      0.29      0.89     45.73      1.00
          det_prob[46]      0.58      0.19      0.58      0.26      0.89     44.98      1.00
          det_prob[47]      0.58      0.19      0.58      0.26      0.89     44.94      1.00
          det_prob[48]      0.58      0.19      0.57      0.26      0.89     44.15      1.00
          det_prob[49]      0.58      0.19      0.58      0.28      0.92     43.24      1.00
          det_prob[50]      0.58      0.19      0.58      0.29      0.94     43.42      1.00
          det_prob[51]      0.58      0.20      0.58      0.23      0.88     42.44      1.00
          det_prob[52]      0.58      0.20      0.58      0.29      0.95     41.75      1.00
          det_prob[53]      0.59      0.20      0.59      0.25      0.91     41.19      1.00
          det_prob[54]      0.59      0.20      0.58      0.22      0.89     40.50      1.00
          det_prob[55]      0.59      0.20      0.59      0.23      0.89     38.98      1.00
          det_prob[56]      0.59      0.20      0.59      0.26      0.93     38.76      1.00
          det_prob[57]      0.59      0.20      0.59      0.26      0.93     39.05      1.00
          det_prob[58]      0.59      0.20      0.60      0.25      0.91     39.37      1.00
          det_prob[59]      0.59      0.20      0.61      0.27      0.93     38.13      1.01
          det_prob[60]      0.59      0.21      0.61      0.30      0.97     37.37      1.01
          det_prob[61]      0.59      0.21      0.60      0.24      0.91     37.18      1.01
          det_prob[62]      0.60      0.21      0.61      0.28      0.94     35.50      1.01
          det_prob[63]      0.60      0.21      0.62      0.27      0.94     35.26      1.01
          det_prob[64]      0.61      0.20      0.63      0.30      0.95     34.27      1.01
          det_prob[65]      0.61      0.21      0.63      0.32      0.97     34.06      1.01
          det_prob[66]      0.62      0.20      0.64      0.29      0.94     33.46      1.02
          det_prob[67]      0.63      0.20      0.65      0.31      0.95     33.17      1.02
          det_prob[68]      0.63      0.20      0.66      0.33      0.96     32.82      1.03
          det_prob[69]      0.64      0.20      0.66      0.34      0.97     31.69      1.03
          det_prob[70]      0.64      0.20      0.67      0.35      0.97     31.24      1.03
          det_prob[71]      0.65      0.20      0.68      0.36      0.98     30.72      1.03
          det_prob[72]      0.65      0.20      0.68      0.36      0.98     30.06      1.04
          det_prob[73]      0.66      0.20      0.68      0.37      0.98     29.64      1.04
          det_prob[74]      0.66      0.20      0.69      0.37      0.97     29.00      1.05
          det_prob[75]      0.66      0.20      0.69      0.36      0.97     28.60      1.05
          det_prob[76]      0.66      0.20      0.70      0.38      0.98     27.66      1.05
          det_prob[77]      0.66      0.20      0.69      0.35      0.98     27.12      1.05
          det_prob[78]      0.66      0.21      0.70      0.35      0.98     27.30      1.06
          det_prob[79]      0.66      0.21      0.70      0.33      0.98     27.29      1.06
          det_prob[80]      0.67      0.21      0.70      0.35      0.98     26.77      1.07
          det_prob[81]      0.67      0.21      0.71      0.36      0.98     25.89      1.07
          det_prob[82]      0.68      0.20      0.72      0.36      0.97     25.11      1.08
          det_prob[83]      0.69      0.20      0.73      0.38      0.98     24.78      1.08
          det_prob[84]      0.70      0.20      0.73      0.40      0.98     24.44      1.08
          det_prob[85]      0.71      0.19      0.75      0.41      0.99     24.68      1.08
          det_prob[86]      0.71      0.19      0.75      0.42      0.99     24.10      1.09
          det_prob[87]      0.71      0.19      0.76      0.43      0.99     24.15      1.09
          det_prob[88]      0.71      0.19      0.75      0.42      0.98     23.09      1.10
          det_prob[89]      0.71      0.19      0.75      0.42      0.98     22.09      1.11
          det_prob[90]      0.71      0.20      0.74      0.41      0.98     21.21      1.11
          det_prob[91]      0.71      0.20      0.75      0.41      0.99     20.42      1.12
          det_prob[92]      0.71      0.20      0.75      0.40      0.98     20.41      1.12
          det_prob[93]      0.72      0.20      0.76      0.40      0.98     19.78      1.13
          det_prob[94]      0.72      0.20      0.77      0.40      0.99     19.40      1.13
          det_prob[95]      0.72      0.20      0.77      0.40      0.99     18.80      1.14
          det_prob[96]      0.72      0.20      0.78      0.41      0.99     18.77      1.14
          det_prob[97]      0.73      0.20      0.78      0.43      1.00     19.15      1.14
          det_prob[98]      0.73      0.20      0.78      0.41      0.99     18.84      1.15
          det_prob[99]      0.74      0.19      0.79      0.43      0.99     18.78      1.15
         det_prob[100]      0.75      0.19      0.79      0.46      0.99     18.97      1.15
         det_prob[101]      0.75      0.18      0.80      0.47      0.99     18.55      1.15
         det_prob[102]      0.76      0.18      0.81      0.47      0.99     18.19      1.16
         det_prob[103]      0.76      0.18      0.81      0.48      1.00     18.28      1.16
         det_prob[104]      0.77      0.18      0.81      0.49      1.00     18.06      1.16
         det_prob[105]      0.77      0.17      0.82      0.51      1.00     18.36      1.15
         det_prob[106]      0.77      0.17      0.82      0.51      0.99     18.13      1.17
         det_prob[107]      0.78      0.17      0.82      0.53      1.00     17.86      1.17
         det_prob[108]      0.78      0.17      0.83      0.52      1.00     17.75      1.17
         det_prob[109]      0.78      0.17      0.83      0.52      1.00     18.42      1.16
         det_prob[110]      0.78      0.18      0.84      0.52      1.00     18.32      1.16
         det_prob[111]      0.78      0.17      0.83      0.52      1.00     18.31      1.17
         det_prob[112]      0.79      0.17      0.84      0.53      1.00     18.28      1.16
         det_prob[113]      0.79      0.18      0.84      0.53      1.00     18.75      1.16
         det_prob[114]      0.79      0.18      0.84      0.53      1.00     18.73      1.15
         det_prob[115]      0.79      0.17      0.85      0.54      1.00     18.62      1.15
         det_prob[116]      0.80      0.17      0.85      0.55      1.00     18.75      1.15
         det_prob[117]      0.80      0.17      0.86      0.55      1.00     18.98      1.14
         det_prob[118]      0.80      0.17      0.86      0.54      1.00     19.50      1.14
         det_prob[119]      0.81      0.17      0.86      0.57      1.00     19.34      1.13
         det_prob[120]      0.81      0.17      0.86      0.53      1.00     19.62      1.13
         det_prob[121]      0.81      0.17      0.87      0.53      1.00     19.21      1.14
         det_prob[122]      0.81      0.17      0.87      0.53      1.00     19.42      1.13
         det_prob[123]      0.82      0.17      0.87      0.53      1.00     19.82      1.13
         det_prob[124]      0.82      0.17      0.87      0.54      1.00     19.67      1.13
         det_prob[125]      0.82      0.17      0.88      0.56      1.00     19.98      1.13
         det_prob[126]      0.83      0.16      0.88      0.57      1.00     19.95      1.13
         det_prob[127]      0.83      0.16      0.89      0.58      1.00     20.36      1.13
         det_prob[128]      0.84      0.15      0.89      0.59      1.00     20.61      1.12
         det_prob[129]      0.84      0.15      0.90      0.60      1.00     21.26      1.12
         det_prob[130]      0.85      0.15      0.90      0.62      1.00     21.53      1.11
         det_prob[131]      0.85      0.14      0.90      0.63      1.00     21.54      1.11
         det_prob[132]      0.86      0.14      0.91      0.63      1.00     21.59      1.10
         det_prob[133]      0.86      0.14      0.91      0.65      1.00     21.73      1.10
         det_prob[134]      0.86      0.14      0.92      0.65      1.00     21.86      1.10
         det_prob[135]      0.87      0.14      0.92      0.66      1.00     22.00      1.09
         det_prob[136]      0.87      0.14      0.92      0.66      1.00     22.83      1.09
         det_prob[137]      0.87      0.14      0.92      0.67      1.00     23.03      1.09
         det_prob[138]      0.87      0.13      0.93      0.67      1.00     23.18      1.09
         det_prob[139]      0.88      0.13      0.93      0.69      1.00     23.17      1.09
         det_prob[140]      0.88      0.12      0.93      0.70      1.00     23.23      1.09
         det_prob[141]      0.89      0.12      0.94      0.71      1.00     23.95      1.07
         det_prob[142]      0.89      0.12      0.94      0.72      1.00     23.70      1.07
         det_prob[143]      0.89      0.12      0.94      0.71      1.00     24.56      1.07
         det_prob[144]      0.89      0.12      0.94      0.72      1.00     24.84      1.07
         det_prob[145]      0.90      0.11      0.95      0.72      1.00     25.37      1.06
         det_prob[146]      0.90      0.11      0.95      0.74      1.00     25.30      1.06
         det_prob[147]      0.90      0.11      0.95      0.74      1.00     25.50      1.06
         det_prob[148]      0.91      0.10      0.95      0.75      1.00     25.15      1.06
         det_prob[149]      0.91      0.10      0.95      0.76      1.00     25.77      1.06
         det_prob[150]      0.91      0.10      0.95      0.76      1.00     25.56      1.07
         det_prob[151]      0.91      0.10      0.96      0.76      1.00     26.28      1.06
         det_prob[152]      0.91      0.10      0.96      0.77      1.00     26.10      1.06
         det_prob[153]      0.91      0.10      0.96      0.77      1.00     26.62      1.05
         det_prob[154]      0.92      0.10      0.96      0.78      1.00     27.04      1.05
         det_prob[155]      0.92      0.10      0.96      0.78      1.00     27.00      1.05
         det_prob[156]      0.92      0.10      0.96      0.77      1.00     27.66      1.05
         det_prob[157]      0.92      0.10      0.96      0.78      1.00     27.75      1.05
         det_prob[158]      0.92      0.10      0.96      0.78      1.00     27.80      1.05
         det_prob[159]      0.92      0.10      0.96      0.78      1.00     27.80      1.05
         det_prob[160]      0.92      0.09      0.96      0.78      1.00     27.61      1.05
         det_prob[161]      0.92      0.09      0.96      0.79      1.00     27.09      1.05
         det_prob[162]      0.92      0.09      0.96      0.79      1.00     27.24      1.04
         det_prob[163]      0.92      0.10      0.96      0.78      1.00     27.61      1.04
         det_prob[164]      0.92      0.10      0.96      0.78      1.00     28.45      1.04
         det_prob[165]      0.92      0.10      0.96      0.78      1.00     28.95      1.04
         det_prob[166]      0.92      0.10      0.97      0.77      1.00     29.47      1.04
         det_prob[167]      0.92      0.10      0.97      0.78      1.00     29.74      1.04
         det_prob[168]      0.92      0.10      0.97      0.79      1.00     30.22      1.04
         det_prob[169]      0.92      0.10      0.97      0.78      1.00     29.98      1.04
         det_prob[170]      0.92      0.10      0.97      0.78      1.00     29.96      1.03
         det_prob[171]      0.92      0.10      0.97      0.78      1.00     30.70      1.03
         det_prob[172]      0.92      0.10      0.97      0.79      1.00     31.89      1.03
         det_prob[173]      0.92      0.10      0.97      0.78      1.00     31.64      1.03
         det_prob[174]      0.92      0.10      0.97      0.79      1.00     32.25      1.03
         det_prob[175]      0.92      0.10      0.97      0.78      1.00     32.45      1.03
         det_prob[176]      0.92      0.10      0.97      0.78      1.00     33.04      1.03
         det_prob[177]      0.92      0.10      0.97      0.79      1.00     34.02      1.03
         det_prob[178]      0.92      0.11      0.97      0.78      1.00     34.90      1.03
         det_prob[179]      0.92      0.11      0.97      0.77      1.00     35.43      1.03
         det_prob[180]      0.92      0.11      0.97      0.77      1.00     35.91      1.03
         det_prob[181]      0.92      0.11      0.97      0.78      1.00     36.53      1.03
         det_prob[182]      0.92      0.11      0.97      0.78      1.00     37.29      1.03
         det_prob[183]      0.92      0.11      0.97      0.77      1.00     39.27      1.03
         det_prob[184]      0.92      0.11      0.97      0.77      1.00     38.91      1.03
         det_prob[185]      0.92      0.12      0.97      0.77      1.00     40.34      1.03
             det_prob0      0.28      0.06      0.28      0.17      0.37    132.52      1.00
            det_prob_d      0.90      0.03      0.90      0.85      0.95   1751.25      1.00
                 gamma      0.50      0.05      0.50      0.41      0.57   1044.72      1.00
                 rw[0]     -0.16      1.02     -0.14     -1.78      1.63     40.44      1.10
                 rw[1]     -0.21      1.45     -0.20     -2.69      2.22     18.89      1.18
                 rw[2]     -0.27      1.78     -0.31     -3.26      2.52     12.33      1.27
                 rw[3]     -0.20      2.05     -0.22     -3.25      3.60      9.69      1.34
                 rw[4]     -0.04      2.28     -0.03     -3.80      3.73      8.05      1.42
                 rw[5]      0.09      2.48      0.01     -4.10      3.97      7.02      1.50
                 rw[6]      0.26      2.64      0.11     -4.05      4.73      6.42      1.56
                 rw[7]      0.46      2.78      0.30     -3.90      5.34      6.32      1.57
                 rw[8]      0.66      2.89      0.51     -3.62      5.69      5.90      1.60
                 rw[9]      0.75      3.00      0.68     -3.48      6.33      5.63      1.65
                rw[10]      0.85      3.06      0.82     -4.37      5.52      5.39      1.71
                rw[11]      1.04      3.10      0.83     -3.38      6.67      5.19      1.76
                rw[12]      1.15      3.15      0.93     -3.54      6.72      5.44      1.75
                rw[13]      1.15      3.20      0.88     -3.63      6.55      5.06      1.81
                rw[14]      1.18      3.20      1.01     -4.18      6.03      4.96      1.85
                rw[15]      1.04      3.22      0.83     -3.89      6.36      5.03      1.86
                rw[16]      0.74      3.24      0.42     -4.25      6.00      5.12      1.84
                rw[17]      0.42      3.26      0.15     -4.72      5.85      5.02      1.84
                rw[18]      0.10      3.22     -0.05     -4.48      5.93      5.12      1.81
                rw[19]     -0.29      3.23     -0.64     -4.73      5.67      5.05      1.85
                rw[20]     -0.81      3.25     -1.16     -5.64      4.79      5.08      1.83
                rw[21]     -1.45      3.20     -1.75     -6.08      4.33      5.24      1.80
                rw[22]     -2.09      3.18     -2.27     -6.73      3.51      5.15      1.82
                rw[23]     -2.70      3.14     -2.93     -7.34      2.89      5.24      1.80
                rw[24]     -3.28      3.17     -3.58     -7.83      2.43      5.16      1.81
                rw[25]     -3.83      3.19     -4.07     -8.60      1.46      4.98      1.84
                rw[26]     -4.29      3.19     -4.50     -8.84      1.34      4.99      1.80
                rw[27]     -4.64      3.18     -4.83     -9.47      0.67      5.16      1.77
                rw[28]     -5.00      3.21     -5.28    -10.01      0.08      5.34      1.75
                rw[29]     -5.33      3.22     -5.51     -9.95      0.32      5.23      1.78
                rw[30]     -5.63      3.20     -5.85    -10.79     -0.64      5.17      1.76
                rw[31]     -5.96      3.21     -6.22    -10.66     -0.45      5.19      1.76
                rw[32]     -6.24      3.18     -6.53    -11.17     -0.99      5.28      1.73
                rw[33]     -6.57      3.20     -6.85    -11.40     -0.97      5.17      1.73
                rw[34]     -6.91      3.22     -7.30    -12.12     -1.58      5.15      1.73
                rw[35]     -7.23      3.22     -7.48    -11.79     -1.29      5.29      1.72
                rw[36]     -7.53      3.19     -7.73    -12.12     -1.86      5.31      1.72
                rw[37]     -7.85      3.21     -7.94    -12.74     -2.18      5.32      1.72
                rw[38]     -8.08      3.16     -8.24    -12.90     -2.72      5.34      1.70
                rw[39]     -8.28      3.18     -8.37    -13.33     -3.15      5.35      1.70
                rw[40]     -8.46      3.21     -8.63    -13.29     -3.14      5.53      1.66
                rw[41]     -8.68      3.26     -8.81    -13.65     -3.10      5.64      1.64
                rw[42]     -8.85      3.26     -9.02    -14.18     -3.91      5.69      1.67
                rw[43]     -8.94      3.26     -9.02    -13.83     -3.67      5.67      1.68
                rw[44]     -9.00      3.31     -9.12    -14.08     -3.60      5.73      1.70
                rw[45]     -9.07      3.35     -9.18    -14.50     -3.85      5.77      1.69
                rw[46]     -9.04      3.35     -9.22    -14.76     -3.83      5.88      1.67
                rw[47]     -8.99      3.37     -9.05    -14.52     -3.89      6.02      1.66
                rw[48]     -8.87      3.42     -9.11    -14.16     -3.34      5.74      1.67
                rw[49]     -8.76      3.39     -8.96    -14.19     -3.15      5.84      1.66
                rw[50]     -8.63      3.43     -8.83    -14.14     -3.07      6.02      1.64
                rw[51]     -8.45      3.44     -8.58    -13.73     -2.56      6.00      1.67
                rw[52]     -8.27      3.45     -8.45    -13.29     -2.18      5.84      1.68
                rw[53]     -8.06      3.41     -8.25    -13.40     -2.41      5.79      1.69
                rw[54]     -7.80      3.41     -7.84    -12.90     -2.03      5.66      1.71
                rw[55]     -7.54      3.42     -7.62    -13.12     -2.21      5.65      1.72
                rw[56]     -7.17      3.38     -7.43    -11.95     -0.99      5.49      1.74
                rw[57]     -6.90      3.35     -7.10    -11.71     -1.00      5.48      1.75
                rw[58]     -6.53      3.40     -6.67    -11.99     -1.27      5.41      1.76
                rw[59]     -6.15      3.37     -6.27    -11.81     -1.00      5.18      1.81
                rw[60]     -5.80      3.38     -5.91    -11.34     -0.44      5.19      1.81
                rw[61]     -5.39      3.34     -5.48    -10.57      0.02      5.23      1.78
                rw[62]     -4.95      3.32     -5.15     -9.97      0.50      5.27      1.78
                rw[63]     -4.52      3.31     -4.78     -9.84      0.79      5.07      1.82
                rw[64]     -4.15      3.29     -4.40     -9.44      1.05      5.01      1.84
                rw[65]     -3.76      3.32     -3.99     -9.58      1.07      4.99      1.82
                rw[66]     -3.42      3.32     -3.62     -8.99      1.65      5.01      1.79
                rw[67]     -3.08      3.32     -3.41     -8.62      1.83      5.04      1.80
                rw[68]     -2.81      3.34     -3.14     -8.53      2.18      5.09      1.78
                rw[69]     -2.65      3.31     -2.94     -7.96      2.85      5.04      1.80
                rw[70]     -2.43      3.25     -2.63     -8.01      2.53      5.13      1.78
                rw[71]     -2.24      3.23     -2.42     -7.39      3.14      5.06      1.80
                rw[72]     -2.15      3.21     -2.28     -7.19      3.18      4.95      1.79
                rw[73]     -2.07      3.22     -2.28     -7.30      3.05      5.05      1.78
                rw[74]     -1.98      3.20     -2.17     -6.78      3.52      5.09      1.79
                rw[75]     -1.95      3.19     -2.18     -6.86      3.61      4.95      1.83
                rw[76]     -1.90      3.18     -2.10     -7.49      2.76      4.98      1.82
                rw[77]     -1.87      3.16     -2.09     -6.84      3.43      5.21      1.79
                rw[78]     -1.77      3.15     -2.06     -6.71      3.43      5.10      1.82
                rw[79]     -1.65      3.11     -1.94     -7.25      2.85      5.14      1.80
                rw[80]     -1.45      3.13     -1.72     -6.56      3.57      5.12      1.82
                rw[81]     -1.24      3.13     -1.41     -6.28      3.99      5.33      1.76
                rw[82]     -1.08      3.12     -1.32     -6.06      4.21      5.22      1.76
                rw[83]     -0.99      3.10     -1.19     -5.62      4.27      5.24      1.77
                rw[84]     -0.99      3.14     -1.23     -5.61      4.49      5.08      1.81
                rw[85]     -1.16      3.16     -1.25     -5.98      4.14      5.12      1.81
                rw[86]     -1.43      3.13     -1.47     -7.06      3.07      5.20      1.79
                rw[87]     -1.77      3.15     -2.08     -6.95      3.20      4.94      1.81
                rw[88]     -2.07      3.18     -2.25     -7.22      2.90      4.98      1.81
                rw[89]     -2.28      3.18     -2.45     -7.35      2.93      4.92      1.81
                rw[90]     -2.40      3.13     -2.49     -7.72      2.43      4.95      1.81
                rw[91]     -2.49      3.13     -2.63     -7.05      3.04      5.08      1.77
                rw[92]     -2.48      3.13     -2.75     -7.28      2.58      5.06      1.79
                rw[93]     -2.41      3.14     -2.70     -7.33      2.56      5.09      1.78
                rw[94]     -2.24      3.17     -2.43     -7.17      2.97      4.99      1.79
                rw[95]     -2.12      3.11     -2.34     -7.07      2.85      4.91      1.81
                rw[96]     -2.02      3.05     -2.28     -6.61      3.10      4.81      1.84
                rw[97]     -1.86      3.06     -2.17     -6.67      3.07      4.84      1.84
                rw[98]     -1.76      3.08     -2.00     -6.46      3.23      4.92      1.80
                rw[99]     -1.62      3.04     -1.91     -6.21      3.37      4.92      1.82
               rw[100]     -1.62      3.06     -1.85     -6.12      3.40      4.75      1.86
               rw[101]     -1.60      3.05     -1.97     -5.89      3.57      4.89      1.83
               rw[102]     -1.55      3.02     -1.93     -6.04      3.40      5.01      1.80
               rw[103]     -1.52      3.07     -1.82     -6.14      3.62      5.17      1.77
               rw[104]     -1.52      3.10     -1.77     -6.26      3.64      5.05      1.80
               rw[105]     -1.55      3.06     -1.85     -5.68      3.99      5.11      1.77
               rw[106]     -1.65      3.05     -1.84     -6.25      3.37      4.94      1.80
               rw[107]     -1.65      3.04     -1.95     -6.38      3.27      4.89      1.82
               rw[108]     -1.72      3.07     -1.91     -6.35      3.33      4.90      1.84
               rw[109]     -1.68      3.04     -1.98     -6.60      2.92      4.83      1.84
               rw[110]     -1.62      3.04     -1.84     -6.03      3.43      4.83      1.87
               rw[111]     -1.52      3.06     -1.73     -6.27      3.55      4.82      1.85
               rw[112]     -1.43      3.01     -1.61     -5.80      3.75      4.82      1.87
               rw[113]     -1.36      3.01     -1.53     -6.43      3.14      4.70      1.89
               rw[114]     -1.25      2.99     -1.43     -6.29      3.09      4.81      1.85
               rw[115]     -1.13      2.97     -1.40     -5.42      3.94      4.83      1.85
               rw[116]     -1.11      2.97     -1.33     -5.56      3.74      4.88      1.85
               rw[117]     -1.13      2.98     -1.33     -5.41      4.14      4.92      1.83
               rw[118]     -1.17      3.04     -1.38     -5.77      3.88      4.88      1.83
               rw[119]     -1.25      3.01     -1.50     -5.91      3.57      4.84      1.84
               rw[120]     -1.39      2.96     -1.73     -6.45      3.09      4.85      1.80
               rw[121]     -1.47      2.94     -1.71     -6.39      3.06      4.95      1.81
               rw[122]     -1.53      2.96     -1.74     -5.95      3.43      5.01      1.80
               rw[123]     -1.60      2.96     -1.84     -5.96      3.44      5.02      1.81
               rw[124]     -1.70      2.98     -1.92     -5.93      3.56      5.04      1.81
               rw[125]     -1.83      3.02     -2.12     -5.94      3.62      4.98      1.79
               rw[126]     -2.00      3.05     -2.23     -6.57      3.14      5.14      1.77
               rw[127]     -2.24      3.01     -2.47     -6.86      2.86      4.98      1.81
               rw[128]     -2.45      3.02     -2.69     -6.98      2.59      4.99      1.82
               rw[129]     -2.65      3.07     -2.92     -7.34      2.41      4.95      1.83
               rw[130]     -2.82      3.05     -3.01     -7.10      2.74      4.93      1.83
               rw[131]     -2.99      3.03     -3.23     -7.36      2.32      5.09      1.79
               rw[132]     -3.17      3.05     -3.40     -8.18      1.45      5.07      1.79
               rw[133]     -3.36      3.07     -3.59     -8.16      1.67      4.96      1.81
               rw[134]     -3.51      3.03     -3.71     -8.32      1.25      4.99      1.82
               rw[135]     -3.59      3.02     -3.76     -7.71      1.88      5.01      1.83
               rw[136]     -3.67      3.03     -3.91     -8.36      1.35      4.90      1.85
               rw[137]     -3.68      3.03     -3.86     -8.37      1.20      4.88      1.86
               rw[138]     -3.66      3.04     -3.93     -8.34      1.27      4.68      1.88
               rw[139]     -3.58      3.04     -3.83     -8.35      1.27      4.76      1.82
               rw[140]     -3.62      3.08     -3.91     -8.61      1.15      4.76      1.85
               rw[141]     -3.68      3.05     -4.04     -8.56      1.38      4.93      1.80
               rw[142]     -3.79      3.10     -4.14     -8.47      1.35      4.90      1.85
               rw[143]     -3.87      3.09     -4.18     -8.16      1.86      4.83      1.87
               rw[144]     -3.93      3.06     -4.13     -8.58      1.08      4.85      1.87
               rw[145]     -3.95      3.09     -4.20     -8.79      1.19      4.88      1.88
               rw[146]     -4.01      3.10     -4.34     -8.95      0.88      4.73      1.89
               rw[147]     -4.08      3.06     -4.38     -8.64      0.79      4.68      1.86
               rw[148]     -4.19      3.04     -4.37     -8.78      0.80      4.83      1.85
               rw[149]     -4.28      3.01     -4.45     -8.80      0.79      4.75      1.90
               rw[150]     -4.27      3.01     -4.53     -8.85      0.70      4.79      1.87
               rw[151]     -4.23      3.03     -4.37     -8.75      0.91      4.88      1.82
               rw[152]     -4.14      3.05     -4.46     -8.54      1.34      4.83      1.83
               rw[153]     -4.05      3.05     -4.25     -8.77      0.97      4.85      1.83
               rw[154]     -3.99      3.11     -4.23     -8.58      1.22      4.74      1.87
               rw[155]     -4.06      3.07     -4.26     -9.05      0.69      4.86      1.83
               rw[156]     -4.03      3.03     -4.23     -8.57      0.99      4.83      1.85
               rw[157]     -4.00      3.08     -4.30     -8.68      0.86      4.92      1.82
               rw[158]     -3.90      3.06     -4.17     -8.33      1.40      4.85      1.84
               rw[159]     -3.80      3.06     -4.04     -8.75      1.07      4.73      1.85
               rw[160]     -3.72      3.07     -4.02     -8.17      1.59      4.87      1.81
               rw[161]     -3.70      3.06     -3.94     -8.29      1.37      5.02      1.82
               rw[162]     -3.70      3.10     -4.04     -8.48      1.41      4.99      1.82
               rw[163]     -3.67      3.12     -3.96     -8.55      1.36      5.03      1.82
               rw[164]     -3.58      3.08     -3.78     -8.34      1.65      4.84      1.86
               rw[165]     -3.44      3.08     -3.62     -8.26      1.48      4.72      1.89
               rw[166]     -3.30      3.06     -3.47     -7.96      1.80      4.77      1.86
               rw[167]     -3.16      3.07     -3.40     -7.68      2.30      4.89      1.85
               rw[168]     -3.04      3.07     -3.24     -8.02      1.88      4.94      1.85
               rw[169]     -3.02      3.04     -3.27     -8.01      1.73      4.88      1.85
               rw[170]     -2.98      3.06     -3.31     -7.91      1.89      4.81      1.87
               rw[171]     -2.99      3.12     -3.15     -7.92      2.00      4.81      1.87
               rw[172]     -2.97      3.06     -3.19     -7.84      1.85      4.88      1.85
               rw[173]     -2.92      3.06     -3.28     -7.39      2.34      4.82      1.86
               rw[174]     -2.92      3.07     -3.20     -7.53      2.06      4.81      1.86
               rw[175]     -2.97      3.07     -3.20     -7.85      1.84      4.91      1.83
               rw[176]     -3.07      3.10     -3.28     -7.52      2.17      4.84      1.83
               rw[177]     -3.21      3.11     -3.47     -8.12      1.66      4.82      1.84
               rw[178]     -3.29      3.11     -3.55     -8.14      1.85      4.98      1.80
               rw[179]     -3.33      3.17     -3.53     -7.98      2.19      5.02      1.80
               rw[180]     -3.30      3.15     -3.59     -8.27      1.77      5.07      1.77
               rw[181]     -3.35      3.20     -3.61     -8.39      1.73      5.17      1.75
               rw[182]     -3.41      3.28     -3.73     -8.25      2.17      5.38      1.72
               rw[183]     -3.49      3.40     -3.75     -8.84      2.03      5.66      1.68
               rw[184]     -3.56      3.51     -3.82     -8.93      2.30      6.24      1.59
               rw[185]     -3.58      3.60     -3.72     -9.37      2.17      6.93      1.53
                 sigma      0.24      0.02      0.24      0.20      0.27    508.59      1.00

Number of divergences: 0
