
                            mean       std    median      5.0%     95.0%     n_eff     r_hat
                    D0      0.76      0.79      0.51      0.00      1.82    781.11      1.00
                    E0     39.06     38.28     27.42      0.10     84.77     98.49      1.06
                    H0      1.94      1.57      1.57      0.00      4.06    718.63      1.00
                    I0      8.75     10.89      5.07      0.01     20.96    337.69      1.02
                 beta0      2.29      0.91      2.10      0.73      3.52     19.07      1.40
  confirmed_dispersion      0.17      0.03      0.17      0.12      0.23    918.12      1.00
      death_dispersion      0.20      0.02      0.20      0.17      0.23    660.36      1.00
            death_prob      0.01      0.00      0.01      0.01      0.01     14.47      1.08
            death_rate      0.12      0.02      0.12      0.09      0.15    233.71      1.00
           det_prob[0]      0.19      0.06      0.18      0.10      0.28    200.59      1.01
           det_prob[1]      0.17      0.06      0.16      0.08      0.25    152.51      1.01
           det_prob[2]      0.15      0.05      0.14      0.06      0.23    131.53      1.01
           det_prob[3]      0.13      0.05      0.13      0.05      0.20    130.06      1.01
           det_prob[4]      0.12      0.05      0.11      0.04      0.19     85.49      1.01
           det_prob[5]      0.12      0.05      0.11      0.03      0.18     70.67      1.02
           det_prob[6]      0.11      0.05      0.10      0.04      0.17     67.89      1.02
           det_prob[7]      0.10      0.04      0.09      0.03      0.15     56.51      1.02
           det_prob[8]      0.09      0.04      0.08      0.04      0.14     49.69      1.02
           det_prob[9]      0.09      0.04      0.08      0.03      0.14     52.27      1.02
          det_prob[10]      0.08      0.04      0.08      0.03      0.14     46.52      1.02
          det_prob[11]      0.09      0.04      0.08      0.03      0.14     41.74      1.03
          det_prob[12]      0.09      0.04      0.08      0.04      0.15     37.77      1.02
          det_prob[13]      0.09      0.04      0.08      0.04      0.15     31.48      1.03
          det_prob[14]      0.09      0.04      0.08      0.04      0.15     32.97      1.03
          det_prob[15]      0.09      0.04      0.08      0.04      0.14     34.52      1.03
          det_prob[16]      0.09      0.04      0.09      0.04      0.14     38.21      1.02
          det_prob[17]      0.09      0.04      0.09      0.04      0.15     38.08      1.02
          det_prob[18]      0.09      0.04      0.09      0.04      0.15     36.27      1.03
          det_prob[19]      0.09      0.04      0.09      0.04      0.15     35.01      1.03
          det_prob[20]      0.09      0.04      0.09      0.04      0.15     35.82      1.03
          det_prob[21]      0.10      0.04      0.09      0.04      0.15     36.73      1.02
          det_prob[22]      0.10      0.04      0.09      0.04      0.15     32.37      1.03
          det_prob[23]      0.09      0.03      0.09      0.04      0.14     27.20      1.04
          det_prob[24]      0.09      0.03      0.08      0.04      0.14     25.83      1.04
          det_prob[25]      0.09      0.03      0.08      0.04      0.13     29.00      1.03
          det_prob[26]      0.08      0.03      0.08      0.04      0.13     28.40      1.04
          det_prob[27]      0.08      0.03      0.08      0.03      0.13     28.23      1.04
          det_prob[28]      0.08      0.03      0.08      0.03      0.13     24.95      1.05
          det_prob[29]      0.08      0.03      0.07      0.03      0.12     26.59      1.04
          det_prob[30]      0.08      0.03      0.07      0.03      0.12     25.19      1.04
          det_prob[31]      0.08      0.03      0.07      0.04      0.12     25.32      1.05
          det_prob[32]      0.08      0.03      0.07      0.04      0.12     27.00      1.05
          det_prob[33]      0.07      0.03      0.07      0.03      0.12     26.46      1.04
          det_prob[34]      0.07      0.03      0.07      0.03      0.12     26.33      1.03
          det_prob[35]      0.08      0.03      0.07      0.03      0.12     25.57      1.03
          det_prob[36]      0.08      0.03      0.07      0.04      0.12     25.11      1.03
          det_prob[37]      0.08      0.03      0.07      0.04      0.12     24.12      1.03
          det_prob[38]      0.08      0.03      0.07      0.04      0.12     26.70      1.03
          det_prob[39]      0.08      0.03      0.08      0.04      0.13     27.84      1.03
          det_prob[40]      0.08      0.03      0.08      0.03      0.13     29.61      1.04
          det_prob[41]      0.08      0.03      0.08      0.04      0.13     31.77      1.03
          det_prob[42]      0.09      0.03      0.08      0.04      0.14     31.44      1.03
          det_prob[43]      0.09      0.03      0.09      0.04      0.14     31.40      1.03
          det_prob[44]      0.09      0.03      0.09      0.04      0.14     31.81      1.03
          det_prob[45]      0.10      0.03      0.09      0.04      0.14     32.40      1.04
          det_prob[46]      0.10      0.03      0.09      0.05      0.15     31.44      1.04
          det_prob[47]      0.10      0.03      0.10      0.05      0.15     35.09      1.04
          det_prob[48]      0.10      0.04      0.10      0.05      0.16     32.67      1.04
          det_prob[49]      0.11      0.04      0.10      0.06      0.17     31.56      1.05
          det_prob[50]      0.10      0.04      0.10      0.05      0.16     32.85      1.04
          det_prob[51]      0.11      0.04      0.10      0.05      0.16     37.68      1.04
          det_prob[52]      0.11      0.04      0.10      0.05      0.16     35.42      1.04
          det_prob[53]      0.10      0.04      0.10      0.05      0.16     33.18      1.04
          det_prob[54]      0.11      0.04      0.10      0.05      0.16     27.64      1.05
          det_prob[55]      0.11      0.04      0.10      0.05      0.16     27.29      1.05
          det_prob[56]      0.11      0.04      0.10      0.05      0.17     31.30      1.04
          det_prob[57]      0.11      0.04      0.10      0.05      0.17     30.00      1.04
          det_prob[58]      0.11      0.04      0.11      0.05      0.17     29.54      1.04
          det_prob[59]      0.12      0.04      0.11      0.05      0.18     30.77      1.04
          det_prob[60]      0.12      0.04      0.11      0.05      0.17     30.67      1.04
          det_prob[61]      0.12      0.04      0.11      0.05      0.18     31.92      1.04
          det_prob[62]      0.11      0.04      0.11      0.05      0.17     33.52      1.04
          det_prob[63]      0.12      0.04      0.11      0.05      0.18     30.62      1.04
          det_prob[64]      0.12      0.04      0.11      0.05      0.18     27.34      1.04
          det_prob[65]      0.11      0.04      0.11      0.05      0.18     25.74      1.05
          det_prob[66]      0.11      0.04      0.10      0.05      0.18     25.77      1.06
          det_prob[67]      0.11      0.04      0.10      0.05      0.17     27.97      1.06
          det_prob[68]      0.11      0.04      0.10      0.05      0.17     30.63      1.06
          det_prob[69]      0.11      0.04      0.10      0.05      0.18     28.23      1.06
          det_prob[70]      0.11      0.04      0.11      0.05      0.18     29.17      1.06
          det_prob[71]      0.12      0.04      0.11      0.05      0.18     30.05      1.06
          det_prob[72]      0.12      0.04      0.11      0.06      0.19     29.84      1.06
          det_prob[73]      0.13      0.05      0.12      0.06      0.20     30.43      1.06
          det_prob[74]      0.13      0.05      0.12      0.06      0.19     30.66      1.07
          det_prob[75]      0.13      0.05      0.12      0.06      0.19     28.66      1.06
          det_prob[76]      0.12      0.05      0.12      0.05      0.18     30.46      1.06
          det_prob[77]      0.12      0.04      0.11      0.06      0.19     32.88      1.06
          det_prob[78]      0.11      0.04      0.10      0.05      0.18     38.76      1.05
          det_prob[79]      0.11      0.04      0.10      0.05      0.17     34.56      1.05
          det_prob[80]      0.11      0.04      0.10      0.05      0.17     31.55      1.05
          det_prob[81]      0.11      0.04      0.10      0.05      0.17     28.83      1.05
          det_prob[82]      0.10      0.04      0.10      0.05      0.17     30.47      1.04
          det_prob[83]      0.10      0.04      0.10      0.04      0.15     35.19      1.03
          det_prob[84]      0.10      0.04      0.10      0.05      0.16     32.05      1.04
          det_prob[85]      0.11      0.04      0.10      0.05      0.16     27.52      1.03
          det_prob[86]      0.10      0.04      0.10      0.05      0.16     28.35      1.03
          det_prob[87]      0.10      0.04      0.09      0.04      0.15     24.52      1.04
          det_prob[88]      0.09      0.03      0.09      0.04      0.15     25.32      1.04
          det_prob[89]      0.09      0.03      0.08      0.05      0.15     26.16      1.03
          det_prob[90]      0.09      0.03      0.08      0.04      0.14     26.62      1.03
          det_prob[91]      0.09      0.03      0.08      0.05      0.15     25.37      1.03
          det_prob[92]      0.09      0.03      0.09      0.04      0.15     26.16      1.05
          det_prob[93]      0.09      0.03      0.09      0.05      0.15     25.59      1.05
          det_prob[94]      0.09      0.03      0.08      0.04      0.15     24.27      1.06
          det_prob[95]      0.09      0.04      0.09      0.04      0.15     23.84      1.06
          det_prob[96]      0.10      0.04      0.09      0.04      0.15     26.72      1.07
          det_prob[97]      0.10      0.04      0.09      0.04      0.16     25.97      1.07
          det_prob[98]      0.10      0.04      0.10      0.05      0.17     27.97      1.07
          det_prob[99]      0.10      0.04      0.10      0.05      0.17     28.12      1.06
         det_prob[100]      0.11      0.04      0.10      0.04      0.17     28.13      1.06
         det_prob[101]      0.10      0.04      0.10      0.05      0.17     27.70      1.05
         det_prob[102]      0.10      0.04      0.10      0.04      0.16     28.06      1.05
         det_prob[103]      0.11      0.04      0.10      0.05      0.16     27.13      1.05
         det_prob[104]      0.11      0.04      0.10      0.05      0.17     28.85      1.05
         det_prob[105]      0.11      0.04      0.10      0.05      0.17     25.80      1.06
         det_prob[106]      0.11      0.04      0.10      0.05      0.16     25.75      1.06
         det_prob[107]      0.10      0.04      0.09      0.05      0.16     26.96      1.05
         det_prob[108]      0.10      0.04      0.09      0.04      0.15     28.48      1.05
         det_prob[109]      0.09      0.04      0.09      0.04      0.14     32.50      1.05
         det_prob[110]      0.09      0.03      0.08      0.04      0.13     30.46      1.06
         det_prob[111]      0.08      0.03      0.08      0.04      0.12     27.76      1.06
         det_prob[112]      0.08      0.03      0.07      0.03      0.12     25.78      1.06
         det_prob[113]      0.08      0.03      0.07      0.04      0.12     31.56      1.04
         det_prob[114]      0.07      0.03      0.07      0.03      0.11     27.23      1.05
         det_prob[115]      0.07      0.03      0.07      0.03      0.11     24.72      1.05
         det_prob[116]      0.07      0.03      0.06      0.03      0.11     25.31      1.04
         det_prob[117]      0.08      0.03      0.07      0.03      0.12     26.80      1.04
         det_prob[118]      0.08      0.03      0.07      0.04      0.12     25.78      1.05
         det_prob[119]      0.08      0.03      0.08      0.04      0.13     23.68      1.05
         det_prob[120]      0.09      0.04      0.08      0.04      0.14     27.85      1.04
         det_prob[121]      0.09      0.04      0.08      0.04      0.14     25.85      1.05
         det_prob[122]      0.10      0.04      0.09      0.05      0.16     23.93      1.06
         det_prob[123]      0.11      0.05      0.10      0.04      0.17     29.31      1.05
         det_prob[124]      0.12      0.05      0.10      0.05      0.19     31.76      1.06
         det_prob[125]      0.13      0.06      0.11      0.05      0.21     29.87      1.07
         det_prob[126]      0.15      0.06      0.13      0.06      0.23     30.48      1.07
         det_prob[127]      0.17      0.07      0.15      0.07      0.27     35.35      1.05
         det_prob[128]      0.19      0.08      0.17      0.09      0.31     29.52      1.06
         det_prob[129]      0.21      0.09      0.19      0.10      0.34     31.65      1.06
         det_prob[130]      0.23      0.09      0.21      0.10      0.36     32.77      1.05
         det_prob[131]      0.26      0.10      0.24      0.10      0.40     38.25      1.05
         det_prob[132]      0.28      0.11      0.25      0.14      0.45     39.35      1.04
         det_prob[133]      0.29      0.12      0.27      0.12      0.45     35.82      1.04
         det_prob[134]      0.30      0.12      0.28      0.14      0.51     35.35      1.04
         det_prob[135]      0.32      0.13      0.30      0.12      0.51     34.23      1.04
         det_prob[136]      0.35      0.13      0.33      0.14      0.54     37.65      1.04
         det_prob[137]      0.38      0.14      0.36      0.17      0.59     37.93      1.04
         det_prob[138]      0.41      0.14      0.39      0.18      0.63     34.49      1.05
         det_prob[139]      0.45      0.14      0.44      0.21      0.68     32.70      1.05
         det_prob[140]      0.49      0.14      0.48      0.25      0.73     36.98      1.04
         det_prob[141]      0.53      0.14      0.53      0.28      0.76     37.74      1.03
         det_prob[142]      0.56      0.14      0.56      0.34      0.80     35.67      1.03
         det_prob[143]      0.58      0.14      0.59      0.36      0.80     35.39      1.03
         det_prob[144]      0.60      0.14      0.61      0.40      0.85     39.75      1.02
         det_prob[145]      0.62      0.14      0.62      0.40      0.85     34.69      1.03
         det_prob[146]      0.63      0.14      0.63      0.43      0.88     35.42      1.03
         det_prob[147]      0.65      0.14      0.64      0.46      0.90     33.09      1.03
         det_prob[148]      0.66      0.14      0.65      0.45      0.89     33.14      1.03
         det_prob[149]      0.66      0.14      0.66      0.45      0.90     31.80      1.03
         det_prob[150]      0.67      0.14      0.67      0.45      0.91     32.30      1.04
         det_prob[151]      0.67      0.14      0.68      0.45      0.92     31.96      1.04
         det_prob[152]      0.68      0.14      0.68      0.46      0.92     31.48      1.04
         det_prob[153]      0.69      0.14      0.69      0.47      0.91     32.22      1.04
         det_prob[154]      0.70      0.14      0.70      0.47      0.91     31.08      1.04
         det_prob[155]      0.71      0.14      0.71      0.49      0.93     31.23      1.04
         det_prob[156]      0.71      0.13      0.72      0.50      0.93     28.59      1.04
         det_prob[157]      0.72      0.13      0.73      0.52      0.94     28.08      1.04
         det_prob[158]      0.73      0.13      0.73      0.53      0.95     25.27      1.04
         det_prob[159]      0.74      0.13      0.74      0.54      0.94     23.64      1.05
         det_prob[160]      0.75      0.12      0.75      0.58      0.96     23.66      1.04
         det_prob[161]      0.75      0.12      0.75      0.58      0.97     22.06      1.05
         det_prob[162]      0.74      0.12      0.75      0.56      0.96     21.39      1.05
         det_prob[163]      0.74      0.13      0.74      0.56      0.97     21.93      1.04
         det_prob[164]      0.73      0.14      0.72      0.54      0.97     21.17      1.05
         det_prob[165]      0.73      0.14      0.73      0.54      0.97     21.38      1.06
         det_prob[166]      0.72      0.14      0.72      0.53      0.97     20.61      1.05
         det_prob[167]      0.72      0.14      0.71      0.52      0.97     20.54      1.06
         det_prob[168]      0.71      0.15      0.71      0.51      0.97     19.51      1.06
         det_prob[169]      0.70      0.15      0.70      0.51      0.98     18.89      1.06
         det_prob[170]      0.70      0.16      0.69      0.49      0.98     18.88      1.06
         det_prob[171]      0.68      0.17      0.67      0.46      0.99     18.66      1.06
         det_prob[172]      0.67      0.17      0.65      0.43      0.97     18.57      1.06
         det_prob[173]      0.65      0.18      0.64      0.40      0.97     18.83      1.06
         det_prob[174]      0.64      0.19      0.62      0.36      0.95     18.64      1.06
         det_prob[175]      0.63      0.19      0.60      0.38      0.98     18.07      1.07
         det_prob[176]      0.62      0.20      0.59      0.34      0.96     17.72      1.07
         det_prob[177]      0.60      0.21      0.57      0.35      0.99     18.07      1.07
         det_prob[178]      0.59      0.21      0.56      0.34      0.99     18.24      1.07
         det_prob[179]      0.58      0.22      0.54      0.31      0.99     18.73      1.06
         det_prob[180]      0.57      0.23      0.54      0.29      0.99     19.05      1.06
         det_prob[181]      0.56      0.23      0.52      0.27      0.99     19.56      1.06
         det_prob[182]      0.56      0.24      0.52      0.26      0.99     19.62      1.06
         det_prob[183]      0.56      0.24      0.51      0.25      0.99     20.11      1.05
         det_prob[184]      0.55      0.24      0.52      0.24      0.99     20.46      1.05
         det_prob[185]      0.55      0.25      0.52      0.22      0.98     20.64      1.06
             det_prob0      0.21      0.05      0.21      0.12      0.30    275.62      1.00
            det_prob_d      0.90      0.03      0.90      0.85      0.94    909.37      1.00
                 gamma      0.51      0.05      0.51      0.43      0.59    649.44      1.00
                 rw[0]     -0.07      0.98     -0.04     -1.70      1.49     86.50      1.06
                 rw[1]     -0.07      1.31     -0.11     -2.31      2.07     35.05      1.12
                 rw[2]      0.06      1.55      0.07     -2.50      2.65     24.22      1.20
                 rw[3]      0.26      1.74      0.23     -2.71      3.17     20.49      1.24
                 rw[4]      0.51      1.91      0.53     -2.69      3.48     15.68      1.30
                 rw[5]      0.72      2.04      0.70     -2.64      4.00     15.32      1.33
                 rw[6]      0.91      2.09      0.84     -2.39      4.40     13.47      1.35
                 rw[7]      1.09      2.16      1.08     -2.49      4.66     12.74      1.39
                 rw[8]      1.30      2.20      1.28     -2.74      4.47     12.47      1.39
                 rw[9]      1.38      2.21      1.35     -2.28      4.87     11.81      1.39
                rw[10]      1.37      2.22      1.24     -2.25      4.87     11.92      1.37
                rw[11]      1.15      2.22      1.19     -2.37      5.05     13.75      1.37
                rw[12]      0.79      2.22      0.78     -2.94      4.17     15.57      1.37
                rw[13]      0.26      2.24      0.22     -3.72      3.42     19.34      1.34
                rw[14]     -0.26      2.14     -0.28     -3.98      2.93     17.73      1.34
                rw[15]     -0.64      2.15     -0.67     -3.90      2.97     17.57      1.34
                rw[16]     -0.90      2.15     -0.96     -4.60      2.48     15.59      1.35
                rw[17]     -1.18      2.17     -1.11     -4.68      2.19     15.84      1.35
                rw[18]     -1.47      2.14     -1.54     -4.95      1.80     15.75      1.34
                rw[19]     -1.71      2.16     -1.77     -5.13      1.63     15.81      1.33
                rw[20]     -1.84      2.15     -1.88     -5.61      1.33     13.13      1.36
                rw[21]     -2.08      2.15     -2.12     -5.70      1.29     13.59      1.36
                rw[22]     -2.29      2.13     -2.36     -6.02      1.09     11.81      1.40
                rw[23]     -2.55      2.18     -2.55     -5.87      1.29     11.48      1.39
                rw[24]     -2.82      2.17     -2.82     -6.34      0.70     11.51      1.41
                rw[25]     -3.30      2.18     -3.32     -7.21     -0.08     12.59      1.39
                rw[26]     -3.82      2.19     -3.94     -7.48     -0.27     12.35      1.40
                rw[27]     -4.33      2.23     -4.35     -8.40     -0.96     13.58      1.39
                rw[28]     -4.82      2.23     -4.88     -9.02     -1.56     13.83      1.38
                rw[29]     -5.30      2.22     -5.37     -9.39     -1.91     15.80      1.35
                rw[30]     -5.82      2.25     -5.87     -9.56     -2.27     18.08      1.34
                rw[31]     -6.25      2.30     -6.28    -10.37     -2.91     15.76      1.36
                rw[32]     -6.55      2.28     -6.61    -10.50     -3.14     18.75      1.32
                rw[33]     -6.82      2.26     -6.88    -10.83     -3.41     16.98      1.33
                rw[34]     -7.05      2.27     -7.10    -11.35     -3.70     16.36      1.35
                rw[35]     -7.20      2.24     -7.19    -11.36     -3.81     16.72      1.34
                rw[36]     -7.31      2.26     -7.29    -11.28     -3.81     15.13      1.36
                rw[37]     -7.37      2.30     -7.32    -11.50     -3.87     17.85      1.35
                rw[38]     -7.49      2.34     -7.57    -11.79     -4.02     16.19      1.35
                rw[39]     -7.53      2.36     -7.62    -11.43     -3.84     16.99      1.34
                rw[40]     -7.57      2.32     -7.66    -11.43     -3.81     14.67      1.37
                rw[41]     -7.56      2.28     -7.56    -11.74     -4.34     14.72      1.37
                rw[42]     -7.49      2.29     -7.49    -11.38     -4.03     14.32      1.34
                rw[43]     -7.46      2.32     -7.41    -11.58     -4.02     14.91      1.33
                rw[44]     -7.42      2.36     -7.49    -11.20     -3.48     13.65      1.37
                rw[45]     -7.36      2.40     -7.41    -11.76     -3.83     13.61      1.37
                rw[46]     -7.34      2.42     -7.41    -11.35     -3.43     13.27      1.37
                rw[47]     -7.30      2.35     -7.21    -11.57     -3.97     14.31      1.36
                rw[48]     -7.32      2.37     -7.27    -11.49     -3.61     13.09      1.37
                rw[49]     -7.32      2.37     -7.27    -11.08     -3.44     11.19      1.39
                rw[50]     -7.42      2.35     -7.42    -11.44     -3.78     11.11      1.39
                rw[51]     -7.45      2.36     -7.51    -11.08     -3.37     11.14      1.38
                rw[52]     -7.52      2.37     -7.58    -11.59     -3.91     10.21      1.39
                rw[53]     -7.64      2.35     -7.66    -11.62     -3.94     11.44      1.36
                rw[54]     -7.74      2.34     -7.83    -11.14     -3.43     12.67      1.35
                rw[55]     -7.83      2.33     -7.81    -11.74     -4.06     12.98      1.35
                rw[56]     -7.95      2.34     -7.98    -11.80     -4.02     12.26      1.35
                rw[57]     -8.03      2.33     -8.08    -12.04     -4.40     12.52      1.33
                rw[58]     -8.12      2.31     -8.18    -12.00     -4.62     11.14      1.36
                rw[59]     -8.24      2.33     -8.36    -12.10     -4.66     11.84      1.36
                rw[60]     -8.32      2.35     -8.48    -12.26     -4.79     12.03      1.37
                rw[61]     -8.29      2.38     -8.40    -11.80     -4.07     10.64      1.42
                rw[62]     -8.31      2.43     -8.33    -12.31     -4.44     11.21      1.39
                rw[63]     -8.26      2.46     -8.22    -12.27     -4.24     13.72      1.36
                rw[64]     -8.23      2.43     -8.24    -12.38     -4.41     14.75      1.37
                rw[65]     -8.21      2.45     -8.30    -13.04     -4.68     14.38      1.38
                rw[66]     -8.12      2.42     -8.17    -11.82     -3.88     14.98      1.36
                rw[67]     -7.99      2.39     -7.97    -12.01     -4.20     14.86      1.38
                rw[68]     -7.85      2.38     -7.87    -11.83     -3.98     13.99      1.37
                rw[69]     -7.67      2.40     -7.69    -11.78     -3.82     15.59      1.36
                rw[70]     -7.47      2.38     -7.62    -11.40     -3.41     13.72      1.38
                rw[71]     -7.29      2.37     -7.36    -11.07     -3.15     14.17      1.37
                rw[72]     -7.05      2.37     -7.16    -11.34     -3.49     12.74      1.36
                rw[73]     -6.93      2.33     -6.92    -10.59     -2.86     14.66      1.35
                rw[74]     -6.83      2.32     -6.84    -10.32     -2.78     13.79      1.37
                rw[75]     -6.69      2.33     -6.72    -10.64     -3.13     10.96      1.40
                rw[76]     -6.57      2.34     -6.57    -10.66     -2.87     11.28      1.39
                rw[77]     -6.41      2.30     -6.38    -10.75     -3.21     11.58      1.37
                rw[78]     -6.23      2.31     -6.23     -9.95     -2.23     11.71      1.38
                rw[79]     -6.09      2.29     -6.08     -9.71     -2.29     12.34      1.39
                rw[80]     -6.02      2.32     -5.98     -9.65     -1.96     14.01      1.38
                rw[81]     -6.01      2.33     -5.93    -10.24     -2.53     16.40      1.35
                rw[82]     -6.06      2.36     -6.05     -9.63     -1.92     18.18      1.32
                rw[83]     -6.11      2.38     -6.14     -9.71     -2.00     16.90      1.33
                rw[84]     -6.24      2.40     -6.28    -10.45     -2.44     15.09      1.34
                rw[85]     -6.40      2.46     -6.29    -10.05     -1.89     14.27      1.33
                rw[86]     -6.68      2.45     -6.58    -10.77     -2.95     14.27      1.34
                rw[87]     -6.98      2.48     -6.84    -11.09     -3.26     17.83      1.31
                rw[88]     -7.23      2.49     -7.11    -11.79     -3.70     16.87      1.33
                rw[89]     -7.48      2.45     -7.43    -11.37     -3.35     16.11      1.34
                rw[90]     -7.69      2.46     -7.71    -11.77     -3.75     15.33      1.36
                rw[91]     -7.95      2.44     -7.95    -11.78     -3.82     14.71      1.39
                rw[92]     -8.15      2.46     -8.07    -12.21     -4.39     12.85      1.40
                rw[93]     -8.36      2.50     -8.15    -12.11     -4.01     12.10      1.41
                rw[94]     -8.51      2.50     -8.48    -12.37     -4.09     12.17      1.39
                rw[95]     -8.56      2.53     -8.58    -12.61     -4.50     12.08      1.41
                rw[96]     -8.61      2.53     -8.48    -12.69     -4.56     15.99      1.38
                rw[97]     -8.58      2.49     -8.45    -12.65     -4.70     15.69      1.37
                rw[98]     -8.49      2.46     -8.36    -12.42     -4.55     11.69      1.39
                rw[99]     -8.34      2.44     -8.32    -12.55     -4.62     12.01      1.39
               rw[100]     -8.14      2.37     -8.11    -11.83     -4.04     12.46      1.41
               rw[101]     -7.80      2.40     -7.78    -12.30     -4.28     12.01      1.41
               rw[102]     -7.41      2.35     -7.41    -11.09     -3.53     11.79      1.39
               rw[103]     -6.94      2.37     -6.93    -10.66     -3.09     12.71      1.37
               rw[104]     -6.46      2.33     -6.34    -10.30     -2.78     13.42      1.36
               rw[105]     -5.92      2.29     -5.84     -9.37     -2.19     12.49      1.38
               rw[106]     -5.49      2.32     -5.48     -9.44     -1.90     12.14      1.37
               rw[107]     -5.15      2.28     -5.09     -8.88     -1.33     11.65      1.41
               rw[108]     -4.75      2.24     -4.80     -8.57     -1.23     11.14      1.42
               rw[109]     -4.43      2.30     -4.50     -8.12     -0.60     10.91      1.40
               rw[110]     -4.13      2.28     -4.24     -8.16     -0.71     10.73      1.40
               rw[111]     -3.91      2.26     -3.97     -7.37     -0.05     10.41      1.39
               rw[112]     -3.88      2.29     -3.94     -7.72     -0.40     10.32      1.40
               rw[113]     -4.04      2.34     -4.09     -8.00     -0.38     10.56      1.40
               rw[114]     -4.35      2.38     -4.44     -8.67     -1.00     12.17      1.37
               rw[115]     -4.80      2.41     -4.90     -8.97     -1.11     12.53      1.36
               rw[116]     -5.39      2.43     -5.52     -9.05     -1.16     11.18      1.37
               rw[117]     -5.97      2.44     -5.92     -9.73     -1.79     12.53      1.36
               rw[118]     -6.70      2.48     -6.72    -10.70     -2.87     13.39      1.35
               rw[119]     -7.45      2.49     -7.35    -11.14     -3.14     14.13      1.34
               rw[120]     -8.25      2.51     -8.26    -12.37     -4.20     15.90      1.32
               rw[121]     -8.95      2.52     -8.98    -13.03     -4.84     14.45      1.35
               rw[122]     -9.59      2.51     -9.55    -13.95     -5.91     13.69      1.36
               rw[123]    -10.17      2.58    -10.19    -14.30     -5.86     13.38      1.37
               rw[124]    -10.62      2.50    -10.51    -14.85     -6.69     10.40      1.40
               rw[125]    -10.92      2.52    -10.83    -15.03     -6.92      9.82      1.40
               rw[126]    -11.12      2.52    -11.05    -15.17     -7.00     10.91      1.39
               rw[127]    -11.22      2.53    -11.18    -15.25     -7.06      9.64      1.43
               rw[128]    -11.24      2.52    -11.15    -15.40     -7.07     11.25      1.42
               rw[129]    -11.15      2.49    -11.21    -15.11     -6.97     11.94      1.39
               rw[130]    -10.99      2.47    -11.00    -15.17     -7.01     11.46      1.40
               rw[131]    -10.81      2.46    -10.82    -15.16     -7.19     13.20      1.36
               rw[132]    -10.56      2.40    -10.58    -14.36     -6.57     15.05      1.34
               rw[133]    -10.19      2.36    -10.21    -13.85     -6.17     16.22      1.33
               rw[134]     -9.68      2.28     -9.69    -13.56     -6.19     15.41      1.35
               rw[135]     -9.07      2.31     -9.20    -12.81     -5.23     14.55      1.35
               rw[136]     -8.43      2.31     -8.47    -12.65     -4.97     16.06      1.33
               rw[137]     -7.80      2.35     -7.71    -11.90     -4.19     17.80      1.31
               rw[138]     -7.22      2.38     -7.18    -11.11     -3.30     17.22      1.32
               rw[139]     -6.77      2.35     -6.70    -10.52     -2.94     15.71      1.33
               rw[140]     -6.40      2.35     -6.46    -10.13     -2.65     16.49      1.33
               rw[141]     -6.13      2.40     -6.15    -10.27     -2.54     17.26      1.33
               rw[142]     -5.94      2.40     -5.92     -9.51     -1.75     14.93      1.35
               rw[143]     -5.92      2.38     -5.89     -9.85     -1.89     14.06      1.37
               rw[144]     -5.89      2.36     -5.92     -9.74     -1.94     12.35      1.41
               rw[145]     -5.92      2.33     -5.96     -9.60     -1.98     15.48      1.37
               rw[146]     -5.96      2.31     -6.06     -9.70     -2.12     13.26      1.38
               rw[147]     -6.01      2.33     -6.01     -9.92     -2.29     10.97      1.40
               rw[148]     -6.05      2.34     -6.07     -9.86     -2.14     11.81      1.40
               rw[149]     -6.12      2.36     -6.10    -10.05     -2.16     10.51      1.43
               rw[150]     -6.22      2.41     -6.25    -10.24     -2.17     12.25      1.39
               rw[151]     -6.24      2.40     -6.30     -9.58     -1.52     11.92      1.40
               rw[152]     -6.28      2.46     -6.34    -10.35     -2.23     13.45      1.38
               rw[153]     -6.38      2.43     -6.36    -10.16     -2.20     12.66      1.39
               rw[154]     -6.43      2.42     -6.36    -11.07     -3.03     10.94      1.42
               rw[155]     -6.49      2.40     -6.46    -10.13     -1.98     10.64      1.42
               rw[156]     -6.64      2.38     -6.57    -10.62     -2.93     10.64      1.41
               rw[157]     -6.76      2.36     -6.68    -10.89     -3.13     12.98      1.39
               rw[158]     -6.91      2.40     -6.97    -10.92     -3.04     13.09      1.38
               rw[159]     -6.94      2.31     -6.91    -10.82     -3.27     12.95      1.36
               rw[160]     -7.08      2.27     -7.15    -11.13     -3.67     11.40      1.39
               rw[161]     -7.23      2.26     -7.19    -10.64     -3.24     12.02      1.38
               rw[162]     -7.35      2.28     -7.30    -11.21     -3.94     11.34      1.38
               rw[163]     -7.34      2.26     -7.26    -11.39     -4.06     11.10      1.39
               rw[164]     -7.16      2.27     -7.15    -10.78     -3.49     10.73      1.38
               rw[165]     -6.79      2.27     -6.78    -10.91     -3.55      9.63      1.40
               rw[166]     -6.43      2.27     -6.44    -10.34     -3.05     10.45      1.42
               rw[167]     -6.08      2.34     -6.05     -9.65     -1.98      9.93      1.43
               rw[168]     -5.58      2.33     -5.57     -9.54     -1.85      9.90      1.43
               rw[169]     -5.14      2.33     -5.12     -8.91     -1.41      9.86      1.44
               rw[170]     -4.75      2.33     -4.81     -8.63     -1.13      9.43      1.46
               rw[171]     -4.36      2.33     -4.41     -8.06     -0.46      9.81      1.44
               rw[172]     -3.95      2.38     -3.96     -7.83     -0.20      9.51      1.44
               rw[173]     -3.61      2.40     -3.52     -7.42      0.43      8.90      1.45
               rw[174]     -3.41      2.39     -3.38     -7.57      0.25      8.33      1.45
               rw[175]     -3.31      2.41     -3.27     -7.58      0.32      8.33      1.47
               rw[176]     -3.40      2.41     -3.34     -7.78      0.03      9.03      1.43
               rw[177]     -3.62      2.49     -3.52     -7.68      0.36      9.24      1.41
               rw[178]     -3.86      2.55     -3.87     -7.87      0.49      9.08      1.40
               rw[179]     -4.20      2.52     -4.16     -8.41     -0.28     11.84      1.34
               rw[180]     -4.51      2.58     -4.45     -9.00     -0.61     12.34      1.34
               rw[181]     -4.76      2.57     -4.74     -9.28     -0.84     14.49      1.30
               rw[182]     -4.99      2.65     -5.00     -8.84     -0.12     16.40      1.28
               rw[183]     -5.15      2.73     -5.08     -9.56     -0.71     20.78      1.24
               rw[184]     -5.27      2.86     -5.26     -9.75     -0.31     27.21      1.21
               rw[185]     -5.30      2.97     -5.41     -9.67      0.18     28.33      1.19
                 sigma      0.25      0.02      0.25      0.21      0.29    294.20      1.01

Number of divergences: 142
