
                            mean       std    median      5.0%     95.0%     n_eff     r_hat
                    D0      0.80      0.93      0.51      0.00      1.80   1333.26      1.00
                    E0    277.25    187.52    234.00     10.81    527.08    183.54      1.03
                    H0      1.74      1.75      1.18      0.00      4.07   1598.34      1.00
                    I0     72.87     45.27     61.46     14.01    131.52    429.99      1.01
                 beta0      2.40      0.86      2.28      1.09      3.73     17.77      1.33
  confirmed_dispersion      0.11      0.01      0.11      0.10      0.12   1318.33      1.00
      death_dispersion      0.28      0.03      0.28      0.24      0.32   1614.05      1.00
            death_prob      0.01      0.00      0.01      0.01      0.02     82.24      1.00
            death_rate      0.07      0.01      0.07      0.06      0.08     84.07      1.05
           det_prob[0]      0.18      0.05      0.18      0.10      0.26    408.66      1.00
           det_prob[1]      0.16      0.05      0.16      0.09      0.24    399.58      1.00
           det_prob[2]      0.15      0.04      0.15      0.09      0.23    384.31      1.00
           det_prob[3]      0.13      0.04      0.12      0.07      0.19    373.06      1.00
           det_prob[4]      0.11      0.03      0.10      0.05      0.15    386.29      1.00
           det_prob[5]      0.09      0.03      0.08      0.04      0.13    357.15      1.00
           det_prob[6]      0.08      0.02      0.07      0.04      0.12    324.31      1.00
           det_prob[7]      0.07      0.02      0.06      0.03      0.10    280.28      1.01
           det_prob[8]      0.06      0.02      0.06      0.03      0.09    270.84      1.01
           det_prob[9]      0.05      0.02      0.05      0.02      0.08    252.32      1.01
          det_prob[10]      0.05      0.02      0.05      0.02      0.07    246.88      1.01
          det_prob[11]      0.05      0.02      0.05      0.02      0.07    292.45      1.01
          det_prob[12]      0.05      0.02      0.05      0.03      0.08    289.90      1.02
          det_prob[13]      0.06      0.02      0.06      0.03      0.08    293.37      1.01
          det_prob[14]      0.06      0.02      0.06      0.03      0.09    305.84      1.01
          det_prob[15]      0.07      0.02      0.07      0.03      0.10    289.75      1.01
          det_prob[16]      0.07      0.02      0.06      0.04      0.10    299.95      1.02
          det_prob[17]      0.07      0.02      0.07      0.03      0.10    316.31      1.01
          det_prob[18]      0.07      0.02      0.07      0.04      0.10    319.03      1.01
          det_prob[19]      0.07      0.02      0.06      0.04      0.09    321.19      1.01
          det_prob[20]      0.07      0.02      0.06      0.04      0.10    262.39      1.01
          det_prob[21]      0.07      0.02      0.06      0.03      0.09    240.21      1.01
          det_prob[22]      0.07      0.02      0.06      0.04      0.09    259.89      1.01
          det_prob[23]      0.07      0.02      0.06      0.04      0.10    264.08      1.01
          det_prob[24]      0.07      0.02      0.07      0.04      0.10    283.76      1.00
          det_prob[25]      0.07      0.02      0.07      0.04      0.10    286.30      1.00
          det_prob[26]      0.08      0.02      0.07      0.04      0.11    282.92      1.00
          det_prob[27]      0.08      0.02      0.08      0.05      0.11    290.33      1.00
          det_prob[28]      0.09      0.02      0.09      0.05      0.13    244.47      1.00
          det_prob[29]      0.10      0.03      0.09      0.06      0.14    234.55      1.00
          det_prob[30]      0.11      0.03      0.10      0.07      0.16    211.56      1.00
          det_prob[31]      0.12      0.03      0.11      0.06      0.17    172.68      1.00
          det_prob[32]      0.13      0.03      0.12      0.07      0.18    150.06      1.00
          det_prob[33]      0.14      0.04      0.13      0.08      0.20    148.60      1.00
          det_prob[34]      0.16      0.04      0.15      0.09      0.22    136.29      1.01
          det_prob[35]      0.17      0.05      0.16      0.10      0.25    135.48      1.00
          det_prob[36]      0.19      0.05      0.18      0.11      0.27    121.72      1.00
          det_prob[37]      0.20      0.05      0.19      0.11      0.29     92.68      1.00
          det_prob[38]      0.21      0.06      0.21      0.12      0.30     96.80      1.01
          det_prob[39]      0.23      0.06      0.22      0.12      0.31     94.86      1.01
          det_prob[40]      0.25      0.07      0.24      0.14      0.35     92.30      1.01
          det_prob[41]      0.28      0.07      0.27      0.16      0.40     85.40      1.01
          det_prob[42]      0.30      0.08      0.29      0.18      0.44     59.48      1.01
          det_prob[43]      0.31      0.09      0.30      0.16      0.44     57.42      1.01
          det_prob[44]      0.32      0.09      0.31      0.19      0.49     47.50      1.02
          det_prob[45]      0.34      0.10      0.33      0.18      0.50     47.55      1.02
          det_prob[46]      0.36      0.11      0.35      0.19      0.53     50.45      1.02
          det_prob[47]      0.38      0.11      0.37      0.20      0.56     40.38      1.03
          det_prob[48]      0.41      0.12      0.40      0.22      0.60     50.10      1.03
          det_prob[49]      0.44      0.12      0.43      0.25      0.63     45.82      1.03
          det_prob[50]      0.47      0.12      0.47      0.29      0.67     39.78      1.04
          det_prob[51]      0.50      0.13      0.49      0.30      0.69     38.70      1.04
          det_prob[52]      0.50      0.13      0.50      0.28      0.71     33.64      1.04
          det_prob[53]      0.51      0.14      0.50      0.29      0.74     32.94      1.04
          det_prob[54]      0.51      0.14      0.51      0.29      0.75     33.06      1.05
          det_prob[55]      0.52      0.15      0.52      0.30      0.78     30.23      1.05
          det_prob[56]      0.54      0.15      0.54      0.27      0.75     29.58      1.06
          det_prob[57]      0.55      0.15      0.55      0.28      0.77     32.12      1.05
          det_prob[58]      0.56      0.15      0.56      0.29      0.79     32.84      1.05
          det_prob[59]      0.56      0.16      0.56      0.28      0.79     32.69      1.05
          det_prob[60]      0.57      0.16      0.57      0.30      0.82     30.91      1.05
          det_prob[61]      0.57      0.17      0.57      0.31      0.85     30.17      1.05
          det_prob[62]      0.58      0.16      0.58      0.33      0.86     31.00      1.05
          det_prob[63]      0.59      0.16      0.59      0.34      0.86     32.05      1.05
          det_prob[64]      0.60      0.16      0.60      0.35      0.88     30.93      1.05
          det_prob[65]      0.60      0.16      0.60      0.34      0.86     29.74      1.06
          det_prob[66]      0.61      0.17      0.60      0.32      0.86     29.48      1.05
          det_prob[67]      0.61      0.17      0.60      0.34      0.89     30.67      1.06
          det_prob[68]      0.62      0.17      0.61      0.37      0.92     30.67      1.07
          det_prob[69]      0.63      0.17      0.63      0.35      0.89     31.06      1.06
          det_prob[70]      0.64      0.16      0.64      0.39      0.92     31.65      1.07
          det_prob[71]      0.65      0.16      0.65      0.41      0.94     32.62      1.06
          det_prob[72]      0.65      0.16      0.65      0.40      0.93     35.55      1.05
          det_prob[73]      0.65      0.17      0.65      0.43      0.97     37.77      1.05
          det_prob[74]      0.65      0.17      0.66      0.38      0.93     36.09      1.05
          det_prob[75]      0.66      0.17      0.66      0.42      0.98     37.30      1.04
          det_prob[76]      0.66      0.17      0.66      0.42      0.96     35.99      1.05
          det_prob[77]      0.67      0.17      0.67      0.44      0.98     35.29      1.05
          det_prob[78]      0.67      0.17      0.67      0.45      0.99     33.95      1.05
          det_prob[79]      0.67      0.17      0.68      0.45      0.99     32.74      1.05
          det_prob[80]      0.67      0.18      0.68      0.42      0.98     31.91      1.05
          det_prob[81]      0.67      0.18      0.68      0.42      0.98     31.10      1.05
          det_prob[82]      0.67      0.18      0.67      0.41      0.98     30.87      1.05
          det_prob[83]      0.67      0.18      0.68      0.42      0.98     31.13      1.05
          det_prob[84]      0.68      0.18      0.69      0.44      0.99     29.87      1.05
          det_prob[85]      0.69      0.18      0.69      0.44      0.98     29.45      1.05
          det_prob[86]      0.68      0.18      0.68      0.44      0.98     27.93      1.05
          det_prob[87]      0.68      0.18      0.68      0.43      0.98     28.62      1.05
          det_prob[88]      0.68      0.18      0.69      0.43      0.99     27.42      1.06
          det_prob[89]      0.68      0.18      0.69      0.43      0.99     26.77      1.06
          det_prob[90]      0.68      0.18      0.69      0.42      0.99     26.83      1.06
          det_prob[91]      0.68      0.19      0.69      0.42      0.99     27.22      1.06
          det_prob[92]      0.68      0.19      0.69      0.42      0.99     26.71      1.06
          det_prob[93]      0.68      0.19      0.68      0.41      0.99     26.84      1.06
          det_prob[94]      0.67      0.20      0.68      0.39      0.99     25.69      1.07
          det_prob[95]      0.67      0.20      0.68      0.39      1.00     26.15      1.06
          det_prob[96]      0.67      0.20      0.68      0.37      0.98     25.23      1.06
          det_prob[97]      0.67      0.20      0.67      0.38      1.00     25.15      1.06
          det_prob[98]      0.67      0.20      0.68      0.38      1.00     25.42      1.06
          det_prob[99]      0.68      0.20      0.69      0.39      1.00     25.01      1.06
         det_prob[100]      0.68      0.20      0.68      0.40      1.00     24.77      1.06
         det_prob[101]      0.68      0.20      0.68      0.40      1.00     25.12      1.06
         det_prob[102]      0.67      0.20      0.68      0.40      1.00     25.31      1.06
         det_prob[103]      0.67      0.20      0.68      0.39      1.00     25.07      1.06
         det_prob[104]      0.68      0.20      0.68      0.40      1.00     25.63      1.06
         det_prob[105]      0.68      0.20      0.68      0.40      1.00     25.91      1.06
         det_prob[106]      0.69      0.20      0.70      0.41      1.00     26.39      1.06
         det_prob[107]      0.69      0.20      0.70      0.42      1.00     26.20      1.06
         det_prob[108]      0.69      0.20      0.70      0.42      1.00     26.05      1.05
         det_prob[109]      0.69      0.20      0.70      0.43      1.00     26.71      1.05
         det_prob[110]      0.70      0.20      0.70      0.43      1.00     27.42      1.05
         det_prob[111]      0.70      0.19      0.71      0.44      1.00     27.49      1.05
         det_prob[112]      0.71      0.19      0.70      0.45      1.00     27.64      1.05
         det_prob[113]      0.71      0.19      0.72      0.44      1.00     27.97      1.05
         det_prob[114]      0.71      0.19      0.72      0.44      1.00     29.14      1.05
         det_prob[115]      0.72      0.19      0.73      0.45      1.00     30.48      1.05
         det_prob[116]      0.72      0.19      0.73      0.45      1.00     31.04      1.04
         det_prob[117]      0.73      0.19      0.75      0.46      1.00     31.84      1.04
         det_prob[118]      0.74      0.18      0.76      0.48      1.00     31.95      1.04
         det_prob[119]      0.75      0.17      0.77      0.50      1.00     32.13      1.04
         det_prob[120]      0.76      0.17      0.77      0.51      1.00     32.63      1.04
         det_prob[121]      0.76      0.17      0.78      0.52      1.00     32.70      1.04
         det_prob[122]      0.77      0.17      0.79      0.52      1.00     35.81      1.04
         det_prob[123]      0.77      0.17      0.80      0.53      1.00     36.93      1.04
         det_prob[124]      0.78      0.16      0.81      0.55      1.00     36.60      1.04
         det_prob[125]      0.79      0.15      0.82      0.57      1.00     36.39      1.04
         det_prob[126]      0.80      0.15      0.82      0.59      1.00     39.62      1.03
         det_prob[127]      0.81      0.14      0.83      0.60      1.00     42.85      1.03
         det_prob[128]      0.82      0.14      0.84      0.62      1.00     42.91      1.03
         det_prob[129]      0.83      0.13      0.85      0.64      1.00     43.12      1.03
         det_prob[130]      0.84      0.13      0.86      0.65      1.00     43.13      1.02
         det_prob[131]      0.84      0.12      0.87      0.67      1.00     41.76      1.02
         det_prob[132]      0.85      0.12      0.88      0.68      1.00     43.04      1.02
         det_prob[133]      0.86      0.11      0.88      0.71      1.00     44.58      1.01
         det_prob[134]      0.86      0.11      0.89      0.71      1.00     49.02      1.01
         det_prob[135]      0.87      0.11      0.89      0.73      1.00     49.27      1.01
         det_prob[136]      0.87      0.11      0.89      0.74      1.00     52.78      1.01
         det_prob[137]      0.88      0.10      0.90      0.75      1.00     51.47      1.01
         det_prob[138]      0.88      0.10      0.90      0.76      1.00     51.88      1.01
         det_prob[139]      0.89      0.10      0.91      0.77      1.00     55.13      1.01
         det_prob[140]      0.89      0.09      0.91      0.78      1.00     56.85      1.01
         det_prob[141]      0.90      0.09      0.92      0.78      1.00     51.43      1.01
         det_prob[142]      0.90      0.09      0.92      0.79      1.00     60.26      1.01
         det_prob[143]      0.90      0.08      0.92      0.79      1.00     60.58      1.01
         det_prob[144]      0.91      0.08      0.92      0.80      1.00     61.90      1.01
         det_prob[145]      0.91      0.08      0.93      0.80      1.00     60.66      1.01
         det_prob[146]      0.91      0.08      0.93      0.80      1.00     59.89      1.01
         det_prob[147]      0.91      0.08      0.93      0.81      1.00     60.04      1.01
         det_prob[148]      0.91      0.08      0.93      0.81      1.00     61.35      1.01
         det_prob[149]      0.92      0.08      0.94      0.81      1.00     62.10      1.01
         det_prob[150]      0.92      0.08      0.94      0.81      1.00     66.17      1.01
         det_prob[151]      0.92      0.08      0.94      0.82      1.00     64.84      1.00
         det_prob[152]      0.92      0.08      0.94      0.82      1.00     63.40      1.01
         det_prob[153]      0.92      0.08      0.94      0.83      1.00     63.65      1.01
         det_prob[154]      0.92      0.08      0.94      0.83      1.00     62.68      1.00
         det_prob[155]      0.92      0.07      0.95      0.83      1.00     58.47      1.01
         det_prob[156]      0.92      0.08      0.95      0.83      1.00     57.98      1.01
         det_prob[157]      0.92      0.08      0.95      0.82      1.00     60.54      1.01
         det_prob[158]      0.92      0.08      0.95      0.82      1.00     63.46      1.01
         det_prob[159]      0.93      0.08      0.95      0.83      1.00     66.32      1.00
         det_prob[160]      0.92      0.08      0.95      0.83      1.00     67.17      1.00
         det_prob[161]      0.92      0.08      0.95      0.82      1.00     64.96      1.00
         det_prob[162]      0.93      0.08      0.95      0.83      1.00     65.77      1.00
         det_prob[163]      0.93      0.08      0.95      0.82      1.00     64.16      1.00
         det_prob[164]      0.93      0.08      0.95      0.81      1.00     63.59      1.00
         det_prob[165]      0.92      0.08      0.95      0.82      1.00     64.92      1.00
         det_prob[166]      0.92      0.08      0.95      0.82      1.00     64.81      1.00
         det_prob[167]      0.92      0.09      0.95      0.81      1.00     64.30      1.00
         det_prob[168]      0.92      0.09      0.95      0.81      1.00     63.41      1.00
         det_prob[169]      0.92      0.09      0.95      0.81      1.00     65.16      1.00
         det_prob[170]      0.92      0.09      0.95      0.81      1.00     66.27      1.00
         det_prob[171]      0.92      0.10      0.96      0.81      1.00     70.05      1.00
         det_prob[172]      0.92      0.10      0.96      0.81      1.00     69.32      1.00
         det_prob[173]      0.92      0.10      0.96      0.80      1.00     71.78      1.00
         det_prob[174]      0.92      0.10      0.96      0.80      1.00     72.07      1.00
         det_prob[175]      0.92      0.09      0.96      0.80      1.00     71.60      1.00
         det_prob[176]      0.92      0.10      0.96      0.80      1.00     73.18      1.00
         det_prob[177]      0.92      0.10      0.96      0.80      1.00     74.36      1.00
         det_prob[178]      0.92      0.10      0.96      0.80      1.00     76.50      1.00
         det_prob[179]      0.92      0.10      0.96      0.80      1.00     77.65      1.00
         det_prob[180]      0.92      0.10      0.96      0.80      1.00     78.47      1.00
         det_prob[181]      0.92      0.10      0.96      0.80      1.00     82.86      1.00
         det_prob[182]      0.92      0.10      0.96      0.81      1.00     81.44      1.00
         det_prob[183]      0.92      0.10      0.96      0.80      1.00     83.32      1.00
         det_prob[184]      0.92      0.10      0.96      0.80      1.00     85.94      1.00
         det_prob[185]      0.92      0.11      0.96      0.79      1.00     90.91      1.00
             det_prob0      0.21      0.05      0.21      0.13      0.30    483.66      1.00
            det_prob_d      0.90      0.03      0.90      0.85      0.95   1875.77      1.00
                 gamma      0.51      0.05      0.50      0.42      0.58   1161.23      1.01
                 rw[0]      0.07      0.94      0.05     -1.55      1.48    141.57      1.05
                 rw[1]      0.22      1.31      0.20     -1.84      2.47     60.05      1.12
                 rw[2]      0.33      1.58      0.34     -2.40      2.78     34.32      1.16
                 rw[3]      0.34      1.77      0.32     -2.42      3.40     38.56      1.18
                 rw[4]      0.58      1.89      0.64     -2.52      3.60     25.43      1.22
                 rw[5]      0.85      2.01      0.87     -2.34      4.17     20.28      1.25
                 rw[6]      1.24      2.07      1.17     -2.08      4.57     21.01      1.24
                 rw[7]      1.44      2.13      1.40     -2.23      4.59     16.29      1.28
                 rw[8]      1.51      2.14      1.48     -2.08      4.77     20.68      1.24
                 rw[9]      1.42      2.10      1.36     -1.87      4.84     19.52      1.24
                rw[10]      1.21      2.13      1.12     -2.21      4.38     19.62      1.24
                rw[11]      0.99      2.07      1.01     -2.49      3.95     21.69      1.24
                rw[12]      0.66      2.04      0.55     -2.82      3.79     20.63      1.24
                rw[13]      0.21      2.02      0.22     -2.83      3.49     22.22      1.25
                rw[14]     -0.35      1.98     -0.35     -3.57      2.78     20.97      1.26
                rw[15]     -0.92      2.01     -0.93     -4.24      2.19     21.02      1.25
                rw[16]     -1.45      2.02     -1.46     -4.84      1.67     21.73      1.25
                rw[17]     -2.06      2.07     -2.06     -5.54      1.08     18.52      1.27
                rw[18]     -2.68      2.01     -2.68     -5.73      0.51     17.60      1.28
                rw[19]     -3.31      2.08     -3.40     -6.85     -0.24     16.45      1.28
                rw[20]     -3.84      2.11     -3.88     -7.18     -0.36     14.36      1.29
                rw[21]     -4.47      2.08     -4.61     -7.88     -1.20     13.68      1.30
                rw[22]     -5.19      2.12     -5.35     -8.45     -1.74     15.19      1.29
                rw[23]     -5.79      2.13     -5.93     -9.49     -2.66     13.50      1.28
                rw[24]     -6.44      2.17     -6.58     -9.84     -3.03     12.55      1.30
                rw[25]     -7.09      2.24     -7.23    -10.92     -3.83     13.73      1.28
                rw[26]     -7.73      2.27     -7.88    -11.74     -4.49     15.30      1.28
                rw[27]     -8.33      2.32     -8.43    -12.05     -4.77     15.23      1.29
                rw[28]     -8.92      2.35     -8.93    -13.11     -5.61     16.53      1.27
                rw[29]     -9.43      2.34     -9.44    -13.31     -5.64     17.31      1.27
                rw[30]     -9.93      2.40    -10.00    -14.06     -6.27     15.78      1.28
                rw[31]    -10.35      2.43    -10.36    -14.66     -6.82     18.98      1.26
                rw[32]    -10.69      2.41    -10.69    -15.05     -7.14     20.10      1.24
                rw[33]    -11.01      2.42    -11.00    -15.13     -7.18     21.23      1.23
                rw[34]    -11.20      2.44    -11.25    -15.66     -7.64     22.53      1.22
                rw[35]    -11.31      2.46    -11.32    -15.47     -7.40     19.91      1.21
                rw[36]    -11.46      2.46    -11.42    -15.30     -7.37     21.08      1.22
                rw[37]    -11.53      2.50    -11.57    -16.17     -7.83     23.30      1.23
                rw[38]    -11.54      2.49    -11.55    -15.59     -7.48     29.56      1.20
                rw[39]    -11.51      2.49    -11.61    -15.55     -7.39     29.92      1.21
                rw[40]    -11.50      2.48    -11.51    -15.36     -7.37     20.84      1.24
                rw[41]    -11.43      2.50    -11.43    -15.24     -7.42     21.60      1.25
                rw[42]    -11.29      2.50    -11.35    -15.48     -7.51     20.88      1.25
                rw[43]    -11.20      2.48    -11.25    -15.13     -7.11     23.55      1.25
                rw[44]    -11.09      2.53    -11.17    -15.30     -7.36     21.32      1.26
                rw[45]    -10.99      2.55    -11.15    -15.05     -7.02     18.27      1.28
                rw[46]    -10.82      2.59    -10.94    -15.09     -6.84     20.13      1.28
                rw[47]    -10.57      2.60    -10.66    -14.45     -6.06     22.39      1.25
                rw[48]    -10.41      2.58    -10.50    -14.38     -6.17     23.82      1.24
                rw[49]    -10.18      2.58    -10.31    -14.59     -6.56     20.77      1.25
                rw[50]    -10.13      2.56    -10.17    -14.46     -6.28     19.96      1.24
                rw[51]    -10.18      2.50    -10.25    -14.48     -6.37     18.35      1.25
                rw[52]    -10.17      2.43    -10.25    -14.18     -6.52     16.87      1.27
                rw[53]    -10.09      2.37    -10.15    -13.84     -6.12     14.75      1.27
                rw[54]    -10.00      2.34    -10.06    -13.77     -6.42     15.68      1.27
                rw[55]     -9.89      2.29     -9.92    -13.66     -6.27     13.80      1.28
                rw[56]     -9.84      2.29     -9.90    -13.48     -6.20     13.92      1.28
                rw[57]     -9.81      2.33     -9.88    -13.44     -5.81     15.17      1.27
                rw[58]     -9.76      2.29     -9.76    -13.53     -6.07     18.07      1.25
                rw[59]     -9.72      2.30     -9.69    -13.34     -5.93     23.79      1.23
                rw[60]     -9.67      2.33     -9.71    -13.64     -6.03     24.40      1.24
                rw[61]     -9.49      2.35     -9.58    -13.13     -5.51     21.16      1.24
                rw[62]     -9.36      2.33     -9.48    -13.50     -5.84     23.06      1.24
                rw[63]     -9.24      2.37     -9.29    -13.12     -5.56     24.81      1.22
                rw[64]     -9.16      2.32     -9.23    -13.28     -5.83     25.84      1.22
                rw[65]     -9.00      2.29     -9.09    -12.59     -5.27     29.45      1.22
                rw[66]     -8.92      2.28     -9.01    -12.77     -5.43     27.81      1.22
                rw[67]     -8.77      2.31     -8.77    -12.61     -5.21     27.02      1.21
                rw[68]     -8.58      2.25     -8.62    -11.92     -4.59     28.78      1.22
                rw[69]     -8.44      2.23     -8.49    -11.73     -4.47     31.58      1.21
                rw[70]     -8.38      2.25     -8.41    -11.99     -4.79     25.79      1.23
                rw[71]     -8.35      2.27     -8.44    -11.84     -4.62     23.03      1.23
                rw[72]     -8.32      2.25     -8.45    -11.94     -4.83     24.43      1.23
                rw[73]     -8.33      2.26     -8.43    -12.10     -4.96     21.35      1.24
                rw[74]     -8.24      2.28     -8.33    -11.98     -4.82     21.47      1.23
                rw[75]     -8.13      2.31     -8.23    -11.80     -4.38     18.94      1.24
                rw[76]     -8.07      2.32     -8.16    -11.93     -4.45     21.22      1.21
                rw[77]     -7.99      2.29     -7.98    -11.72     -4.45     24.03      1.20
                rw[78]     -7.95      2.29     -7.96    -11.87     -4.54     24.56      1.20
                rw[79]     -7.97      2.26     -8.03    -11.30     -3.96     22.17      1.23
                rw[80]     -7.96      2.28     -8.07    -11.85     -4.48     20.83      1.25
                rw[81]     -7.94      2.23     -7.94    -11.62     -4.42     21.01      1.25
                rw[82]     -7.99      2.21     -8.01    -11.64     -4.49     20.70      1.26
                rw[83]     -7.95      2.19     -7.98    -11.73     -4.54     23.98      1.23
                rw[84]     -7.95      2.24     -7.95    -11.50     -4.24     23.81      1.24
                rw[85]     -8.00      2.27     -7.91    -11.75     -4.34     21.51      1.24
                rw[86]     -8.06      2.29     -8.07    -11.80     -4.49     20.19      1.26
                rw[87]     -8.09      2.26     -8.09    -11.70     -4.32     20.51      1.25
                rw[88]     -8.15      2.27     -8.14    -11.67     -4.49     17.33      1.28
                rw[89]     -8.19      2.20     -8.22    -11.76     -4.67     21.96      1.25
                rw[90]     -8.18      2.22     -8.24    -12.16     -5.00     22.42      1.25
                rw[91]     -8.18      2.25     -8.17    -12.09     -4.79     17.44      1.27
                rw[92]     -8.24      2.24     -8.23    -11.77     -4.46     18.26      1.26
                rw[93]     -8.26      2.29     -8.30    -12.03     -4.58     15.45      1.29
                rw[94]     -8.23      2.31     -8.24    -12.07     -4.39     16.61      1.28
                rw[95]     -8.16      2.24     -8.09    -11.85     -4.55     17.58      1.26
                rw[96]     -8.02      2.20     -8.03    -11.50     -4.52     18.42      1.26
                rw[97]     -7.91      2.22     -7.85    -11.06     -3.89     20.16      1.25
                rw[98]     -7.81      2.24     -7.82    -11.44     -4.23     19.40      1.26
                rw[99]     -7.72      2.25     -7.71    -11.20     -4.10     17.94      1.27
               rw[100]     -7.62      2.23     -7.56    -11.09     -3.94     21.65      1.26
               rw[101]     -7.57      2.23     -7.66    -11.45     -4.38     20.73      1.27
               rw[102]     -7.50      2.22     -7.51    -11.13     -4.06     23.57      1.25
               rw[103]     -7.41      2.25     -7.48    -11.27     -3.94     25.72      1.24
               rw[104]     -7.32      2.24     -7.30    -11.32     -4.11     24.20      1.24
               rw[105]     -7.23      2.16     -7.27    -11.10     -4.05     26.22      1.23
               rw[106]     -7.18      2.19     -7.27    -11.10     -3.81     27.07      1.23
               rw[107]     -7.16      2.26     -7.20    -11.08     -3.76     25.74      1.23
               rw[108]     -7.16      2.23     -7.15    -10.82     -3.60     24.41      1.23
               rw[109]     -7.08      2.24     -7.06    -10.48     -3.29     26.25      1.23
               rw[110]     -7.02      2.24     -7.02    -10.92     -3.57     30.25      1.19
               rw[111]     -6.96      2.24     -7.06    -10.60     -3.54     29.25      1.19
               rw[112]     -6.97      2.21     -7.02    -10.39     -3.44     33.47      1.19
               rw[113]     -7.01      2.24     -7.14    -10.35     -3.28     32.14      1.20
               rw[114]     -7.03      2.23     -7.00    -10.33     -3.17     31.58      1.20
               rw[115]     -7.06      2.18     -7.04    -10.90     -3.87     32.97      1.19
               rw[116]     -7.02      2.16     -7.06    -10.21     -3.31     32.36      1.20
               rw[117]     -6.98      2.17     -7.09    -10.81     -3.85     31.42      1.21
               rw[118]     -6.97      2.23     -7.04    -10.56     -3.53     35.44      1.17
               rw[119]     -7.04      2.19     -7.09    -10.79     -3.75     33.41      1.18
               rw[120]     -7.19      2.20     -7.17    -10.62     -3.44     35.51      1.18
               rw[121]     -7.28      2.22     -7.27    -11.13     -3.89     32.34      1.19
               rw[122]     -7.31      2.18     -7.36    -11.04     -3.90     32.22      1.20
               rw[123]     -7.32      2.19     -7.28    -10.53     -3.48     23.30      1.24
               rw[124]     -7.30      2.18     -7.25    -10.69     -3.63     20.41      1.24
               rw[125]     -7.21      2.19     -7.22    -10.90     -3.81     18.72      1.25
               rw[126]     -7.17      2.17     -7.19    -10.70     -3.71     20.17      1.25
               rw[127]     -7.13      2.13     -7.11    -10.50     -3.50     18.34      1.27
               rw[128]     -7.13      2.17     -7.11    -10.77     -3.93     23.63      1.23
               rw[129]     -7.13      2.16     -7.29    -10.79     -3.86     28.20      1.21
               rw[130]     -7.13      2.18     -7.19    -10.61     -3.56     27.28      1.23
               rw[131]     -7.15      2.17     -7.20    -10.59     -3.75     30.74      1.21
               rw[132]     -7.27      2.13     -7.34    -10.99     -4.07     27.17      1.20
               rw[133]     -7.36      2.05     -7.43    -10.56     -3.90     30.16      1.21
               rw[134]     -7.49      2.11     -7.54    -10.92     -4.16     26.56      1.24
               rw[135]     -7.52      2.13     -7.57    -10.87     -3.96     23.72      1.24
               rw[136]     -7.49      2.15     -7.56    -10.86     -3.94     25.09      1.24
               rw[137]     -7.42      2.16     -7.55    -10.72     -3.91     29.21      1.21
               rw[138]     -7.41      2.22     -7.54    -11.39     -4.18     22.93      1.23
               rw[139]     -7.42      2.21     -7.43    -10.84     -3.66     19.71      1.26
               rw[140]     -7.46      2.16     -7.42    -10.89     -3.94     19.51      1.27
               rw[141]     -7.48      2.18     -7.53    -11.06     -3.93     20.40      1.27
               rw[142]     -7.44      2.14     -7.47    -10.75     -3.82     19.39      1.28
               rw[143]     -7.38      2.14     -7.49    -10.64     -3.76     20.33      1.26
               rw[144]     -7.31      2.11     -7.36    -11.00     -4.21     21.54      1.26
               rw[145]     -7.17      2.13     -7.13    -10.59     -3.71     26.73      1.25
               rw[146]     -7.11      2.15     -7.14    -10.38     -3.66     22.19      1.26
               rw[147]     -7.08      2.12     -7.16    -10.32     -3.58     21.30      1.25
               rw[148]     -7.00      2.11     -7.06    -10.62     -3.80     25.27      1.24
               rw[149]     -6.99      2.14     -6.97    -10.45     -3.62     28.97      1.22
               rw[150]     -6.93      2.20     -6.89    -10.60     -3.58     27.08      1.24
               rw[151]     -6.90      2.17     -7.01    -10.27     -3.24     21.69      1.26
               rw[152]     -6.85      2.18     -6.89    -10.22     -3.22     21.98      1.25
               rw[153]     -6.84      2.15     -6.92    -10.07     -3.25     17.94      1.25
               rw[154]     -6.82      2.14     -6.90    -10.21     -3.54     16.75      1.26
               rw[155]     -6.77      2.13     -6.87    -10.25     -3.32     17.18      1.27
               rw[156]     -6.75      2.19     -6.82    -10.76     -3.67     20.54      1.26
               rw[157]     -6.73      2.20     -6.74    -10.39     -3.56     24.29      1.24
               rw[158]     -6.72      2.16     -6.71    -10.21     -3.19     22.61      1.24
               rw[159]     -6.67      2.10     -6.74    -10.00     -3.44     19.97      1.25
               rw[160]     -6.58      2.08     -6.57    -10.11     -3.44     18.96      1.27
               rw[161]     -6.64      2.05     -6.71     -9.92     -3.38     20.15      1.25
               rw[162]     -6.65      2.09     -6.81    -10.17     -3.38     21.12      1.26
               rw[163]     -6.69      2.13     -6.81    -10.48     -3.60     20.01      1.27
               rw[164]     -6.68      2.14     -6.69    -10.22     -3.41     21.55      1.26
               rw[165]     -6.56      2.10     -6.56    -10.08     -3.52     22.19      1.25
               rw[166]     -6.50      2.11     -6.50     -9.94     -3.27     20.81      1.25
               rw[167]     -6.48      2.17     -6.59     -9.52     -2.60     18.21      1.26
               rw[168]     -6.46      2.16     -6.54     -9.78     -2.87     19.84      1.25
               rw[169]     -6.49      2.18     -6.56     -9.84     -2.96     17.10      1.28
               rw[170]     -6.53      2.22     -6.59    -10.02     -3.06     18.98      1.25
               rw[171]     -6.51      2.25     -6.56    -10.04     -2.73     19.78      1.24
               rw[172]     -6.46      2.24     -6.60    -10.10     -2.82     16.80      1.26
               rw[173]     -6.45      2.18     -6.53     -9.94     -2.91     20.52      1.24
               rw[174]     -6.46      2.19     -6.49    -10.08     -3.16     20.04      1.26
               rw[175]     -6.47      2.19     -6.54     -9.84     -2.85     19.56      1.27
               rw[176]     -6.55      2.16     -6.61     -9.84     -2.96     20.13      1.26
               rw[177]     -6.58      2.20     -6.62    -10.03     -3.07     14.97      1.26
               rw[178]     -6.60      2.19     -6.54    -10.01     -2.92     19.29      1.26
               rw[179]     -6.56      2.18     -6.53    -10.01     -3.10     25.97      1.23
               rw[180]     -6.54      2.24     -6.47    -10.04     -2.84     28.40      1.22
               rw[181]     -6.51      2.24     -6.52     -9.85     -2.55     34.45      1.18
               rw[182]     -6.47      2.31     -6.42    -10.48     -3.02     37.00      1.17
               rw[183]     -6.44      2.42     -6.40    -10.61     -2.82     39.50      1.16
               rw[184]     -6.42      2.56     -6.44    -10.76     -2.43     43.67      1.14
               rw[185]     -6.49      2.72     -6.54    -10.81     -1.86     45.20      1.14
                 sigma      0.23      0.02      0.23      0.19      0.26    646.09      1.01

Number of divergences: 0
