
                            mean       std    median      5.0%     95.0%     n_eff     r_hat
                    D0      0.88      1.21      0.52      0.00      2.04   1440.05      1.00
                    E0     13.82     15.45      9.43      0.01     30.50     96.43      1.06
                    H0      1.38      1.34      0.97      0.00      3.13   1530.59      1.00
                    I0      5.73      7.24      3.30      0.00     13.35     65.65      1.10
                 beta0      1.51      0.76      1.37      0.51      2.56      5.05      1.96
  confirmed_dispersion      0.24      0.05      0.23      0.16      0.31   1396.57      1.00
      death_dispersion      0.41      0.05      0.41      0.32      0.49   1540.50      1.00
            death_prob      0.01      0.00      0.01      0.01      0.01     52.86      1.00
            death_rate      0.05      0.01      0.05      0.04      0.07    151.07      1.00
           det_prob[0]      0.20      0.06      0.19      0.10      0.29    196.15      1.00
           det_prob[1]      0.17      0.06      0.17      0.09      0.27    170.12      1.00
           det_prob[2]      0.16      0.06      0.15      0.07      0.25    154.94      1.00
           det_prob[3]      0.14      0.05      0.13      0.05      0.22    133.58      1.00
           det_prob[4]      0.13      0.05      0.12      0.05      0.20    123.39      1.00
           det_prob[5]      0.11      0.05      0.10      0.04      0.19    110.10      1.00
           det_prob[6]      0.10      0.05      0.09      0.03      0.17    111.67      1.00
           det_prob[7]      0.09      0.04      0.08      0.03      0.15    116.43      1.00
           det_prob[8]      0.08      0.04      0.08      0.03      0.14    113.57      1.00
           det_prob[9]      0.08      0.04      0.07      0.03      0.13    106.96      1.00
          det_prob[10]      0.07      0.03      0.07      0.03      0.12    111.46      1.00
          det_prob[11]      0.07      0.03      0.06      0.03      0.12    121.63      1.00
          det_prob[12]      0.07      0.03      0.06      0.03      0.11    125.95      1.00
          det_prob[13]      0.06      0.03      0.06      0.02      0.10    129.33      1.00
          det_prob[14]      0.06      0.03      0.06      0.02      0.10    127.07      1.00
          det_prob[15]      0.06      0.02      0.05      0.02      0.09    144.95      1.00
          det_prob[16]      0.05      0.02      0.05      0.02      0.09    162.84      1.00
          det_prob[17]      0.05      0.02      0.05      0.02      0.09    171.95      1.00
          det_prob[18]      0.05      0.02      0.05      0.02      0.08    189.28      1.00
          det_prob[19]      0.06      0.02      0.05      0.02      0.09    191.78      1.00
          det_prob[20]      0.06      0.02      0.06      0.03      0.09    193.90      1.00
          det_prob[21]      0.06      0.02      0.06      0.03      0.10    201.46      1.00
          det_prob[22]      0.06      0.02      0.06      0.03      0.09    207.16      1.00
          det_prob[23]      0.07      0.02      0.06      0.03      0.10    212.41      1.00
          det_prob[24]      0.07      0.02      0.06      0.03      0.10    205.61      1.00
          det_prob[25]      0.07      0.03      0.07      0.04      0.11    211.07      1.00
          det_prob[26]      0.08      0.03      0.08      0.04      0.12    212.96      1.00
          det_prob[27]      0.09      0.03      0.08      0.04      0.13    195.02      1.00
          det_prob[28]      0.10      0.03      0.09      0.05      0.14    176.02      1.00
          det_prob[29]      0.10      0.03      0.10      0.05      0.14    183.45      1.00
          det_prob[30]      0.10      0.04      0.10      0.05      0.15    199.73      1.00
          det_prob[31]      0.11      0.04      0.10      0.05      0.16    205.80      1.00
          det_prob[32]      0.11      0.04      0.11      0.06      0.17    190.40      1.00
          det_prob[33]      0.12      0.04      0.11      0.06      0.18    168.43      1.00
          det_prob[34]      0.12      0.04      0.12      0.05      0.18    159.15      1.00
          det_prob[35]      0.13      0.05      0.12      0.06      0.20    139.83      1.00
          det_prob[36]      0.14      0.05      0.13      0.07      0.21    117.82      1.00
          det_prob[37]      0.14      0.05      0.14      0.07      0.22    114.27      1.01
          det_prob[38]      0.15      0.05      0.14      0.07      0.24    104.66      1.01
          det_prob[39]      0.16      0.06      0.15      0.08      0.26    101.86      1.01
          det_prob[40]      0.17      0.06      0.16      0.08      0.27    103.99      1.01
          det_prob[41]      0.18      0.07      0.17      0.08      0.27    102.21      1.01
          det_prob[42]      0.19      0.07      0.18      0.08      0.30     96.55      1.01
          det_prob[43]      0.21      0.08      0.19      0.09      0.32     86.98      1.01
          det_prob[44]      0.22      0.08      0.20      0.10      0.34     79.59      1.02
          det_prob[45]      0.24      0.09      0.22      0.10      0.36     76.69      1.02
          det_prob[46]      0.26      0.09      0.24      0.11      0.39     72.71      1.02
          det_prob[47]      0.28      0.10      0.26      0.12      0.42     66.10      1.02
          det_prob[48]      0.29      0.11      0.28      0.13      0.45     64.84      1.02
          det_prob[49]      0.31      0.11      0.30      0.14      0.48     61.42      1.02
          det_prob[50]      0.32      0.11      0.31      0.15      0.51     56.91      1.01
          det_prob[51]      0.34      0.12      0.32      0.16      0.54     55.08      1.01
          det_prob[52]      0.35      0.13      0.33      0.16      0.56     53.93      1.02
          det_prob[53]      0.37      0.13      0.35      0.17      0.58     57.00      1.01
          det_prob[54]      0.40      0.14      0.38      0.19      0.63     55.54      1.01
          det_prob[55]      0.42      0.14      0.40      0.19      0.64     52.63      1.01
          det_prob[56]      0.44      0.14      0.43      0.20      0.66     52.41      1.01
          det_prob[57]      0.46      0.15      0.45      0.21      0.67     51.05      1.01
          det_prob[58]      0.48      0.15      0.47      0.24      0.72     52.29      1.00
          det_prob[59]      0.49      0.15      0.48      0.28      0.76     51.48      1.00
          det_prob[60]      0.51      0.15      0.50      0.26      0.76     51.50      1.00
          det_prob[61]      0.52      0.15      0.51      0.26      0.76     52.39      1.00
          det_prob[62]      0.54      0.15      0.53      0.27      0.78     52.81      1.00
          det_prob[63]      0.55      0.15      0.55      0.31      0.80     52.29      1.00
          det_prob[64]      0.57      0.15      0.57      0.31      0.81     53.65      1.00
          det_prob[65]      0.58      0.15      0.58      0.34      0.84     51.92      1.00
          det_prob[66]      0.60      0.16      0.61      0.34      0.84     51.47      1.00
          det_prob[67]      0.61      0.16      0.62      0.37      0.88     53.59      1.00
          det_prob[68]      0.63      0.15      0.64      0.40      0.89     51.95      1.00
          det_prob[69]      0.64      0.15      0.66      0.38      0.87     50.44      1.00
          det_prob[70]      0.66      0.15      0.67      0.43      0.92     51.44      1.00
          det_prob[71]      0.68      0.15      0.69      0.46      0.92     52.88      1.00
          det_prob[72]      0.69      0.15      0.71      0.46      0.92     51.12      1.01
          det_prob[73]      0.70      0.15      0.72      0.47      0.92     49.82      1.01
          det_prob[74]      0.71      0.14      0.73      0.49      0.94     49.82      1.01
          det_prob[75]      0.72      0.14      0.73      0.51      0.95     49.12      1.01
          det_prob[76]      0.73      0.14      0.75      0.51      0.95     47.60      1.01
          det_prob[77]      0.74      0.14      0.76      0.54      0.96     47.64      1.01
          det_prob[78]      0.75      0.14      0.77      0.54      0.95     46.13      1.02
          det_prob[79]      0.75      0.14      0.78      0.56      0.97     45.16      1.02
          det_prob[80]      0.76      0.14      0.78      0.54      0.96     44.46      1.02
          det_prob[81]      0.76      0.14      0.79      0.54      0.96     43.34      1.03
          det_prob[82]      0.77      0.14      0.80      0.56      0.97     42.81      1.03
          det_prob[83]      0.78      0.14      0.81      0.56      0.97     42.48      1.03
          det_prob[84]      0.78      0.14      0.81      0.59      0.97     41.24      1.03
          det_prob[85]      0.79      0.14      0.82      0.60      0.98     41.85      1.03
          det_prob[86]      0.80      0.13      0.83      0.61      0.98     39.37      1.04
          det_prob[87]      0.80      0.13      0.83      0.62      0.98     38.52      1.04
          det_prob[88]      0.82      0.12      0.84      0.63      0.97     37.73      1.04
          det_prob[89]      0.82      0.12      0.86      0.65      0.98     37.52      1.04
          det_prob[90]      0.83      0.11      0.86      0.67      0.98     36.19      1.05
          det_prob[91]      0.84      0.11      0.87      0.67      0.98     34.39      1.06
          det_prob[92]      0.84      0.11      0.87      0.68      0.98     32.93      1.06
          det_prob[93]      0.85      0.11      0.88      0.68      0.98     33.36      1.06
          det_prob[94]      0.85      0.11      0.88      0.69      0.99     32.65      1.06
          det_prob[95]      0.86      0.10      0.89      0.70      0.99     32.77      1.06
          det_prob[96]      0.86      0.10      0.89      0.70      0.99     32.63      1.06
          det_prob[97]      0.87      0.10      0.90      0.72      0.99     32.27      1.07
          det_prob[98]      0.87      0.10      0.90      0.73      0.99     31.51      1.07
          det_prob[99]      0.88      0.09      0.91      0.74      0.99     30.71      1.07
         det_prob[100]      0.88      0.09      0.91      0.75      0.99     29.50      1.08
         det_prob[101]      0.88      0.09      0.91      0.76      0.99     29.48      1.07
         det_prob[102]      0.89      0.09      0.91      0.76      0.99     29.53      1.08
         det_prob[103]      0.89      0.08      0.92      0.77      0.99     28.95      1.08
         det_prob[104]      0.89      0.08      0.92      0.78      1.00     28.98      1.07
         det_prob[105]      0.90      0.08      0.92      0.79      1.00     28.84      1.07
         det_prob[106]      0.90      0.08      0.92      0.79      1.00     28.73      1.08
         det_prob[107]      0.90      0.08      0.92      0.79      1.00     28.25      1.08
         det_prob[108]      0.90      0.08      0.93      0.79      1.00     28.47      1.08
         det_prob[109]      0.90      0.08      0.93      0.79      1.00     29.56      1.07
         det_prob[110]      0.90      0.08      0.93      0.79      1.00     28.62      1.07
         det_prob[111]      0.90      0.08      0.93      0.79      1.00     29.50      1.07
         det_prob[112]      0.91      0.08      0.93      0.80      1.00     29.65      1.07
         det_prob[113]      0.91      0.09      0.93      0.79      1.00     30.43      1.06
         det_prob[114]      0.91      0.09      0.93      0.79      1.00     30.09      1.06
         det_prob[115]      0.91      0.09      0.93      0.79      1.00     29.55      1.06
         det_prob[116]      0.91      0.09      0.94      0.79      1.00     30.23      1.05
         det_prob[117]      0.91      0.09      0.94      0.79      1.00     29.73      1.05
         det_prob[118]      0.91      0.09      0.94      0.79      1.00     31.14      1.05
         det_prob[119]      0.91      0.09      0.94      0.79      1.00     31.21      1.05
         det_prob[120]      0.91      0.09      0.94      0.78      1.00     30.82      1.05
         det_prob[121]      0.91      0.09      0.94      0.79      1.00     29.84      1.05
         det_prob[122]      0.91      0.09      0.94      0.78      1.00     29.83      1.05
         det_prob[123]      0.91      0.09      0.94      0.77      1.00     30.51      1.05
         det_prob[124]      0.91      0.09      0.95      0.78      1.00     30.26      1.05
         det_prob[125]      0.91      0.09      0.95      0.78      1.00     30.37      1.05
         det_prob[126]      0.91      0.10      0.95      0.78      1.00     30.82      1.05
         det_prob[127]      0.91      0.10      0.95      0.78      1.00     30.95      1.05
         det_prob[128]      0.91      0.10      0.95      0.78      1.00     31.24      1.04
         det_prob[129]      0.91      0.10      0.95      0.78      1.00     31.24      1.04
         det_prob[130]      0.91      0.10      0.95      0.78      1.00     32.14      1.03
         det_prob[131]      0.92      0.10      0.95      0.78      1.00     32.23      1.03
         det_prob[132]      0.92      0.10      0.95      0.77      1.00     32.17      1.03
         det_prob[133]      0.92      0.10      0.95      0.78      1.00     32.05      1.03
         det_prob[134]      0.91      0.10      0.96      0.77      1.00     32.22      1.03
         det_prob[135]      0.91      0.10      0.96      0.76      1.00     31.91      1.03
         det_prob[136]      0.91      0.11      0.96      0.76      1.00     31.73      1.03
         det_prob[137]      0.91      0.11      0.96      0.76      1.00     31.83      1.03
         det_prob[138]      0.91      0.10      0.96      0.77      1.00     31.85      1.03
         det_prob[139]      0.92      0.10      0.96      0.77      1.00     32.02      1.03
         det_prob[140]      0.92      0.10      0.96      0.77      1.00     32.11      1.03
         det_prob[141]      0.92      0.10      0.96      0.77      1.00     31.55      1.03
         det_prob[142]      0.92      0.10      0.96      0.78      1.00     31.73      1.03
         det_prob[143]      0.92      0.10      0.96      0.78      1.00     31.43      1.03
         det_prob[144]      0.92      0.10      0.97      0.79      1.00     31.45      1.03
         det_prob[145]      0.92      0.10      0.97      0.77      1.00     32.53      1.03
         det_prob[146]      0.92      0.10      0.97      0.77      1.00     32.76      1.03
         det_prob[147]      0.92      0.10      0.97      0.76      1.00     32.98      1.02
         det_prob[148]      0.92      0.11      0.97      0.76      1.00     33.09      1.02
         det_prob[149]      0.92      0.11      0.97      0.76      1.00     32.75      1.02
         det_prob[150]      0.92      0.11      0.97      0.76      1.00     33.30      1.02
         det_prob[151]      0.92      0.11      0.97      0.76      1.00     33.73      1.02
         det_prob[152]      0.92      0.11      0.97      0.76      1.00     33.48      1.02
         det_prob[153]      0.92      0.11      0.97      0.76      1.00     32.89      1.03
         det_prob[154]      0.92      0.11      0.97      0.75      1.00     32.93      1.02
         det_prob[155]      0.92      0.11      0.97      0.77      1.00     33.46      1.02
         det_prob[156]      0.92      0.11      0.97      0.76      1.00     34.22      1.02
         det_prob[157]      0.92      0.11      0.97      0.75      1.00     34.23      1.02
         det_prob[158]      0.92      0.11      0.97      0.76      1.00     33.77      1.02
         det_prob[159]      0.92      0.11      0.97      0.76      1.00     33.83      1.03
         det_prob[160]      0.92      0.11      0.97      0.76      1.00     34.32      1.02
         det_prob[161]      0.92      0.11      0.97      0.76      1.00     34.55      1.03
         det_prob[162]      0.92      0.11      0.97      0.75      1.00     33.67      1.03
         det_prob[163]      0.92      0.11      0.97      0.75      1.00     33.68      1.03
         det_prob[164]      0.92      0.12      0.97      0.75      1.00     33.93      1.03
         det_prob[165]      0.92      0.11      0.97      0.75      1.00     33.80      1.03
         det_prob[166]      0.92      0.11      0.97      0.75      1.00     34.01      1.02
         det_prob[167]      0.92      0.11      0.97      0.74      1.00     33.83      1.02
         det_prob[168]      0.92      0.11      0.97      0.75      1.00     34.23      1.02
         det_prob[169]      0.92      0.11      0.97      0.76      1.00     34.15      1.02
         det_prob[170]      0.92      0.11      0.97      0.76      1.00     34.70      1.02
         det_prob[171]      0.92      0.11      0.97      0.75      1.00     35.60      1.02
         det_prob[172]      0.92      0.11      0.97      0.76      1.00     36.15      1.02
         det_prob[173]      0.92      0.11      0.97      0.76      1.00     37.08      1.02
         det_prob[174]      0.92      0.11      0.97      0.77      1.00     37.84      1.02
         det_prob[175]      0.92      0.12      0.97      0.76      1.00     38.84      1.02
         det_prob[176]      0.92      0.11      0.97      0.76      1.00     39.38      1.02
         det_prob[177]      0.92      0.11      0.97      0.76      1.00     39.15      1.02
         det_prob[178]      0.92      0.11      0.97      0.76      1.00     40.01      1.02
         det_prob[179]      0.92      0.11      0.97      0.76      1.00     39.40      1.02
         det_prob[180]      0.92      0.11      0.97      0.78      1.00     39.92      1.02
         det_prob[181]      0.92      0.11      0.98      0.77      1.00     40.56      1.02
         det_prob[182]      0.92      0.11      0.98      0.75      1.00     41.51      1.02
         det_prob[183]      0.92      0.12      0.98      0.76      1.00     42.47      1.02
         det_prob[184]      0.92      0.12      0.98      0.75      1.00     42.99      1.02
         det_prob[185]      0.92      0.12      0.98      0.74      1.00     43.36      1.02
             det_prob0      0.22      0.05      0.21      0.13      0.30    205.62      1.00
            det_prob_d      0.90      0.03      0.90      0.85      0.94   1747.25      1.00
                 gamma      0.49      0.05      0.49      0.41      0.58    898.42      1.01
                 rw[0]     -0.04      1.00     -0.05     -1.68      1.65     59.17      1.10
                 rw[1]      0.04      1.42      0.01     -2.14      2.64     20.03      1.19
                 rw[2]      0.11      1.73      0.10     -2.67      2.92     12.62      1.28
                 rw[3]      0.24      1.97      0.22     -2.60      3.95      9.51      1.37
                 rw[4]      0.52      2.17      0.51     -3.44      3.63      8.05      1.45
                 rw[5]      0.79      2.40      0.74     -2.92      4.77      7.01      1.53
                 rw[6]      1.11      2.50      1.11     -2.93      5.13      6.34      1.61
                 rw[7]      1.42      2.62      1.39     -2.77      5.56      6.08      1.67
                 rw[8]      1.73      2.69      1.71     -2.16      6.34      5.74      1.71
                 rw[9]      2.01      2.82      1.93     -2.05      7.05      5.77      1.72
                rw[10]      2.28      2.83      2.21     -2.44      6.55      5.44      1.79
                rw[11]      2.45      2.87      2.46     -2.04      7.09      5.44      1.82
                rw[12]      2.44      2.91      2.40     -1.89      7.37      5.53      1.82
                rw[13]      2.25      2.97      2.21     -2.21      6.94      5.24      1.86
                rw[14]      2.03      2.90      2.14     -2.48      6.71      5.11      1.90
                rw[15]      1.66      2.89      1.71     -3.12      5.97      5.15      1.89
                rw[16]      1.32      2.85      1.36     -3.17      5.94      5.25      1.88
                rw[17]      0.94      2.88      1.01     -3.69      5.59      5.17      1.88
                rw[18]      0.50      2.83      0.59     -4.08      4.94      5.27      1.84
                rw[19]     -0.02      2.81      0.01     -4.76      4.12      5.06      1.89
                rw[20]     -0.65      2.78     -0.65     -4.82      3.85      5.03      1.89
                rw[21]     -1.42      2.79     -1.44     -5.82      2.97      5.13      1.87
                rw[22]     -2.16      2.79     -2.18     -6.68      2.13      5.12      1.89
                rw[23]     -2.82      2.74     -2.79     -6.83      1.89      5.26      1.85
                rw[24]     -3.42      2.76     -3.45     -7.61      1.14      5.37      1.83
                rw[25]     -3.97      2.79     -4.00     -8.29      0.57      5.24      1.81
                rw[26]     -4.50      2.78     -4.58     -9.06     -0.19      5.23      1.81
                rw[27]     -5.00      2.75     -5.01     -9.48     -0.83      5.51      1.78
                rw[28]     -5.48      2.78     -5.55     -9.95     -1.18      5.69      1.76
                rw[29]     -5.98      2.82     -6.17    -10.25     -1.48      5.48      1.80
                rw[30]     -6.35      2.83     -6.53    -11.15     -2.20      5.47      1.77
                rw[31]     -6.75      2.81     -6.90    -11.28     -2.37      5.60      1.73
                rw[32]     -7.04      2.80     -7.20    -11.40     -2.54      5.68      1.73
                rw[33]     -7.27      2.78     -7.36    -11.31     -2.61      5.50      1.73
                rw[34]     -7.48      2.80     -7.63    -11.89     -2.94      5.57      1.72
                rw[35]     -7.62      2.82     -7.68    -12.08     -2.96      5.76      1.70
                rw[36]     -7.78      2.83     -7.93    -12.35     -3.32      5.77      1.71
                rw[37]     -7.86      2.80     -7.97    -12.00     -3.11      5.94      1.67
                rw[38]     -7.90      2.81     -7.98    -12.03     -2.96      5.87      1.67
                rw[39]     -7.94      2.80     -8.01    -12.65     -3.59      5.75      1.68
                rw[40]     -8.00      2.83     -8.05    -12.88     -3.77      6.12      1.63
                rw[41]     -8.04      2.84     -8.17    -12.69     -3.53      6.09      1.63
                rw[42]     -8.00      2.82     -8.09    -12.23     -3.33      6.01      1.65
                rw[43]     -7.95      2.84     -8.07    -12.61     -3.59      5.74      1.68
                rw[44]     -7.80      2.91     -7.89    -12.89     -3.30      6.11      1.66
                rw[45]     -7.75      2.95     -7.72    -12.29     -2.73      6.02      1.67
                rw[46]     -7.65      2.92     -7.66    -12.10     -2.82      5.96      1.69
                rw[47]     -7.58      3.02     -7.56    -12.08     -2.45      5.85      1.69
                rw[48]     -7.51      3.02     -7.51    -12.03     -2.43      5.42      1.75
                rw[49]     -7.46      2.99     -7.37    -11.85     -2.32      5.61      1.73
                rw[50]     -7.41      3.03     -7.31    -12.21     -2.49      6.08      1.69
                rw[51]     -7.27      3.00     -7.26    -12.34     -2.79      5.84      1.73
                rw[52]     -7.10      2.97     -7.17    -11.68     -2.29      5.55      1.76
                rw[53]     -6.95      2.96     -6.93    -11.62     -2.12      5.68      1.71
                rw[54]     -6.79      2.94     -6.79    -11.64     -2.31      5.72      1.75
                rw[55]     -6.69      3.02     -6.67    -11.17     -1.74      5.82      1.75
                rw[56]     -6.56      2.97     -6.58    -11.20     -1.59      5.43      1.82
                rw[57]     -6.59      2.97     -6.58    -11.12     -1.70      5.33      1.82
                rw[58]     -6.52      3.03     -6.44    -11.73     -2.13      5.45      1.79
                rw[59]     -6.45      3.03     -6.49    -10.96     -1.42      5.38      1.84
                rw[60]     -6.40      3.02     -6.42    -11.18     -1.61      5.25      1.85
                rw[61]     -6.30      2.99     -6.39    -11.06     -1.64      5.32      1.83
                rw[62]     -6.17      2.97     -6.28    -10.71     -1.37      5.39      1.82
                rw[63]     -6.06      2.98     -6.09    -10.83     -1.28      5.63      1.83
                rw[64]     -5.97      2.98     -6.07    -10.52     -1.04      5.59      1.84
                rw[65]     -5.87      2.99     -5.96    -11.03     -1.47      5.56      1.82
                rw[66]     -5.75      2.98     -5.81    -10.42     -1.05      5.67      1.78
                rw[67]     -5.63      2.97     -5.81    -10.01     -0.63      5.82      1.80
                rw[68]     -5.52      2.96     -5.54    -10.39     -0.99      5.83      1.80
                rw[69]     -5.57      2.94     -5.57    -10.04     -0.68      5.70      1.82
                rw[70]     -5.59      2.90     -5.61    -10.09     -0.65      6.03      1.77
                rw[71]     -5.65      2.92     -5.48    -10.12     -0.75      5.97      1.78
                rw[72]     -5.80      2.92     -5.79    -10.19     -0.73      5.85      1.80
                rw[73]     -5.89      2.91     -5.91    -10.32     -1.15      5.91      1.80
                rw[74]     -5.98      2.90     -6.00    -10.19     -0.95      5.86      1.80
                rw[75]     -6.02      2.89     -5.96    -10.72     -1.48      5.60      1.83
                rw[76]     -6.11      2.91     -6.13    -10.83     -1.41      5.58      1.81
                rw[77]     -6.22      2.89     -6.23    -10.81     -1.68      5.84      1.78
                rw[78]     -6.32      2.91     -6.32    -10.85     -1.45      5.56      1.82
                rw[79]     -6.44      2.87     -6.50    -11.39     -2.05      5.69      1.80
                rw[80]     -6.45      2.87     -6.48    -10.78     -1.66      5.58      1.83
                rw[81]     -6.41      2.87     -6.49    -10.82     -1.60      5.62      1.83
                rw[82]     -6.27      2.86     -6.29    -10.80     -1.73      5.62      1.81
                rw[83]     -6.09      2.82     -6.00    -10.89     -1.82      5.37      1.83
                rw[84]     -5.81      2.87     -5.70    -10.84     -1.64      5.25      1.89
                rw[85]     -5.54      2.86     -5.35     -9.63     -0.45      5.47      1.86
                rw[86]     -5.32      2.84     -5.25     -9.58     -0.61      5.47      1.82
                rw[87]     -5.06      2.86     -4.95     -9.52     -0.55      5.25      1.85
                rw[88]     -4.84      2.91     -4.78     -9.44     -0.39      5.45      1.82
                rw[89]     -4.70      2.91     -4.61     -9.42     -0.20      5.18      1.84
                rw[90]     -4.59      2.86     -4.51     -8.89      0.12      5.18      1.85
                rw[91]     -4.44      2.83     -4.37     -8.97      0.06      5.50      1.80
                rw[92]     -4.23      2.83     -4.26     -8.49      0.68      5.61      1.81
                rw[93]     -3.99      2.81     -4.08     -8.33      0.71      5.48      1.82
                rw[94]     -3.67      2.82     -3.64     -8.00      0.95      5.32      1.84
                rw[95]     -3.37      2.72     -3.29     -7.60      0.85      5.10      1.87
                rw[96]     -3.14      2.67     -3.12     -7.03      1.32      5.28      1.84
                rw[97]     -2.94      2.70     -2.98     -7.03      1.51      5.13      1.88
                rw[98]     -2.81      2.71     -2.80     -6.87      1.64      5.40      1.83
                rw[99]     -2.71      2.72     -2.68     -7.11      1.33      5.28      1.86
               rw[100]     -2.71      2.76     -2.64     -7.13      1.41      5.13      1.88
               rw[101]     -2.70      2.73     -2.73     -6.89      1.57      5.29      1.87
               rw[102]     -2.65      2.67     -2.69     -6.83      1.59      5.33      1.83
               rw[103]     -2.71      2.70     -2.70     -6.76      1.63      5.42      1.81
               rw[104]     -2.84      2.75     -2.84     -7.18      1.58      5.46      1.81
               rw[105]     -3.04      2.76     -3.03     -7.19      1.55      5.59      1.80
               rw[106]     -3.28      2.76     -3.29     -8.30      0.65      5.27      1.83
               rw[107]     -3.45      2.77     -3.43     -7.44      1.30      5.19      1.86
               rw[108]     -3.69      2.79     -3.71     -7.85      0.89      5.29      1.86
               rw[109]     -3.84      2.80     -3.87     -7.77      1.13      5.06      1.87
               rw[110]     -3.96      2.81     -4.02     -8.00      0.88      5.06      1.86
               rw[111]     -4.13      2.85     -3.92     -8.65      0.29      5.10      1.85
               rw[112]     -4.25      2.78     -4.16     -8.62      0.14      5.05      1.87
               rw[113]     -4.32      2.77     -4.38     -8.78      0.03      4.89      1.90
               rw[114]     -4.28      2.77     -4.32     -8.71     -0.02      5.29      1.81
               rw[115]     -4.18      2.77     -4.20     -8.48      0.15      5.18      1.86
               rw[116]     -4.12      2.75     -4.14     -8.38      0.20      5.45      1.83
               rw[117]     -3.99      2.75     -3.89     -8.18      0.53      5.28      1.86
               rw[118]     -3.86      2.76     -3.72     -7.99      0.76      5.09      1.86
               rw[119]     -3.70      2.76     -3.59     -7.98      0.51      4.96      1.90
               rw[120]     -3.69      2.72     -3.74     -8.00      0.64      5.01      1.87
               rw[121]     -3.65      2.71     -3.66     -7.70      0.89      5.27      1.86
               rw[122]     -3.60      2.73     -3.64     -8.14      0.43      5.37      1.83
               rw[123]     -3.56      2.74     -3.56     -7.93      0.80      5.14      1.87
               rw[124]     -3.56      2.76     -3.65     -7.93      0.80      5.18      1.88
               rw[125]     -3.63      2.75     -3.65     -8.33      0.41      5.11      1.86
               rw[126]     -3.68      2.78     -3.79     -7.92      0.88      5.35      1.83
               rw[127]     -3.76      2.77     -3.82     -7.91      0.89      5.11      1.86
               rw[128]     -3.82      2.76     -3.85     -7.90      0.73      5.27      1.85
               rw[129]     -3.85      2.80     -3.92     -7.89      0.92      5.18      1.87
               rw[130]     -3.91      2.81     -3.89     -8.07      0.79      5.12      1.86
               rw[131]     -4.00      2.78     -3.87     -8.74      0.07      5.38      1.82
               rw[132]     -4.12      2.76     -4.15     -8.60      0.19      5.43      1.84
               rw[133]     -4.21      2.79     -4.20     -8.33      0.50      5.27      1.84
               rw[134]     -4.29      2.76     -4.26     -8.78     -0.13      5.20      1.88
               rw[135]     -4.27      2.78     -4.17     -8.71      0.13      5.55      1.82
               rw[136]     -4.25      2.80     -4.23     -8.50      0.25      5.31      1.84
               rw[137]     -4.17      2.81     -4.22     -8.11      0.73      5.23      1.85
               rw[138]     -4.11      2.77     -4.14     -8.64      0.31      4.85      1.92
               rw[139]     -4.09      2.75     -4.08     -8.82      0.05      4.90      1.88
               rw[140]     -4.18      2.78     -4.23     -8.54      0.28      4.80      1.91
               rw[141]     -4.26      2.76     -4.31     -9.14     -0.16      4.89      1.89
               rw[142]     -4.48      2.82     -4.54     -8.72      0.27      5.16      1.86
               rw[143]     -4.66      2.81     -4.70     -8.64      0.26      4.88      1.92
               rw[144]     -4.94      2.78     -4.95     -9.00     -0.14      5.11      1.89
               rw[145]     -5.14      2.81     -5.09     -9.37     -0.38      4.98      1.91
               rw[146]     -5.33      2.80     -5.34     -9.92     -0.96      5.05      1.88
               rw[147]     -5.46      2.78     -5.49     -9.99     -1.36      5.03      1.88
               rw[148]     -5.58      2.77     -5.52    -10.10     -1.39      5.21      1.84
               rw[149]     -5.68      2.78     -5.59    -10.35     -1.51      5.04      1.91
               rw[150]     -5.69      2.78     -5.62    -10.18     -1.51      5.14      1.87
               rw[151]     -5.70      2.80     -5.60    -10.11     -1.15      5.38      1.79
               rw[152]     -5.67      2.82     -5.62    -10.45     -1.48      5.46      1.79
               rw[153]     -5.63      2.80     -5.44     -9.90     -0.98      5.45      1.80
               rw[154]     -5.60      2.90     -5.51    -10.38     -1.26      5.58      1.80
               rw[155]     -5.56      2.84     -5.52     -9.81     -0.96      5.59      1.79
               rw[156]     -5.50      2.83     -5.42    -10.21     -1.24      5.55      1.80
               rw[157]     -5.45      2.83     -5.45     -9.59     -0.77      5.84      1.77
               rw[158]     -5.36      2.82     -5.43    -10.16     -1.23      5.78      1.78
               rw[159]     -5.33      2.82     -5.33     -9.77     -0.94      5.40      1.81
               rw[160]     -5.24      2.82     -5.30     -9.83     -0.87      5.47      1.79
               rw[161]     -5.20      2.84     -5.21     -9.87     -0.71      5.73      1.78
               rw[162]     -5.21      2.86     -5.16     -9.98     -0.93      5.33      1.82
               rw[163]     -5.22      2.86     -5.24     -9.56     -0.49      5.47      1.82
               rw[164]     -5.20      2.81     -5.22     -9.87     -0.92      5.15      1.86
               rw[165]     -5.14      2.85     -5.14     -9.72     -0.67      5.02      1.88
               rw[166]     -5.11      2.84     -5.20     -9.42     -0.45      5.22      1.84
               rw[167]     -5.08      2.86     -5.07     -9.60     -0.59      5.19      1.84
               rw[168]     -5.04      2.86     -4.92     -9.38     -0.39      5.36      1.84
               rw[169]     -5.07      2.81     -5.05     -9.51     -0.74      5.36      1.81
               rw[170]     -5.09      2.82     -5.19     -9.47     -0.51      5.20      1.86
               rw[171]     -5.09      2.84     -5.07     -9.77     -0.60      5.28      1.86
               rw[172]     -5.07      2.82     -5.09     -9.68     -0.75      5.38      1.85
               rw[173]     -5.00      2.82     -5.11     -9.24     -0.44      5.34      1.85
               rw[174]     -4.89      2.81     -4.92     -9.09     -0.36      5.25      1.85
               rw[175]     -4.83      2.81     -4.82     -9.38     -0.48      5.51      1.82
               rw[176]     -4.79      2.84     -4.73     -8.86      0.05      5.60      1.80
               rw[177]     -4.80      2.86     -4.80     -9.00     -0.04      5.70      1.78
               rw[178]     -4.82      2.87     -4.71     -9.15     -0.15      5.74      1.76
               rw[179]     -4.82      2.91     -4.87     -9.16     -0.04      5.84      1.77
               rw[180]     -4.76      2.93     -4.74     -9.44     -0.16      5.79      1.75
               rw[181]     -4.81      2.97     -4.65     -9.00      0.41      6.24      1.71
               rw[182]     -4.82      3.09     -4.81     -9.43      0.45      6.64      1.67
               rw[183]     -4.84      3.22     -4.83     -9.75      0.50      6.71      1.64
               rw[184]     -4.91      3.31     -4.98    -10.14      0.46      7.99      1.53
               rw[185]     -4.88      3.46     -4.76    -10.20      0.94      9.58      1.45
                 sigma      0.23      0.02      0.23      0.19      0.27    956.20      1.00

Number of divergences: 0
