
                            mean       std    median      5.0%     95.0%     n_eff     r_hat
                    D0      0.79      0.95      0.49      0.00      1.75   1689.91      1.00
                    E0     45.48     45.16     33.43      0.02     99.19    143.47      1.04
                    H0      2.74      2.62      1.94      0.00      6.35    938.68      1.00
                    I0     29.05     26.15     21.29      0.70     58.23     69.19      1.07
                 beta0      1.32      0.60      1.24      0.42      2.10      6.63      1.66
  confirmed_dispersion      0.30      0.06      0.30      0.21      0.38    905.89      1.00
      death_dispersion      0.34      0.06      0.33      0.25      0.43   2105.44      1.00
            death_prob      0.02      0.00      0.02      0.01      0.02     53.07      1.01
            death_rate      0.05      0.01      0.05      0.03      0.07    307.97      1.01
           det_prob[0]      0.22      0.06      0.22      0.13      0.32    173.62      1.00
           det_prob[1]      0.21      0.06      0.20      0.11      0.31    142.49      1.01
           det_prob[2]      0.20      0.07      0.19      0.09      0.30    140.90      1.01
           det_prob[3]      0.19      0.07      0.18      0.08      0.29    121.98      1.01
           det_prob[4]      0.17      0.07      0.16      0.07      0.27    109.90      1.00
           det_prob[5]      0.16      0.07      0.16      0.06      0.26    102.51      1.01
           det_prob[6]      0.16      0.07      0.15      0.06      0.25     99.39      1.01
           det_prob[7]      0.15      0.07      0.14      0.06      0.25     99.03      1.00
           det_prob[8]      0.15      0.06      0.13      0.05      0.24     98.46      1.01
           det_prob[9]      0.14      0.06      0.13      0.05      0.24     97.45      1.01
          det_prob[10]      0.14      0.06      0.13      0.05      0.22    100.10      1.00
          det_prob[11]      0.14      0.06      0.13      0.05      0.23     95.28      1.00
          det_prob[12]      0.15      0.06      0.14      0.06      0.24     97.76      1.00
          det_prob[13]      0.15      0.06      0.14      0.06      0.23    101.96      1.01
          det_prob[14]      0.15      0.06      0.14      0.05      0.24    102.53      1.00
          det_prob[15]      0.15      0.06      0.14      0.07      0.25    106.09      1.00
          det_prob[16]      0.16      0.06      0.15      0.06      0.24    112.58      1.01
          det_prob[17]      0.16      0.06      0.15      0.07      0.26    110.70      1.00
          det_prob[18]      0.17      0.06      0.16      0.07      0.26    109.21      1.00
          det_prob[19]      0.17      0.07      0.16      0.07      0.26    109.14      1.00
          det_prob[20]      0.19      0.07      0.17      0.08      0.29    108.59      1.00
          det_prob[21]      0.20      0.07      0.18      0.09      0.30    116.24      1.00
          det_prob[22]      0.21      0.07      0.19      0.10      0.31    110.55      1.00
          det_prob[23]      0.21      0.07      0.20      0.09      0.31    107.10      1.00
          det_prob[24]      0.22      0.08      0.20      0.11      0.34    104.32      1.01
          det_prob[25]      0.22      0.08      0.21      0.10      0.33     99.44      1.00
          det_prob[26]      0.23      0.08      0.21      0.12      0.35     96.26      1.01
          det_prob[27]      0.23      0.09      0.22      0.11      0.36     90.70      1.01
          det_prob[28]      0.24      0.09      0.23      0.11      0.36     82.76      1.01
          det_prob[29]      0.25      0.09      0.23      0.11      0.38     84.68      1.01
          det_prob[30]      0.25      0.10      0.23      0.11      0.39     86.24      1.01
          det_prob[31]      0.27      0.10      0.25      0.13      0.41     81.70      1.02
          det_prob[32]      0.27      0.11      0.25      0.12      0.42     83.69      1.02
          det_prob[33]      0.29      0.11      0.27      0.12      0.44     78.35      1.03
          det_prob[34]      0.30      0.11      0.28      0.13      0.47     70.72      1.03
          det_prob[35]      0.32      0.11      0.29      0.14      0.49     70.57      1.03
          det_prob[36]      0.32      0.12      0.30      0.14      0.50     71.12      1.03
          det_prob[37]      0.34      0.12      0.32      0.16      0.54     66.72      1.04
          det_prob[38]      0.36      0.12      0.34      0.16      0.54     64.41      1.04
          det_prob[39]      0.37      0.13      0.35      0.17      0.56     63.82      1.04
          det_prob[40]      0.38      0.13      0.36      0.18      0.58     66.26      1.04
          det_prob[41]      0.39      0.13      0.37      0.18      0.58     68.46      1.04
          det_prob[42]      0.41      0.14      0.39      0.20      0.62     63.13      1.05
          det_prob[43]      0.42      0.14      0.40      0.20      0.62     63.31      1.05
          det_prob[44]      0.44      0.14      0.42      0.22      0.65     61.72      1.05
          det_prob[45]      0.45      0.14      0.44      0.24      0.68     62.64      1.05
          det_prob[46]      0.47      0.14      0.45      0.24      0.69     60.59      1.05
          det_prob[47]      0.49      0.14      0.47      0.26      0.71     60.59      1.05
          det_prob[48]      0.50      0.14      0.49      0.26      0.72     62.43      1.04
          det_prob[49]      0.52      0.15      0.50      0.29      0.76     59.60      1.04
          det_prob[50]      0.54      0.14      0.53      0.30      0.76     58.72      1.05
          det_prob[51]      0.55      0.15      0.54      0.31      0.78     56.52      1.04
          det_prob[52]      0.56      0.15      0.55      0.31      0.79     58.23      1.04
          det_prob[53]      0.58      0.15      0.57      0.33      0.81     60.93      1.03
          det_prob[54]      0.59      0.15      0.59      0.36      0.84     61.43      1.03
          det_prob[55]      0.61      0.14      0.61      0.39      0.88     61.67      1.03
          det_prob[56]      0.62      0.14      0.63      0.40      0.88     60.47      1.02
          det_prob[57]      0.64      0.14      0.64      0.40      0.86     60.49      1.02
          det_prob[58]      0.65      0.14      0.66      0.42      0.88     62.93      1.02
          det_prob[59]      0.67      0.14      0.67      0.45      0.89     61.99      1.02
          det_prob[60]      0.68      0.13      0.69      0.47      0.90     60.87      1.02
          det_prob[61]      0.69      0.13      0.70      0.47      0.89     61.16      1.01
          det_prob[62]      0.70      0.13      0.71      0.51      0.93     62.32      1.01
          det_prob[63]      0.72      0.12      0.72      0.52      0.92     61.19      1.01
          det_prob[64]      0.72      0.12      0.74      0.51      0.92     61.53      1.01
          det_prob[65]      0.73      0.12      0.75      0.54      0.94     56.98      1.00
          det_prob[66]      0.74      0.12      0.76      0.54      0.93     56.22      1.00
          det_prob[67]      0.75      0.12      0.77      0.55      0.94     56.94      1.00
          det_prob[68]      0.75      0.12      0.77      0.58      0.96     54.42      1.00
          det_prob[69]      0.76      0.12      0.78      0.57      0.96     54.28      1.00
          det_prob[70]      0.76      0.13      0.78      0.57      0.96     55.50      1.00
          det_prob[71]      0.76      0.13      0.79      0.57      0.96     53.95      1.00
          det_prob[72]      0.77      0.13      0.79      0.58      0.97     49.84      1.00
          det_prob[73]      0.77      0.13      0.79      0.58      0.97     49.01      1.00
          det_prob[74]      0.77      0.13      0.80      0.56      0.95     48.65      1.00
          det_prob[75]      0.77      0.13      0.80      0.58      0.97     49.08      1.00
          det_prob[76]      0.78      0.13      0.81      0.58      0.98     47.55      1.00
          det_prob[77]      0.78      0.14      0.80      0.57      0.98     45.97      1.00
          det_prob[78]      0.78      0.14      0.81      0.57      0.98     43.69      1.00
          det_prob[79]      0.78      0.14      0.81      0.56      0.98     44.74      1.00
          det_prob[80]      0.78      0.14      0.82      0.54      0.97     43.83      1.00
          det_prob[81]      0.78      0.14      0.82      0.57      0.98     44.07      1.00
          det_prob[82]      0.79      0.15      0.82      0.56      0.98     43.30      1.00
          det_prob[83]      0.79      0.14      0.83      0.58      0.98     41.04      1.00
          det_prob[84]      0.80      0.14      0.84      0.59      0.99     40.32      1.00
          det_prob[85]      0.80      0.14      0.84      0.59      0.98     41.49      1.00
          det_prob[86]      0.80      0.14      0.84      0.60      0.98     39.84      1.01
          det_prob[87]      0.81      0.13      0.84      0.61      0.99     38.93      1.01
          det_prob[88]      0.81      0.13      0.85      0.62      0.98     38.59      1.01
          det_prob[89]      0.82      0.13      0.85      0.63      0.99     36.81      1.01
          det_prob[90]      0.82      0.13      0.86      0.63      0.99     35.97      1.01
          det_prob[91]      0.82      0.13      0.86      0.64      0.99     34.28      1.01
          det_prob[92]      0.83      0.13      0.87      0.63      0.99     33.60      1.01
          det_prob[93]      0.83      0.12      0.87      0.64      0.99     31.81      1.02
          det_prob[94]      0.84      0.12      0.88      0.66      0.98     32.11      1.02
          det_prob[95]      0.85      0.11      0.88      0.66      0.99     31.62      1.02
          det_prob[96]      0.85      0.11      0.89      0.68      0.99     30.90      1.02
          det_prob[97]      0.85      0.11      0.89      0.67      0.99     31.20      1.02
          det_prob[98]      0.86      0.11      0.89      0.69      0.99     30.13      1.02
          det_prob[99]      0.86      0.11      0.90      0.69      0.99     30.66      1.03
         det_prob[100]      0.87      0.11      0.90      0.71      0.99     30.11      1.02
         det_prob[101]      0.87      0.10      0.90      0.72      0.99     30.16      1.03
         det_prob[102]      0.88      0.10      0.91      0.73      0.99     30.38      1.03
         det_prob[103]      0.88      0.10      0.91      0.74      0.99     29.99      1.03
         det_prob[104]      0.88      0.10      0.91      0.74      0.99     29.25      1.03
         det_prob[105]      0.88      0.10      0.92      0.74      1.00     29.68      1.03
         det_prob[106]      0.89      0.09      0.92      0.74      1.00     28.49      1.03
         det_prob[107]      0.89      0.09      0.92      0.74      0.99     28.18      1.03
         det_prob[108]      0.89      0.10      0.92      0.75      1.00     28.98      1.03
         det_prob[109]      0.89      0.09      0.92      0.76      0.99     29.35      1.03
         det_prob[110]      0.89      0.09      0.92      0.76      1.00     28.34      1.03
         det_prob[111]      0.90      0.09      0.92      0.77      1.00     29.28      1.03
         det_prob[112]      0.90      0.09      0.93      0.77      1.00     28.80      1.02
         det_prob[113]      0.90      0.09      0.93      0.76      1.00     29.13      1.02
         det_prob[114]      0.90      0.09      0.93      0.78      1.00     28.75      1.02
         det_prob[115]      0.90      0.09      0.94      0.77      1.00     28.52      1.02
         det_prob[116]      0.91      0.09      0.94      0.78      1.00     29.72      1.02
         det_prob[117]      0.91      0.09      0.94      0.78      1.00     29.57      1.02
         det_prob[118]      0.91      0.09      0.94      0.78      1.00     30.35      1.02
         det_prob[119]      0.91      0.09      0.94      0.78      1.00     29.99      1.02
         det_prob[120]      0.91      0.09      0.94      0.77      1.00     29.77      1.02
         det_prob[121]      0.91      0.09      0.94      0.78      1.00     29.18      1.02
         det_prob[122]      0.91      0.09      0.94      0.77      1.00     28.82      1.02
         det_prob[123]      0.91      0.09      0.94      0.77      1.00     29.05      1.01
         det_prob[124]      0.91      0.10      0.95      0.78      1.00     29.61      1.01
         det_prob[125]      0.91      0.10      0.95      0.78      1.00     29.47      1.01
         det_prob[126]      0.91      0.10      0.95      0.78      1.00     29.74      1.02
         det_prob[127]      0.91      0.09      0.95      0.78      1.00     29.89      1.01
         det_prob[128]      0.92      0.10      0.95      0.78      1.00     30.28      1.01
         det_prob[129]      0.92      0.09      0.95      0.78      1.00     30.48      1.01
         det_prob[130]      0.92      0.09      0.95      0.79      1.00     30.87      1.01
         det_prob[131]      0.92      0.09      0.96      0.80      1.00     30.24      1.01
         det_prob[132]      0.92      0.09      0.96      0.78      1.00     29.98      1.01
         det_prob[133]      0.92      0.09      0.96      0.78      1.00     30.07      1.01
         det_prob[134]      0.92      0.09      0.96      0.79      1.00     30.27      1.01
         det_prob[135]      0.92      0.09      0.96      0.79      1.00     30.74      1.00
         det_prob[136]      0.92      0.09      0.96      0.79      1.00     30.65      1.01
         det_prob[137]      0.92      0.09      0.96      0.79      1.00     30.57      1.01
         det_prob[138]      0.92      0.09      0.96      0.80      1.00     30.28      1.00
         det_prob[139]      0.93      0.09      0.97      0.80      1.00     30.86      1.00
         det_prob[140]      0.93      0.09      0.97      0.80      1.00     30.54      1.00
         det_prob[141]      0.93      0.09      0.97      0.80      1.00     30.53      1.00
         det_prob[142]      0.93      0.09      0.97      0.80      1.00     31.59      1.00
         det_prob[143]      0.93      0.09      0.97      0.80      1.00     31.66      1.00
         det_prob[144]      0.93      0.09      0.97      0.80      1.00     31.39      1.00
         det_prob[145]      0.93      0.09      0.97      0.80      1.00     31.71      1.00
         det_prob[146]      0.93      0.09      0.97      0.80      1.00     31.72      1.00
         det_prob[147]      0.93      0.09      0.97      0.80      1.00     31.51      1.00
         det_prob[148]      0.93      0.08      0.97      0.80      1.00     31.67      1.00
         det_prob[149]      0.94      0.09      0.97      0.81      1.00     32.05      1.00
         det_prob[150]      0.93      0.09      0.97      0.81      1.00     33.34      1.00
         det_prob[151]      0.94      0.09      0.97      0.81      1.00     32.99      1.00
         det_prob[152]      0.94      0.09      0.97      0.81      1.00     33.99      1.00
         det_prob[153]      0.94      0.09      0.98      0.81      1.00     34.41      1.00
         det_prob[154]      0.94      0.09      0.98      0.82      1.00     34.32      1.00
         det_prob[155]      0.94      0.09      0.98      0.82      1.00     34.06      1.00
         det_prob[156]      0.94      0.09      0.98      0.82      1.00     34.56      1.00
         det_prob[157]      0.94      0.08      0.98      0.82      1.00     34.66      1.00
         det_prob[158]      0.94      0.08      0.98      0.83      1.00     33.67      1.00
         det_prob[159]      0.94      0.08      0.98      0.83      1.00     34.26      1.00
         det_prob[160]      0.94      0.08      0.98      0.82      1.00     34.71      1.00
         det_prob[161]      0.94      0.08      0.98      0.83      1.00     34.88      1.00
         det_prob[162]      0.94      0.08      0.98      0.82      1.00     34.64      1.00
         det_prob[163]      0.94      0.08      0.98      0.83      1.00     33.69      1.00
         det_prob[164]      0.94      0.08      0.98      0.83      1.00     34.20      1.00
         det_prob[165]      0.94      0.09      0.98      0.83      1.00     34.97      1.00
         det_prob[166]      0.94      0.08      0.98      0.82      1.00     34.94      1.00
         det_prob[167]      0.94      0.09      0.98      0.83      1.00     34.91      1.00
         det_prob[168]      0.94      0.09      0.98      0.83      1.00     36.46      1.00
         det_prob[169]      0.94      0.09      0.98      0.82      1.00     36.87      1.00
         det_prob[170]      0.94      0.09      0.98      0.82      1.00     37.45      1.00
         det_prob[171]      0.94      0.09      0.98      0.82      1.00     37.75      1.00
         det_prob[172]      0.94      0.09      0.98      0.82      1.00     38.41      1.00
         det_prob[173]      0.94      0.09      0.98      0.82      1.00     38.70      1.00
         det_prob[174]      0.94      0.09      0.98      0.82      1.00     39.05      1.00
         det_prob[175]      0.94      0.09      0.98      0.82      1.00     39.43      1.00
         det_prob[176]      0.94      0.09      0.98      0.82      1.00     39.91      1.00
         det_prob[177]      0.94      0.09      0.98      0.82      1.00     41.08      1.00
         det_prob[178]      0.94      0.09      0.98      0.81      1.00     41.13      1.00
         det_prob[179]      0.94      0.09      0.98      0.81      1.00     42.70      1.00
         det_prob[180]      0.94      0.09      0.98      0.81      1.00     44.47      1.00
         det_prob[181]      0.94      0.09      0.98      0.81      1.00     44.24      1.00
         det_prob[182]      0.94      0.10      0.98      0.81      1.00     44.50      1.00
         det_prob[183]      0.94      0.10      0.98      0.80      1.00     44.83      1.00
         det_prob[184]      0.94      0.10      0.98      0.81      1.00     47.46      1.00
         det_prob[185]      0.94      0.10      0.98      0.81      1.00     48.53      1.00
             det_prob0      0.24      0.06      0.24      0.14      0.33    198.33      1.00
            det_prob_d      0.90      0.03      0.90      0.84      0.94   1816.68      1.00
                 gamma      0.49      0.05      0.49      0.40      0.58   1468.65      1.00
                 rw[0]     -0.17      0.98     -0.20     -1.66      1.60     54.87      1.08
                 rw[1]     -0.17      1.39     -0.17     -2.43      2.26     22.94      1.14
                 rw[2]     -0.22      1.72     -0.21     -2.96      2.57     14.83      1.22
                 rw[3]     -0.26      1.98     -0.30     -3.61      2.78     11.26      1.30
                 rw[4]     -0.23      2.15     -0.24     -4.00      3.08      9.78      1.36
                 rw[5]     -0.16      2.34     -0.20     -3.97      3.68      8.93      1.40
                 rw[6]     -0.10      2.46     -0.13     -3.65      4.58      8.32      1.44
                 rw[7]     -0.04      2.56     -0.16     -4.10      4.47      7.71      1.48
                 rw[8]     -0.02      2.61     -0.11     -4.66      3.95      7.13      1.51
                 rw[9]     -0.06      2.73     -0.21     -4.00      5.01      7.20      1.52
                rw[10]     -0.07      2.75     -0.22     -4.43      4.42      7.11      1.54
                rw[11]     -0.09      2.77     -0.32     -4.33      4.69      6.88      1.56
                rw[12]     -0.21      2.79     -0.42     -4.60      4.45      7.15      1.55
                rw[13]     -0.45      2.82     -0.65     -4.78      4.04      6.73      1.59
                rw[14]     -0.62      2.79     -0.78     -5.16      3.75      6.71      1.60
                rw[15]     -0.90      2.80     -0.98     -5.21      3.74      6.76      1.61
                rw[16]     -1.22      2.81     -1.32     -6.11      3.15      6.86      1.60
                rw[17]     -1.54      2.75     -1.68     -5.36      3.49      6.72      1.60
                rw[18]     -1.79      2.70     -1.93     -5.89      2.88      7.00      1.55
                rw[19]     -2.03      2.68     -2.18     -6.07      2.73      6.88      1.58
                rw[20]     -2.28      2.72     -2.50     -6.37      2.43      7.14      1.55
                rw[21]     -2.60      2.68     -2.79     -6.70      2.09      7.46      1.51
                rw[22]     -2.98      2.72     -3.18     -7.23      1.63      7.46      1.52
                rw[23]     -3.32      2.66     -3.49     -7.33      1.35      7.63      1.51
                rw[24]     -3.68      2.68     -3.90     -8.00      0.64      7.59      1.49
                rw[25]     -4.00      2.71     -4.23     -8.21      0.67      7.43      1.50
                rw[26]     -4.30      2.68     -4.51     -8.53      0.09      7.39      1.49
                rw[27]     -4.60      2.70     -4.77     -8.88     -0.34      7.50      1.48
                rw[28]     -4.90      2.72     -5.10     -8.93     -0.19      7.78      1.46
                rw[29]     -5.23      2.67     -5.41     -9.04     -0.40      7.53      1.49
                rw[30]     -5.47      2.70     -5.65     -9.91     -1.20      7.45      1.49
                rw[31]     -5.77      2.67     -5.86     -9.91     -1.24      7.76      1.45
                rw[32]     -5.99      2.66     -6.21    -10.28     -1.65      7.63      1.47
                rw[33]     -6.16      2.64     -6.27     -9.80     -1.38      7.73      1.46
                rw[34]     -6.35      2.64     -6.44    -10.72     -2.09      7.88      1.45
                rw[35]     -6.50      2.63     -6.57    -10.63     -1.91      7.97      1.46
                rw[36]     -6.58      2.63     -6.71    -10.65     -2.06      7.76      1.47
                rw[37]     -6.69      2.60     -6.78    -10.67     -2.24      7.89      1.46
                rw[38]     -6.79      2.60     -6.88    -11.05     -2.45      7.67      1.46
                rw[39]     -6.82      2.61     -6.82    -10.94     -2.48      7.58      1.47
                rw[40]     -6.88      2.63     -7.02    -11.04     -2.61      7.45      1.48
                rw[41]     -6.82      2.63     -6.98    -11.06     -2.69      7.73      1.46
                rw[42]     -6.76      2.61     -6.83    -10.76     -2.54      7.61      1.45
                rw[43]     -6.65      2.63     -6.83    -10.58     -2.22      7.71      1.47
                rw[44]     -6.51      2.66     -6.66    -10.72     -2.15      7.78      1.50
                rw[45]     -6.42      2.68     -6.44    -10.23     -1.52      7.62      1.50
                rw[46]     -6.28      2.74     -6.29    -10.80     -1.86      7.73      1.50
                rw[47]     -6.16      2.73     -6.16    -10.65     -1.80      7.78      1.49
                rw[48]     -6.00      2.77     -6.03    -10.20     -1.27      7.48      1.49
                rw[49]     -5.91      2.75     -6.01    -10.40     -1.50      7.49      1.49
                rw[50]     -5.83      2.78     -5.86    -10.33     -1.34      7.63      1.47
                rw[51]     -5.70      2.78     -5.79     -9.92     -0.84      7.72      1.48
                rw[52]     -5.58      2.75     -5.69     -9.94     -1.26      7.66      1.51
                rw[53]     -5.49      2.74     -5.69     -9.59     -0.80      7.73      1.50
                rw[54]     -5.36      2.75     -5.51     -9.65     -0.95      7.67      1.51
                rw[55]     -5.22      2.77     -5.26     -9.45     -0.36      7.66      1.51
                rw[56]     -5.09      2.75     -5.25     -9.36     -0.34      7.27      1.55
                rw[57]     -5.09      2.75     -5.26     -9.72     -0.72      7.33      1.53
                rw[58]     -5.04      2.79     -5.05     -9.55     -0.60      7.19      1.54
                rw[59]     -5.01      2.79     -5.09     -9.30     -0.27      7.00      1.56
                rw[60]     -5.06      2.74     -5.05     -9.73     -0.90      6.63      1.60
                rw[61]     -5.10      2.73     -5.16     -9.24     -0.77      6.67      1.58
                rw[62]     -5.20      2.74     -5.36     -9.23     -0.61      6.94      1.56
                rw[63]     -5.26      2.72     -5.52     -9.64     -0.84      7.11      1.56
                rw[64]     -5.36      2.71     -5.65     -9.78     -0.98      6.77      1.59
                rw[65]     -5.47      2.74     -5.64     -9.58     -0.65      6.62      1.57
                rw[66]     -5.58      2.78     -5.72    -10.06     -1.11      6.59      1.56
                rw[67]     -5.63      2.80     -5.85     -9.97     -0.79      6.60      1.58
                rw[68]     -5.72      2.82     -5.88    -10.06     -0.99      6.74      1.57
                rw[69]     -5.83      2.81     -5.97    -10.28     -1.22      6.83      1.58
                rw[70]     -5.82      2.79     -5.92     -9.84     -0.71      7.07      1.55
                rw[71]     -5.80      2.77     -5.83     -9.79     -0.73      7.04      1.55
                rw[72]     -5.79      2.74     -5.83    -10.19     -1.29      7.01      1.53
                rw[73]     -5.76      2.74     -5.86    -10.51     -1.46      7.34      1.51
                rw[74]     -5.68      2.75     -5.84     -9.76     -0.95      7.37      1.52
                rw[75]     -5.56      2.77     -5.62     -9.77     -0.72      7.14      1.55
                rw[76]     -5.40      2.75     -5.52     -9.59     -0.63      6.98      1.55
                rw[77]     -5.21      2.72     -5.29     -9.88     -0.91      7.53      1.52
                rw[78]     -4.98      2.73     -5.10     -9.47     -0.56      7.35      1.55
                rw[79]     -4.75      2.68     -4.93     -9.05     -0.19      7.17      1.54
                rw[80]     -4.44      2.67     -4.53     -8.32      0.34      6.97      1.56
                rw[81]     -4.16      2.71     -4.26     -8.68      0.19      7.23      1.52
                rw[82]     -3.87      2.68     -4.02     -7.88      0.94      7.48      1.50
                rw[83]     -3.59      2.68     -3.70     -7.70      1.08      7.40      1.50
                rw[84]     -3.38      2.70     -3.39     -7.60      1.15      7.29      1.53
                rw[85]     -3.17      2.67     -3.23     -7.75      1.17      7.39      1.53
                rw[86]     -3.01      2.65     -3.02     -7.53      1.15      7.24      1.53
                rw[87]     -2.87      2.65     -2.78     -7.07      1.55      6.95      1.55
                rw[88]     -2.78      2.70     -2.85     -6.96      1.65      7.07      1.54
                rw[89]     -2.66      2.70     -2.75     -6.95      1.64      7.09      1.54
                rw[90]     -2.58      2.67     -2.57     -6.28      2.47      7.26      1.52
                rw[91]     -2.51      2.65     -2.61     -6.74      1.65      7.34      1.51
                rw[92]     -2.52      2.62     -2.75     -6.89      1.43      7.04      1.54
                rw[93]     -2.51      2.65     -2.61     -6.38      2.02      6.95      1.54
                rw[94]     -2.53      2.66     -2.71     -6.46      2.10      6.80      1.54
                rw[95]     -2.65      2.58     -2.68     -6.55      1.47      6.71      1.56
                rw[96]     -2.84      2.56     -2.96     -7.09      1.15      6.62      1.56
                rw[97]     -2.95      2.57     -3.09     -6.98      1.27      6.66      1.56
                rw[98]     -3.14      2.61     -3.27     -7.01      1.25      6.67      1.56
                rw[99]     -3.26      2.58     -3.43     -7.24      0.94      6.86      1.55
               rw[100]     -3.45      2.61     -3.62     -7.31      0.77      6.64      1.57
               rw[101]     -3.57      2.63     -3.72     -7.48      0.80      6.99      1.54
               rw[102]     -3.69      2.61     -3.99     -7.54      0.85      7.01      1.52
               rw[103]     -3.85      2.66     -4.05     -7.95      0.47      7.25      1.52
               rw[104]     -3.98      2.67     -4.13     -7.97      0.49      7.34      1.52
               rw[105]     -4.06      2.67     -4.11     -8.17      0.20      7.42      1.50
               rw[106]     -4.08      2.64     -4.15     -8.04      0.44      6.98      1.54
               rw[107]     -4.05      2.66     -4.15     -7.91      0.69      7.09      1.54
               rw[108]     -4.03      2.69     -4.08     -8.22      0.53      6.84      1.56
               rw[109]     -3.98      2.69     -4.12     -8.14      0.42      6.77      1.55
               rw[110]     -3.89      2.71     -3.96     -8.09      0.61      6.99      1.55
               rw[111]     -3.77      2.71     -3.83     -7.99      0.71      6.95      1.55
               rw[112]     -3.67      2.63     -3.80     -7.84      0.71      6.91      1.57
               rw[113]     -3.55      2.59     -3.62     -7.79      0.66      6.84      1.58
               rw[114]     -3.47      2.57     -3.61     -7.73      0.41      7.03      1.54
               rw[115]     -3.36      2.59     -3.50     -7.15      1.27      7.02      1.55
               rw[116]     -3.35      2.60     -3.44     -7.39      1.12      7.26      1.55
               rw[117]     -3.32      2.59     -3.38     -7.66      0.85      7.28      1.52
               rw[118]     -3.26      2.59     -3.40     -7.27      1.15      7.16      1.53
               rw[119]     -3.31      2.56     -3.54     -7.13      1.09      7.01      1.54
               rw[120]     -3.42      2.54     -3.62     -7.28      0.80      6.92      1.51
               rw[121]     -3.54      2.53     -3.74     -7.40      0.76      7.18      1.53
               rw[122]     -3.57      2.57     -3.76     -7.72      0.61      7.04      1.53
               rw[123]     -3.63      2.55     -3.75     -7.44      0.67      6.88      1.56
               rw[124]     -3.64      2.59     -3.79     -7.58      0.75      6.88      1.55
               rw[125]     -3.64      2.60     -3.70     -7.92      0.35      6.87      1.55
               rw[126]     -3.65      2.63     -3.87     -7.62      0.89      7.01      1.52
               rw[127]     -3.72      2.61     -3.81     -8.21      0.14      6.89      1.55
               rw[128]     -3.76      2.62     -3.86     -7.34      1.23      7.10      1.54
               rw[129]     -3.85      2.67     -3.92     -7.96      0.78      7.12      1.54
               rw[130]     -3.94      2.64     -3.96     -8.34      0.26      6.99      1.54
               rw[131]     -4.02      2.61     -4.11     -8.21      0.29      7.28      1.51
               rw[132]     -4.10      2.62     -4.16     -8.32      0.02      7.20      1.51
               rw[133]     -4.20      2.63     -4.28     -8.05      0.45      7.06      1.53
               rw[134]     -4.29      2.62     -4.37     -8.55     -0.25      7.01      1.54
               rw[135]     -4.38      2.62     -4.40     -8.34      0.13      7.31      1.53
               rw[136]     -4.48      2.67     -4.47     -8.97     -0.20      7.09      1.55
               rw[137]     -4.56      2.68     -4.58     -8.87     -0.20      7.07      1.55
               rw[138]     -4.59      2.67     -4.67     -8.89     -0.27      6.59      1.58
               rw[139]     -4.62      2.65     -4.67     -9.35     -0.57      6.53      1.56
               rw[140]     -4.70      2.67     -4.86     -9.20     -0.54      6.64      1.57
               rw[141]     -4.78      2.65     -4.88     -9.17     -0.55      6.86      1.54
               rw[142]     -4.85      2.69     -4.98     -8.64     -0.03      6.90      1.57
               rw[143]     -4.89      2.69     -5.04     -9.04     -0.31      6.88      1.58
               rw[144]     -4.92      2.65     -5.12     -9.13     -0.49      6.87      1.59
               rw[145]     -4.92      2.67     -5.06     -9.29     -0.65      6.68      1.60
               rw[146]     -4.90      2.66     -5.11     -9.11     -0.63      6.43      1.60
               rw[147]     -4.91      2.59     -5.02     -9.03     -0.81      6.78      1.56
               rw[148]     -4.94      2.59     -5.03     -8.85     -0.57      6.93      1.55
               rw[149]     -4.94      2.60     -4.98     -9.18     -0.92      6.73      1.60
               rw[150]     -4.91      2.58     -4.97     -9.13     -0.81      6.59      1.59
               rw[151]     -4.92      2.63     -4.99     -8.83     -0.35      6.85      1.54
               rw[152]     -4.93      2.64     -5.00     -8.72     -0.29      6.71      1.56
               rw[153]     -4.90      2.58     -4.96     -8.98     -0.69      6.76      1.56
               rw[154]     -4.87      2.65     -4.87     -8.95     -0.50      6.80      1.58
               rw[155]     -4.93      2.66     -5.05     -9.72     -1.12      6.96      1.57
               rw[156]     -4.92      2.65     -5.05     -8.91     -0.40      6.95      1.56
               rw[157]     -4.95      2.68     -5.03     -8.89     -0.57      7.14      1.55
               rw[158]     -4.95      2.68     -5.05     -9.72     -0.91      7.02      1.56
               rw[159]     -4.96      2.67     -5.09     -9.15     -0.47      6.87      1.55
               rw[160]     -4.90      2.67     -4.94     -9.25     -0.62      7.08      1.54
               rw[161]     -4.89      2.68     -4.96     -8.89     -0.16      7.29      1.54
               rw[162]     -4.93      2.67     -5.08     -9.12     -0.68      7.05      1.54
               rw[163]     -4.97      2.71     -5.12     -9.47     -0.70      7.27      1.52
               rw[164]     -4.97      2.65     -5.08     -9.42     -0.74      7.13      1.53
               rw[165]     -4.93      2.65     -5.07     -9.07     -0.59      7.00      1.54
               rw[166]     -4.95      2.69     -5.18     -8.83     -0.16      7.05      1.53
               rw[167]     -4.95      2.69     -5.17     -9.34     -0.61      7.36      1.52
               rw[168]     -4.93      2.72     -5.06     -9.42     -0.68      7.41      1.52
               rw[169]     -4.97      2.69     -5.07     -9.14     -0.37      7.33      1.53
               rw[170]     -4.99      2.67     -5.05     -8.96     -0.39      7.20      1.55
               rw[171]     -5.00      2.73     -5.12     -9.38     -0.60      7.04      1.57
               rw[172]     -5.04      2.70     -5.09     -9.21     -0.64      7.34      1.53
               rw[173]     -5.05      2.71     -5.18     -9.52     -0.80      7.24      1.53
               rw[174]     -5.02      2.70     -5.19     -9.41     -0.76      7.14      1.54
               rw[175]     -4.97      2.74     -5.13     -9.56     -0.72      7.37      1.52
               rw[176]     -5.00      2.75     -5.09     -9.39     -0.66      7.25      1.52
               rw[177]     -5.01      2.78     -5.14     -9.39     -0.59      7.26      1.52
               rw[178]     -4.99      2.79     -5.04     -9.21     -0.37      7.65      1.49
               rw[179]     -4.98      2.85     -4.92     -9.35     -0.12      7.64      1.50
               rw[180]     -4.90      2.83     -4.87     -9.31     -0.23      7.94      1.47
               rw[181]     -4.87      2.87     -4.83     -9.09      0.11      8.11      1.46
               rw[182]     -4.86      3.00     -4.84     -9.58      0.20      8.80      1.43
               rw[183]     -4.86      3.15     -4.88     -9.60      0.46      9.48      1.39
               rw[184]     -4.91      3.23     -4.93     -9.91      0.55     11.29      1.33
               rw[185]     -4.94      3.38     -4.83    -10.14      0.96     12.85      1.28
                 sigma      0.23      0.02      0.23      0.19      0.26   1008.14      1.00

Number of divergences: 0
