
                            mean       std    median      5.0%     95.0%     n_eff     r_hat
                    D0      0.81      0.97      0.51      0.01      1.87   1696.63      1.00
                    E0      7.47      9.00      4.60      0.00     18.43     81.16      1.06
                    H0      1.37      1.38      0.91      0.00      3.16   1600.50      1.00
                    I0      4.26      6.85      2.16      0.00     10.53     83.18      1.08
                 beta0      1.13      0.60      1.03      0.34      1.88      5.05      1.77
  confirmed_dispersion      0.51      0.08      0.51      0.40      0.65   1424.42      1.00
      death_dispersion      0.34      0.06      0.33      0.23      0.43   2232.10      1.00
            death_prob      0.03      0.01      0.03      0.01      0.04     35.31      1.02
            death_rate      0.05      0.01      0.05      0.04      0.07    200.32      1.00
           det_prob[0]      0.24      0.06      0.23      0.13      0.33    186.31      1.00
           det_prob[1]      0.22      0.07      0.22      0.12      0.34    186.97      1.00
           det_prob[2]      0.21      0.07      0.20      0.10      0.33    170.38      1.00
           det_prob[3]      0.20      0.08      0.19      0.08      0.31    158.54      1.00
           det_prob[4]      0.19      0.08      0.18      0.08      0.31    150.15      1.00
           det_prob[5]      0.18      0.08      0.17      0.06      0.28    145.99      1.00
           det_prob[6]      0.17      0.07      0.16      0.05      0.28    133.46      1.00
           det_prob[7]      0.16      0.07      0.15      0.05      0.27    132.82      1.00
           det_prob[8]      0.16      0.07      0.15      0.04      0.26    125.99      1.00
           det_prob[9]      0.15      0.07      0.14      0.05      0.25    127.99      1.00
          det_prob[10]      0.15      0.07      0.14      0.05      0.25    138.04      1.00
          det_prob[11]      0.15      0.07      0.14      0.04      0.24    132.28      1.00
          det_prob[12]      0.14      0.07      0.13      0.04      0.24    128.41      1.00
          det_prob[13]      0.14      0.07      0.13      0.03      0.23    129.39      1.00
          det_prob[14]      0.14      0.07      0.13      0.04      0.23    127.72      1.00
          det_prob[15]      0.14      0.07      0.13      0.04      0.23    126.30      1.00
          det_prob[16]      0.14      0.06      0.13      0.04      0.23    115.75      1.00
          det_prob[17]      0.14      0.06      0.13      0.04      0.23    124.21      1.00
          det_prob[18]      0.14      0.06      0.13      0.04      0.23    123.67      1.00
          det_prob[19]      0.14      0.06      0.13      0.04      0.23    117.43      1.00
          det_prob[20]      0.14      0.06      0.13      0.04      0.23    124.46      1.00
          det_prob[21]      0.14      0.06      0.13      0.04      0.23    120.68      1.00
          det_prob[22]      0.14      0.06      0.14      0.05      0.24    116.72      1.00
          det_prob[23]      0.15      0.06      0.14      0.04      0.24    105.93      1.00
          det_prob[24]      0.16      0.06      0.15      0.05      0.24     96.19      1.00
          det_prob[25]      0.16      0.07      0.15      0.06      0.26     90.55      1.00
          det_prob[26]      0.17      0.07      0.16      0.07      0.28     93.03      1.00
          det_prob[27]      0.17      0.07      0.17      0.06      0.28     93.37      1.00
          det_prob[28]      0.18      0.07      0.17      0.07      0.29     97.61      1.00
          det_prob[29]      0.19      0.07      0.18      0.07      0.30     91.88      1.00
          det_prob[30]      0.20      0.08      0.19      0.08      0.32     85.28      1.00
          det_prob[31]      0.20      0.08      0.19      0.08      0.32     86.96      1.00
          det_prob[32]      0.21      0.08      0.19      0.08      0.33     87.26      1.00
          det_prob[33]      0.21      0.08      0.20      0.08      0.33     83.05      1.00
          det_prob[34]      0.22      0.08      0.21      0.08      0.34     77.62      1.00
          det_prob[35]      0.22      0.08      0.21      0.09      0.36     73.76      1.00
          det_prob[36]      0.23      0.09      0.21      0.08      0.36     69.68      1.00
          det_prob[37]      0.22      0.09      0.22      0.09      0.36     67.67      1.00
          det_prob[38]      0.22      0.09      0.21      0.08      0.34     64.94      1.00
          det_prob[39]      0.21      0.09      0.19      0.08      0.34     64.51      1.00
          det_prob[40]      0.19      0.08      0.18      0.07      0.33     64.36      1.00
          det_prob[41]      0.18      0.08      0.17      0.06      0.30     60.88      1.00
          det_prob[42]      0.16      0.08      0.15      0.04      0.27     61.77      1.01
          det_prob[43]      0.15      0.08      0.13      0.04      0.25     59.08      1.01
          det_prob[44]      0.14      0.08      0.12      0.03      0.24     58.49      1.01
          det_prob[45]      0.13      0.08      0.11      0.03      0.23     60.81      1.02
          det_prob[46]      0.12      0.08      0.10      0.02      0.23     58.61      1.01
          det_prob[47]      0.12      0.08      0.10      0.02      0.22     55.51      1.01
          det_prob[48]      0.12      0.08      0.10      0.02      0.22     52.93      1.02
          det_prob[49]      0.12      0.08      0.10      0.02      0.22     52.26      1.01
          det_prob[50]      0.12      0.08      0.10      0.02      0.22     50.37      1.01
          det_prob[51]      0.12      0.08      0.10      0.02      0.22     49.77      1.01
          det_prob[52]      0.12      0.08      0.10      0.02      0.22     47.74      1.01
          det_prob[53]      0.13      0.09      0.11      0.02      0.23     48.13      1.01
          det_prob[54]      0.13      0.09      0.11      0.02      0.24     47.35      1.01
          det_prob[55]      0.14      0.09      0.12      0.02      0.25     46.17      1.01
          det_prob[56]      0.15      0.10      0.13      0.03      0.27     46.06      1.01
          det_prob[57]      0.16      0.10      0.13      0.03      0.29     46.22      1.01
          det_prob[58]      0.17      0.10      0.14      0.03      0.30     47.55      1.01
          det_prob[59]      0.18      0.11      0.16      0.04      0.32     47.86      1.00
          det_prob[60]      0.20      0.12      0.17      0.04      0.34     50.26      1.00
          det_prob[61]      0.21      0.12      0.18      0.04      0.38     50.64      1.00
          det_prob[62]      0.23      0.12      0.21      0.05      0.40     50.19      1.00
          det_prob[63]      0.26      0.13      0.24      0.06      0.44     50.13      1.00
          det_prob[64]      0.28      0.13      0.26      0.08      0.47     50.56      1.00
          det_prob[65]      0.30      0.14      0.28      0.09      0.50     54.17      1.00
          det_prob[66]      0.32      0.14      0.30      0.10      0.53     56.19      1.00
          det_prob[67]      0.34      0.14      0.32      0.11      0.55     57.51      1.00
          det_prob[68]      0.36      0.15      0.34      0.14      0.59     57.05      1.00
          det_prob[69]      0.37      0.15      0.36      0.13      0.61     57.70      1.00
          det_prob[70]      0.40      0.15      0.39      0.15      0.64     58.35      1.00
          det_prob[71]      0.42      0.15      0.41      0.18      0.67     56.77      1.00
          det_prob[72]      0.44      0.15      0.43      0.17      0.67     54.89      1.00
          det_prob[73]      0.46      0.15      0.44      0.22      0.71     53.82      1.01
          det_prob[74]      0.46      0.16      0.45      0.21      0.71     55.02      1.01
          det_prob[75]      0.47      0.16      0.46      0.19      0.71     52.20      1.01
          det_prob[76]      0.48      0.16      0.47      0.20      0.73     52.57      1.01
          det_prob[77]      0.48      0.16      0.47      0.21      0.74     50.50      1.01
          det_prob[78]      0.49      0.17      0.48      0.21      0.75     52.45      1.02
          det_prob[79]      0.49      0.17      0.48      0.24      0.79     53.42      1.02
          det_prob[80]      0.50      0.17      0.49      0.22      0.79     50.71      1.02
          det_prob[81]      0.50      0.17      0.50      0.25      0.82     48.75      1.02
          det_prob[82]      0.51      0.18      0.51      0.25      0.82     50.71      1.03
          det_prob[83]      0.52      0.18      0.52      0.24      0.81     49.34      1.03
          det_prob[84]      0.53      0.18      0.53      0.26      0.83     51.94      1.03
          det_prob[85]      0.54      0.18      0.53      0.22      0.81     50.54      1.03
          det_prob[86]      0.54      0.18      0.54      0.23      0.82     50.03      1.03
          det_prob[87]      0.55      0.18      0.55      0.26      0.84     48.77      1.03
          det_prob[88]      0.56      0.18      0.56      0.25      0.83     46.20      1.03
          det_prob[89]      0.57      0.18      0.57      0.28      0.85     42.59      1.04
          det_prob[90]      0.58      0.18      0.58      0.31      0.88     40.32      1.04
          det_prob[91]      0.59      0.17      0.60      0.34      0.90     39.79      1.05
          det_prob[92]      0.60      0.17      0.61      0.34      0.88     37.64      1.06
          det_prob[93]      0.61      0.17      0.62      0.35      0.90     37.43      1.06
          det_prob[94]      0.62      0.17      0.64      0.35      0.89     37.08      1.06
          det_prob[95]      0.63      0.17      0.65      0.35      0.90     34.86      1.07
          det_prob[96]      0.64      0.17      0.66      0.37      0.92     35.01      1.07
          det_prob[97]      0.65      0.17      0.66      0.38      0.93     35.34      1.07
          det_prob[98]      0.65      0.17      0.67      0.38      0.92     35.03      1.08
          det_prob[99]      0.66      0.17      0.68      0.40      0.93     34.06      1.08
         det_prob[100]      0.66      0.17      0.67      0.39      0.93     34.52      1.08
         det_prob[101]      0.66      0.17      0.67      0.40      0.95     33.19      1.08
         det_prob[102]      0.66      0.18      0.68      0.38      0.95     32.10      1.08
         det_prob[103]      0.66      0.18      0.69      0.37      0.94     31.46      1.08
         det_prob[104]      0.66      0.19      0.69      0.37      0.95     30.07      1.09
         det_prob[105]      0.66      0.19      0.69      0.35      0.94     28.96      1.09
         det_prob[106]      0.66      0.19      0.68      0.36      0.95     28.20      1.10
         det_prob[107]      0.66      0.19      0.68      0.38      0.97     28.35      1.10
         det_prob[108]      0.66      0.19      0.68      0.38      0.97     28.09      1.11
         det_prob[109]      0.66      0.19      0.69      0.37      0.97     28.65      1.11
         det_prob[110]      0.67      0.19      0.69      0.38      0.97     28.59      1.11
         det_prob[111]      0.67      0.19      0.70      0.38      0.97     28.41      1.11
         det_prob[112]      0.67      0.20      0.69      0.38      0.98     28.43      1.10
         det_prob[113]      0.67      0.20      0.69      0.38      0.98     28.69      1.09
         det_prob[114]      0.68      0.20      0.70      0.39      0.99     28.34      1.09
         det_prob[115]      0.68      0.20      0.71      0.39      0.98     27.91      1.09
         det_prob[116]      0.68      0.20      0.72      0.39      0.98     27.70      1.09
         det_prob[117]      0.68      0.20      0.72      0.39      0.98     27.67      1.09
         det_prob[118]      0.69      0.20      0.72      0.39      0.99     27.52      1.09
         det_prob[119]      0.69      0.20      0.73      0.40      0.99     27.97      1.09
         det_prob[120]      0.70      0.20      0.73      0.40      0.99     27.46      1.10
         det_prob[121]      0.70      0.20      0.74      0.39      0.98     28.26      1.09
         det_prob[122]      0.70      0.20      0.74      0.40      0.98     27.71      1.09
         det_prob[123]      0.71      0.19      0.75      0.41      0.98     27.35      1.09
         det_prob[124]      0.71      0.20      0.75      0.41      0.98     27.78      1.09
         det_prob[125]      0.71      0.20      0.76      0.41      0.99     27.80      1.09
         det_prob[126]      0.72      0.20      0.76      0.41      0.99     27.48      1.09
         det_prob[127]      0.72      0.20      0.76      0.42      0.99     27.22      1.09
         det_prob[128]      0.72      0.19      0.77      0.42      0.99     26.95      1.09
         det_prob[129]      0.73      0.19      0.78      0.43      0.99     27.69      1.09
         det_prob[130]      0.73      0.19      0.78      0.43      0.99     27.85      1.08
         det_prob[131]      0.73      0.20      0.79      0.43      0.99     28.18      1.08
         det_prob[132]      0.74      0.20      0.79      0.43      0.99     28.63      1.07
         det_prob[133]      0.74      0.20      0.79      0.42      0.99     29.06      1.07
         det_prob[134]      0.74      0.20      0.80      0.43      0.99     29.09      1.07
         det_prob[135]      0.75      0.20      0.80      0.44      0.99     29.63      1.07
         det_prob[136]      0.75      0.20      0.81      0.45      0.99     29.84      1.07
         det_prob[137]      0.75      0.20      0.82      0.45      1.00     29.65      1.07
         det_prob[138]      0.75      0.20      0.81      0.45      1.00     29.73      1.06
         det_prob[139]      0.75      0.20      0.82      0.45      0.99     29.77      1.06
         det_prob[140]      0.76      0.20      0.83      0.45      0.99     29.91      1.06
         det_prob[141]      0.76      0.20      0.83      0.43      1.00     30.23      1.06
         det_prob[142]      0.76      0.20      0.83      0.43      0.99     30.23      1.06
         det_prob[143]      0.76      0.20      0.84      0.43      1.00     30.11      1.05
         det_prob[144]      0.76      0.20      0.84      0.43      0.99     29.87      1.05
         det_prob[145]      0.77      0.20      0.84      0.43      1.00     29.82      1.04
         det_prob[146]      0.77      0.20      0.85      0.43      1.00     29.72      1.04
         det_prob[147]      0.77      0.20      0.84      0.45      1.00     29.82      1.05
         det_prob[148]      0.78      0.20      0.85      0.46      1.00     30.13      1.04
         det_prob[149]      0.79      0.19      0.86      0.47      1.00     30.29      1.04
         det_prob[150]      0.79      0.19      0.86      0.49      1.00     30.07      1.04
         det_prob[151]      0.79      0.19      0.86      0.49      1.00     31.25      1.04
         det_prob[152]      0.79      0.19      0.86      0.49      1.00     31.50      1.04
         det_prob[153]      0.80      0.19      0.86      0.48      1.00     31.43      1.04
         det_prob[154]      0.80      0.18      0.87      0.50      1.00     31.71      1.04
         det_prob[155]      0.81      0.18      0.87      0.51      1.00     31.84      1.04
         det_prob[156]      0.81      0.18      0.87      0.52      1.00     32.49      1.04
         det_prob[157]      0.81      0.17      0.88      0.54      1.00     32.78      1.04
         det_prob[158]      0.82      0.17      0.88      0.55      1.00     32.43      1.04
         det_prob[159]      0.82      0.17      0.88      0.56      1.00     32.43      1.04
         det_prob[160]      0.83      0.16      0.89      0.57      1.00     32.82      1.04
         det_prob[161]      0.83      0.16      0.89      0.58      1.00     33.38      1.04
         det_prob[162]      0.83      0.16      0.89      0.58      1.00     33.19      1.04
         det_prob[163]      0.83      0.16      0.89      0.59      1.00     32.57      1.04
         det_prob[164]      0.83      0.16      0.89      0.59      1.00     32.50      1.05
         det_prob[165]      0.83      0.16      0.90      0.59      1.00     33.03      1.05
         det_prob[166]      0.84      0.16      0.90      0.59      1.00     32.63      1.04
         det_prob[167]      0.84      0.16      0.90      0.58      1.00     33.43      1.04
         det_prob[168]      0.84      0.16      0.90      0.58      1.00     34.04      1.04
         det_prob[169]      0.84      0.16      0.90      0.58      1.00     34.54      1.03
         det_prob[170]      0.84      0.16      0.90      0.58      1.00     35.28      1.03
         det_prob[171]      0.84      0.16      0.90      0.58      1.00     35.79      1.03
         det_prob[172]      0.84      0.16      0.90      0.58      1.00     36.73      1.03
         det_prob[173]      0.84      0.16      0.90      0.60      1.00     37.78      1.03
         det_prob[174]      0.84      0.16      0.90      0.59      1.00     38.22      1.03
         det_prob[175]      0.84      0.16      0.90      0.60      1.00     38.52      1.03
         det_prob[176]      0.84      0.16      0.91      0.59      1.00     40.31      1.03
         det_prob[177]      0.84      0.16      0.91      0.58      1.00     41.10      1.03
         det_prob[178]      0.84      0.17      0.91      0.58      1.00     42.58      1.03
         det_prob[179]      0.84      0.17      0.91      0.57      1.00     42.66      1.03
         det_prob[180]      0.84      0.17      0.91      0.57      1.00     43.19      1.03
         det_prob[181]      0.84      0.17      0.91      0.56      1.00     43.51      1.03
         det_prob[182]      0.83      0.18      0.91      0.55      1.00     44.07      1.03
         det_prob[183]      0.83      0.19      0.91      0.53      1.00     44.86      1.02
         det_prob[184]      0.83      0.19      0.91      0.52      1.00     45.78      1.02
         det_prob[185]      0.83      0.19      0.91      0.50      1.00     46.29      1.02
             det_prob0      0.25      0.06      0.25      0.15      0.34    246.33      1.00
            det_prob_d      0.90      0.03      0.90      0.85      0.95   2976.49      1.00
                 gamma      0.50      0.05      0.50      0.42      0.59   1668.52      1.00
                 rw[0]     -0.11      0.97     -0.09     -1.66      1.53     48.83      1.07
                 rw[1]     -0.13      1.39     -0.14     -2.62      1.99     21.11      1.16
                 rw[2]     -0.07      1.72     -0.05     -2.77      2.89     14.59      1.22
                 rw[3]      0.08      2.02      0.10     -3.10      3.54     10.22      1.29
                 rw[4]      0.27      2.24      0.29     -3.46      3.73      9.02      1.34
                 rw[5]      0.50      2.46      0.46     -3.79      4.30      7.93      1.40
                 rw[6]      0.75      2.57      0.70     -3.71      4.61      7.44      1.44
                 rw[7]      1.05      2.68      0.97     -2.99      5.86      7.04      1.47
                 rw[8]      1.33      2.78      1.22     -3.25      5.92      6.59      1.50
                 rw[9]      1.62      2.93      1.58     -2.86      6.64      6.40      1.53
                rw[10]      1.89      2.96      1.76     -3.08      6.55      6.05      1.57
                rw[11]      2.13      3.03      1.97     -3.03      6.88      6.11      1.59
                rw[12]      2.26      3.06      2.03     -2.74      7.00      6.08      1.61
                rw[13]      2.31      3.13      2.08     -2.68      7.13      5.77      1.65
                rw[14]      2.42      3.10      2.28     -2.74      7.18      5.41      1.70
                rw[15]      2.37      3.08      2.28     -2.27      7.43      5.35      1.73
                rw[16]      2.20      3.06      2.06     -2.40      7.32      5.33      1.74
                rw[17]      2.09      3.08      1.92     -2.90      6.99      5.28      1.74
                rw[18]      1.96      3.06      1.83     -2.81      6.97      5.37      1.72
                rw[19]      1.77      3.02      1.55     -2.88      6.83      5.15      1.78
                rw[20]      1.51      2.99      1.29     -2.95      6.48      5.11      1.78
                rw[21]      1.13      2.96      0.98     -3.41      6.12      5.16      1.77
                rw[22]      0.66      2.96      0.53     -3.91      5.65      5.21      1.77
                rw[23]      0.09      2.87     -0.02     -4.21      5.04      5.41      1.74
                rw[24]     -0.51      2.91     -0.65     -5.31      3.93      5.63      1.70
                rw[25]     -1.18      2.93     -1.26     -5.37      3.92      5.43      1.70
                rw[26]     -1.84      2.91     -1.97     -6.49      2.64      5.33      1.70
                rw[27]     -2.49      2.90     -2.66     -6.63      2.58      5.46      1.67
                rw[28]     -3.06      2.93     -3.26     -7.81      1.51      5.71      1.62
                rw[29]     -3.71      2.90     -3.95     -8.01      1.27      5.70      1.63
                rw[30]     -4.25      2.91     -4.34     -8.84      0.53      5.64      1.62
                rw[31]     -4.86      2.88     -4.94     -9.43     -0.28      5.77      1.59
                rw[32]     -5.41      2.87     -5.58     -9.81     -0.53      5.98      1.58
                rw[33]     -5.90      2.87     -6.13    -10.44     -1.01      5.94      1.57
                rw[34]     -6.45      2.94     -6.59    -11.23     -1.76      6.18      1.54
                rw[35]     -6.96      2.94     -7.05    -11.66     -2.05      6.44      1.52
                rw[36]     -7.44      2.94     -7.62    -11.88     -2.29      6.54      1.52
                rw[37]     -7.90      2.98     -8.03    -12.88     -3.18      6.56      1.51
                rw[38]     -8.28      2.91     -8.43    -12.84     -3.27      6.59      1.51
                rw[39]     -8.67      2.94     -8.82    -13.08     -3.71      6.45      1.53
                rw[40]     -8.92      2.97     -9.04    -13.57     -3.82      6.51      1.51
                rw[41]     -9.18      3.03     -9.24    -13.60     -4.04      6.61      1.49
                rw[42]     -9.30      2.97     -9.38    -13.89     -4.75      6.66      1.51
                rw[43]     -9.35      2.95     -9.51    -13.53     -4.39      6.44      1.53
                rw[44]     -9.26      2.96     -9.27    -13.76     -4.32      6.71      1.52
                rw[45]     -9.18      2.98     -9.15    -13.47     -3.82      6.64      1.54
                rw[46]     -8.97      2.98     -8.97    -13.92     -4.37      6.52      1.54
                rw[47]     -8.70      3.07     -8.64    -13.69     -3.93      6.58      1.53
                rw[48]     -8.38      3.08     -8.34    -13.13     -3.36      6.42      1.54
                rw[49]     -8.06      3.11     -8.07    -13.42     -3.56      6.65      1.53
                rw[50]     -7.69      3.15     -7.79    -12.47     -2.19      6.94      1.52
                rw[51]     -7.29      3.17     -7.40    -11.92     -1.64      6.65      1.56
                rw[52]     -6.81      3.09     -6.95    -11.58     -1.51      6.27      1.58
                rw[53]     -6.35      3.11     -6.37    -11.74     -1.66      6.55      1.55
                rw[54]     -5.85      3.06     -5.84    -11.06     -1.38      6.21      1.58
                rw[55]     -5.38      3.09     -5.33    -10.23     -0.47      6.25      1.59
                rw[56]     -4.87      3.04     -4.89     -9.45      0.43      6.22      1.60
                rw[57]     -4.45      3.03     -4.58     -9.22      0.43      6.11      1.61
                rw[58]     -3.98      3.13     -4.00     -8.86      1.03      6.16      1.62
                rw[59]     -3.53      3.15     -3.60     -8.55      1.50      5.81      1.67
                rw[60]     -3.16      3.15     -3.34     -7.94      2.33      5.75      1.68
                rw[61]     -2.85      3.12     -3.08     -8.17      1.95      5.79      1.65
                rw[62]     -2.61      3.11     -2.80     -7.45      2.49      5.76      1.67
                rw[63]     -2.43      3.15     -2.68     -6.95      3.22      5.64      1.68
                rw[64]     -2.38      3.17     -2.64     -7.72      2.53      5.54      1.70
                rw[65]     -2.37      3.20     -2.61     -7.46      2.82      5.62      1.69
                rw[66]     -2.41      3.18     -2.74     -7.66      2.63      5.63      1.67
                rw[67]     -2.47      3.19     -2.76     -7.85      2.73      5.89      1.66
                rw[68]     -2.53      3.22     -2.69     -7.60      2.82      5.99      1.65
                rw[69]     -2.68      3.19     -2.87     -7.95      2.50      5.79      1.66
                rw[70]     -2.84      3.17     -2.90     -7.69      2.86      5.88      1.66
                rw[71]     -2.98      3.18     -3.07     -7.73      2.48      5.93      1.66
                rw[72]     -3.27      3.20     -3.28     -8.28      1.97      5.97      1.64
                rw[73]     -3.55      3.20     -3.69     -8.40      1.82      5.74      1.68
                rw[74]     -3.87      3.18     -4.03     -8.37      1.87      5.81      1.68
                rw[75]     -4.12      3.18     -4.25     -9.01      1.31      5.79      1.70
                rw[76]     -4.34      3.16     -4.39     -9.39      0.76      5.76      1.69
                rw[77]     -4.53      3.13     -4.64     -9.17      0.97      5.96      1.65
                rw[78]     -4.68      3.14     -4.82     -9.30      0.80      6.15      1.64
                rw[79]     -4.83      3.12     -4.99     -9.81      0.11      6.06      1.64
                rw[80]     -4.88      3.10     -5.02     -9.45      0.63      6.10      1.63
                rw[81]     -4.85      3.11     -5.03     -9.92      0.30      6.31      1.60
                rw[82]     -4.81      3.12     -4.86     -9.82      0.24      6.55      1.59
                rw[83]     -4.80      3.11     -5.02     -9.81      0.34      6.30      1.61
                rw[84]     -4.73      3.16     -4.86     -9.62      0.64      6.04      1.64
                rw[85]     -4.65      3.11     -4.72     -9.93      0.31      5.92      1.65
                rw[86]     -4.53      3.08     -4.54     -9.88      0.04      5.96      1.63
                rw[87]     -4.39      3.06     -4.60     -9.09      0.84      5.66      1.66
                rw[88]     -4.24      3.13     -4.41     -9.07      0.81      5.80      1.65
                rw[89]     -4.07      3.11     -4.24     -8.70      1.42      5.57      1.65
                rw[90]     -3.92      3.09     -4.05     -8.59      1.60      5.61      1.65
                rw[91]     -3.80      3.08     -3.87     -8.29      1.61      5.77      1.63
                rw[92]     -3.63      3.06     -3.87     -7.95      1.98      6.08      1.62
                rw[93]     -3.52      3.06     -3.69     -8.20      1.47      5.90      1.63
                rw[94]     -3.47      3.05     -3.69     -7.99      1.80      5.60      1.67
                rw[95]     -3.42      3.00     -3.75     -8.08      1.56      5.49      1.68
                rw[96]     -3.40      2.98     -3.54     -7.47      2.14      5.46      1.67
                rw[97]     -3.40      2.99     -3.54     -7.71      2.02      5.49      1.66
                rw[98]     -3.43      2.97     -3.60     -8.18      1.25      5.58      1.65
                rw[99]     -3.53      2.99     -3.77     -8.10      1.49      5.58      1.67
               rw[100]     -3.63      3.02     -3.81     -8.56      1.20      5.37      1.70
               rw[101]     -3.63      3.02     -3.82     -8.07      1.51      5.52      1.69
               rw[102]     -3.54      2.99     -3.69     -8.07      1.34      5.59      1.66
               rw[103]     -3.42      2.97     -3.58     -7.85      1.40      5.63      1.67
               rw[104]     -3.21      3.05     -3.40     -7.95      1.78      5.73      1.68
               rw[105]     -3.00      3.03     -3.05     -7.32      2.34      5.85      1.65
               rw[106]     -2.86      3.02     -3.02     -8.01      1.77      5.60      1.67
               rw[107]     -2.58      3.01     -2.65     -7.23      2.43      5.46      1.69
               rw[108]     -2.38      3.03     -2.47     -6.97      2.80      5.43      1.69
               rw[109]     -2.06      2.99     -2.18     -6.59      2.94      5.49      1.68
               rw[110]     -1.76      2.98     -1.90     -6.14      3.25      5.37      1.71
               rw[111]     -1.48      2.99     -1.50     -6.31      3.18      5.33      1.71
               rw[112]     -1.19      2.94     -1.26     -5.59      3.75      5.36      1.71
               rw[113]     -0.87      2.93     -0.98     -5.23      4.09      5.25      1.73
               rw[114]     -0.55      2.92     -0.69     -4.89      4.49      5.43      1.68
               rw[115]     -0.32      2.92     -0.45     -4.40      4.94      5.43      1.69
               rw[116]     -0.13      2.87     -0.26     -4.11      5.10      5.75      1.66
               rw[117]     -0.00      2.88     -0.12     -4.67      4.72      5.71      1.67
               rw[118]      0.06      2.89     -0.18     -4.20      5.09      5.47      1.69
               rw[119]      0.12      2.88     -0.02     -4.03      5.25      5.55      1.68
               rw[120]      0.02      2.83     -0.15     -4.30      4.84      5.53      1.65
               rw[121]     -0.10      2.84     -0.28     -4.77      4.55      5.74      1.65
               rw[122]     -0.24      2.86     -0.52     -4.71      4.57      5.71      1.65
               rw[123]     -0.46      2.88     -0.69     -4.93      4.27      5.64      1.66
               rw[124]     -0.74      2.89     -0.99     -4.95      4.34      5.57      1.68
               rw[125]     -1.01      2.89     -1.20     -5.45      3.67      5.47      1.69
               rw[126]     -1.19      2.89     -1.34     -5.24      3.91      5.55      1.69
               rw[127]     -1.37      2.88     -1.49     -5.45      3.74      5.34      1.73
               rw[128]     -1.54      2.89     -1.62     -5.81      3.49      5.53      1.72
               rw[129]     -1.69      2.96     -1.65     -5.70      3.94      5.43      1.73
               rw[130]     -1.78      2.94     -1.84     -6.26      3.27      5.36      1.72
               rw[131]     -1.91      2.91     -1.94     -6.67      2.69      5.36      1.70
               rw[132]     -1.96      2.89     -2.08     -6.92      2.39      5.53      1.68
               rw[133]     -2.03      2.90     -2.22     -6.86      2.42      5.40      1.70
               rw[134]     -2.04      2.87     -2.17     -6.56      2.45      5.50      1.70
               rw[135]     -2.05      2.86     -2.11     -6.35      2.90      5.48      1.70
               rw[136]     -2.12      2.94     -2.16     -6.80      2.57      5.37      1.71
               rw[137]     -2.21      2.96     -2.30     -6.57      2.74      5.62      1.68
               rw[138]     -2.29      2.93     -2.49     -6.92      2.57      5.38      1.70
               rw[139]     -2.33      2.93     -2.57     -6.88      2.57      5.36      1.70
               rw[140]     -2.42      2.92     -2.63     -6.87      2.58      5.28      1.72
               rw[141]     -2.46      2.90     -2.63     -6.87      2.52      5.33      1.71
               rw[142]     -2.49      2.98     -2.68     -6.89      2.41      5.43      1.72
               rw[143]     -2.50      2.95     -2.74     -7.04      2.56      5.34      1.73
               rw[144]     -2.54      2.93     -2.66     -7.20      2.06      5.31      1.75
               rw[145]     -2.54      2.95     -2.70     -7.16      2.22      5.39      1.74
               rw[146]     -2.53      2.93     -2.68     -7.02      2.21      5.35      1.71
               rw[147]     -2.58      2.88     -2.79     -7.00      2.25      5.33      1.71
               rw[148]     -2.66      2.88     -2.78     -7.02      2.06      5.47      1.70
               rw[149]     -2.80      2.91     -2.74     -7.21      2.07      5.22      1.76
               rw[150]     -2.89      2.90     -2.95     -7.14      2.24      5.25      1.72
               rw[151]     -3.05      2.92     -3.15     -7.76      1.66      5.44      1.68
               rw[152]     -3.26      2.94     -3.38     -7.77      1.68      5.35      1.71
               rw[153]     -3.38      2.88     -3.58     -7.85      1.53      5.25      1.75
               rw[154]     -3.46      2.92     -3.68     -7.91      1.50      5.17      1.76
               rw[155]     -3.60      2.91     -3.74     -7.80      1.54      5.31      1.74
               rw[156]     -3.71      2.91     -3.84     -8.34      1.04      5.37      1.74
               rw[157]     -3.80      2.92     -3.98     -8.10      1.22      5.42      1.70
               rw[158]     -3.91      2.95     -4.15     -8.54      1.04      5.41      1.71
               rw[159]     -4.06      2.96     -4.23     -8.65      0.98      5.39      1.70
               rw[160]     -4.11      2.96     -4.29     -8.95      0.56      5.53      1.68
               rw[161]     -4.19      2.95     -4.35     -8.84      0.64      5.71      1.66
               rw[162]     -4.25      2.96     -4.44     -8.66      0.90      5.54      1.68
               rw[163]     -4.28      2.98     -4.39     -9.19      0.33      5.68      1.68
               rw[164]     -4.33      2.97     -4.50     -9.27      0.37      5.57      1.70
               rw[165]     -4.34      2.98     -4.45     -8.55      1.03      5.54      1.68
               rw[166]     -4.41      3.01     -4.65     -9.36      0.41      5.63      1.66
               rw[167]     -4.47      3.04     -4.77     -9.60      0.17      5.77      1.65
               rw[168]     -4.43      3.04     -4.57     -8.87      0.68      5.98      1.64
               rw[169]     -4.47      3.01     -4.66     -9.40      0.27      5.83      1.65
               rw[170]     -4.45      3.02     -4.59     -9.07      0.43      5.77      1.66
               rw[171]     -4.45      3.11     -4.62     -9.75      0.17      5.93      1.64
               rw[172]     -4.49      3.07     -4.76     -9.48      0.43      5.91      1.64
               rw[173]     -4.51      3.06     -4.80     -9.24      0.53      6.14      1.61
               rw[174]     -4.50      3.10     -4.78     -9.29      0.41      6.21      1.60
               rw[175]     -4.58      3.16     -4.76     -9.51      0.36      6.46      1.58
               rw[176]     -4.68      3.21     -4.88     -9.64      0.53      6.61      1.56
               rw[177]     -4.84      3.26     -5.10     -9.66      0.76      6.93      1.53
               rw[178]     -4.98      3.30     -5.01    -10.34      0.16      7.19      1.53
               rw[179]     -5.10      3.38     -5.18    -10.26      0.70      7.79      1.48
               rw[180]     -5.23      3.47     -5.30    -10.65      0.34      7.79      1.48
               rw[181]     -5.38      3.52     -5.55    -10.76      0.80      8.01      1.45
               rw[182]     -5.50      3.63     -5.54    -11.03      0.83      8.63      1.41
               rw[183]     -5.57      3.78     -5.75    -11.35      1.01      9.69      1.37
               rw[184]     -5.63      3.85     -5.65    -11.69      0.70     10.53      1.35
               rw[185]     -5.65      3.95     -5.71    -11.92      0.99     12.37      1.31
                 sigma      0.25      0.03      0.25      0.21      0.29    873.82      1.00

Number of divergences: 0
