
                            mean       std    median      5.0%     95.0%     n_eff     r_hat
                    D0      1.59      3.39      0.72      0.00      3.41    895.94      1.00
                    E0     11.94     13.17      8.12      0.00     27.10    127.69      1.04
                    H0      4.80      3.17      4.13      0.56      9.13    854.07      1.00
                    I0      6.67      9.16      3.61      0.00     16.39    102.35      1.07
                 beta0      0.84      0.48      0.75      0.20      1.46      6.20      1.65
  confirmed_dispersion      0.23      0.05      0.22      0.15      0.30   1222.35      1.00
      death_dispersion      0.64      0.10      0.64      0.48      0.81   1472.36      1.00
            death_prob      0.01      0.00      0.01      0.01      0.02     29.64      1.00
            death_rate      0.03      0.01      0.03      0.01      0.04    183.13      1.02
           det_prob[0]      0.28      0.08      0.28      0.16      0.41    184.92      1.00
           det_prob[1]      0.28      0.09      0.28      0.14      0.41    170.89      1.01
           det_prob[2]      0.28      0.09      0.27      0.14      0.43    153.08      1.01
           det_prob[3]      0.28      0.10      0.27      0.14      0.44    139.31      1.01
           det_prob[4]      0.29      0.11      0.27      0.12      0.45    128.92      1.01
           det_prob[5]      0.29      0.11      0.28      0.12      0.46    117.93      1.01
           det_prob[6]      0.30      0.11      0.28      0.10      0.46    106.42      1.01
           det_prob[7]      0.30      0.12      0.28      0.11      0.48    103.47      1.02
           det_prob[8]      0.29      0.12      0.28      0.10      0.48    102.62      1.02
           det_prob[9]      0.29      0.13      0.27      0.09      0.48     95.87      1.02
          det_prob[10]      0.29      0.13      0.27      0.10      0.49     90.81      1.02
          det_prob[11]      0.30      0.13      0.27      0.10      0.49     85.06      1.03
          det_prob[12]      0.30      0.14      0.27      0.09      0.51     81.88      1.02
          det_prob[13]      0.30      0.14      0.27      0.08      0.51     79.77      1.02
          det_prob[14]      0.30      0.15      0.28      0.08      0.52     76.45      1.03
          det_prob[15]      0.31      0.15      0.28      0.09      0.53     74.00      1.03
          det_prob[16]      0.32      0.15      0.28      0.09      0.54     70.96      1.03
          det_prob[17]      0.33      0.16      0.30      0.10      0.58     70.24      1.03
          det_prob[18]      0.34      0.16      0.31      0.09      0.58     69.82      1.03
          det_prob[19]      0.34      0.16      0.32      0.10      0.60     68.12      1.03
          det_prob[20]      0.35      0.17      0.32      0.11      0.62     68.03      1.03
          det_prob[21]      0.36      0.17      0.33      0.09      0.62     70.40      1.03
          det_prob[22]      0.37      0.17      0.34      0.11      0.65     68.03      1.03
          det_prob[23]      0.37      0.17      0.35      0.09      0.63     67.83      1.03
          det_prob[24]      0.38      0.17      0.36      0.09      0.64     67.60      1.03
          det_prob[25]      0.38      0.17      0.36      0.08      0.65     65.93      1.03
          det_prob[26]      0.39      0.18      0.37      0.07      0.64     63.69      1.03
          det_prob[27]      0.40      0.18      0.38      0.11      0.69     64.55      1.03
          det_prob[28]      0.41      0.18      0.38      0.12      0.71     62.15      1.03
          det_prob[29]      0.41      0.18      0.39      0.08      0.66     61.22      1.03
          det_prob[30]      0.42      0.18      0.40      0.10      0.69     61.73      1.03
          det_prob[31]      0.43      0.18      0.41      0.11      0.70     59.58      1.03
          det_prob[32]      0.44      0.18      0.42      0.12      0.71     59.32      1.03
          det_prob[33]      0.45      0.18      0.44      0.18      0.77     58.08      1.03
          det_prob[34]      0.47      0.18      0.45      0.18      0.77     57.95      1.02
          det_prob[35]      0.48      0.18      0.46      0.18      0.78     58.09      1.02
          det_prob[36]      0.49      0.18      0.48      0.16      0.77     57.51      1.02
          det_prob[37]      0.50      0.18      0.49      0.17      0.77     57.03      1.02
          det_prob[38]      0.51      0.18      0.50      0.20      0.80     55.18      1.02
          det_prob[39]      0.51      0.18      0.50      0.17      0.78     55.23      1.02
          det_prob[40]      0.52      0.18      0.51      0.24      0.85     53.24      1.02
          det_prob[41]      0.52      0.18      0.51      0.25      0.86     52.74      1.02
          det_prob[42]      0.51      0.18      0.51      0.20      0.81     50.59      1.02
          det_prob[43]      0.50      0.18      0.50      0.18      0.79     49.48      1.02
          det_prob[44]      0.50      0.19      0.49      0.20      0.82     48.35      1.02
          det_prob[45]      0.49      0.19      0.47      0.18      0.82     47.57      1.02
          det_prob[46]      0.48      0.19      0.46      0.17      0.81     46.74      1.02
          det_prob[47]      0.47      0.20      0.46      0.16      0.81     45.45      1.02
          det_prob[48]      0.47      0.19      0.46      0.18      0.82     45.18      1.01
          det_prob[49]      0.47      0.20      0.45      0.15      0.79     44.62      1.01
          det_prob[50]      0.47      0.20      0.45      0.12      0.77     45.40      1.01
          det_prob[51]      0.47      0.20      0.45      0.12      0.77     44.43      1.01
          det_prob[52]      0.46      0.20      0.44      0.12      0.77     43.66      1.01
          det_prob[53]      0.46      0.20      0.44      0.14      0.80     42.70      1.01
          det_prob[54]      0.47      0.20      0.45      0.16      0.81     42.42      1.01
          det_prob[55]      0.47      0.21      0.46      0.15      0.80     42.83      1.01
          det_prob[56]      0.48      0.20      0.46      0.14      0.80     42.11      1.00
          det_prob[57]      0.48      0.20      0.47      0.17      0.82     42.00      1.00
          det_prob[58]      0.49      0.20      0.48      0.17      0.83     41.86      1.00
          det_prob[59]      0.50      0.20      0.49      0.17      0.82     42.29      1.00
          det_prob[60]      0.51      0.20      0.50      0.17      0.82     41.73      1.00
          det_prob[61]      0.53      0.20      0.52      0.23      0.89     42.27      1.00
          det_prob[62]      0.55      0.19      0.55      0.22      0.86     41.08      1.00
          det_prob[63]      0.57      0.19      0.58      0.25      0.86     40.67      1.00
          det_prob[64]      0.60      0.18      0.60      0.27      0.87     39.94      1.00
          det_prob[65]      0.61      0.18      0.61      0.29      0.89     38.90      1.00
          det_prob[66]      0.60      0.18      0.61      0.35      0.96     37.99      1.00
          det_prob[67]      0.60      0.19      0.62      0.31      0.92     39.49      1.00
          det_prob[68]      0.60      0.19      0.61      0.33      0.95     40.13      1.00
          det_prob[69]      0.60      0.19      0.62      0.30      0.92     39.07      1.00
          det_prob[70]      0.60      0.19      0.62      0.30      0.92     38.80      1.00
          det_prob[71]      0.60      0.19      0.62      0.34      0.96     39.35      1.00
          det_prob[72]      0.61      0.19      0.62      0.29      0.91     39.40      1.00
          det_prob[73]      0.61      0.19      0.63      0.30      0.93     37.46      1.00
          det_prob[74]      0.61      0.20      0.63      0.30      0.93     36.66      1.00
          det_prob[75]      0.62      0.19      0.64      0.31      0.94     36.31      1.00
          det_prob[76]      0.63      0.19      0.65      0.32      0.94     35.49      1.00
          det_prob[77]      0.63      0.19      0.66      0.36      0.96     35.14      1.00
          det_prob[78]      0.65      0.19      0.67      0.35      0.94     35.60      1.00
          det_prob[79]      0.65      0.19      0.67      0.36      0.94     35.94      1.01
          det_prob[80]      0.65      0.19      0.68      0.35      0.95     34.98      1.01
          det_prob[81]      0.65      0.19      0.68      0.35      0.95     34.25      1.01
          det_prob[82]      0.65      0.19      0.68      0.35      0.96     34.50      1.01
          det_prob[83]      0.66      0.19      0.68      0.36      0.97     34.60      1.01
          det_prob[84]      0.66      0.20      0.69      0.36      0.96     33.82      1.01
          det_prob[85]      0.66      0.20      0.69      0.35      0.97     34.10      1.01
          det_prob[86]      0.66      0.20      0.70      0.35      0.96     33.17      1.01
          det_prob[87]      0.66      0.20      0.70      0.35      0.97     33.00      1.01
          det_prob[88]      0.67      0.20      0.69      0.36      0.97     31.54      1.01
          det_prob[89]      0.67      0.20      0.70      0.36      0.96     30.47      1.02
          det_prob[90]      0.67      0.20      0.70      0.37      0.96     30.04      1.02
          det_prob[91]      0.68      0.20      0.71      0.36      0.96     28.86      1.02
          det_prob[92]      0.68      0.20      0.71      0.37      0.97     29.18      1.02
          det_prob[93]      0.68      0.20      0.71      0.36      0.96     28.66      1.02
          det_prob[94]      0.68      0.20      0.72      0.38      0.98     28.06      1.02
          det_prob[95]      0.68      0.20      0.72      0.36      0.97     28.79      1.02
          det_prob[96]      0.69      0.21      0.74      0.36      0.97     27.68      1.02
          det_prob[97]      0.69      0.21      0.73      0.36      0.97     27.10      1.02
          det_prob[98]      0.69      0.21      0.74      0.37      0.97     27.29      1.02
          det_prob[99]      0.69      0.21      0.75      0.37      0.97     27.19      1.03
         det_prob[100]      0.70      0.21      0.75      0.39      0.99     26.67      1.03
         det_prob[101]      0.70      0.21      0.75      0.37      0.99     26.54      1.03
         det_prob[102]      0.70      0.21      0.75      0.33      0.97     26.37      1.03
         det_prob[103]      0.70      0.22      0.76      0.35      0.98     25.33      1.03
         det_prob[104]      0.70      0.22      0.77      0.35      0.98     25.32      1.03
         det_prob[105]      0.70      0.22      0.77      0.35      0.99     25.03      1.03
         det_prob[106]      0.70      0.22      0.77      0.35      0.99     24.62      1.03
         det_prob[107]      0.70      0.22      0.76      0.35      0.99     24.29      1.03
         det_prob[108]      0.70      0.23      0.76      0.34      0.99     24.04      1.03
         det_prob[109]      0.70      0.23      0.77      0.34      0.99     23.77      1.03
         det_prob[110]      0.70      0.23      0.77      0.33      0.99     23.44      1.03
         det_prob[111]      0.71      0.23      0.77      0.34      0.99     23.41      1.03
         det_prob[112]      0.71      0.23      0.78      0.35      0.99     23.11      1.03
         det_prob[113]      0.71      0.23      0.79      0.33      0.99     22.78      1.03
         det_prob[114]      0.72      0.23      0.79      0.35      0.99     22.68      1.03
         det_prob[115]      0.72      0.23      0.80      0.34      0.98     22.57      1.03
         det_prob[116]      0.72      0.23      0.79      0.33      0.99     22.18      1.03
         det_prob[117]      0.72      0.24      0.80      0.33      0.99     22.17      1.03
         det_prob[118]      0.72      0.24      0.81      0.34      0.99     22.46      1.03
         det_prob[119]      0.73      0.23      0.81      0.36      0.99     22.52      1.03
         det_prob[120]      0.73      0.23      0.81      0.36      1.00     22.47      1.03
         det_prob[121]      0.73      0.23      0.82      0.34      0.99     22.69      1.02
         det_prob[122]      0.73      0.23      0.82      0.35      1.00     22.49      1.03
         det_prob[123]      0.74      0.23      0.82      0.35      1.00     22.69      1.03
         det_prob[124]      0.74      0.23      0.83      0.35      1.00     22.73      1.02
         det_prob[125]      0.75      0.23      0.83      0.36      1.00     22.63      1.02
         det_prob[126]      0.75      0.23      0.84      0.36      1.00     22.33      1.02
         det_prob[127]      0.75      0.23      0.84      0.35      1.00     22.21      1.02
         det_prob[128]      0.75      0.23      0.85      0.36      1.00     22.39      1.02
         det_prob[129]      0.75      0.23      0.85      0.36      1.00     22.71      1.02
         det_prob[130]      0.75      0.23      0.86      0.37      1.00     22.74      1.02
         det_prob[131]      0.76      0.23      0.86      0.37      1.00     22.86      1.02
         det_prob[132]      0.76      0.23      0.87      0.39      1.00     23.11      1.02
         det_prob[133]      0.77      0.23      0.87      0.39      1.00     23.52      1.02
         det_prob[134]      0.77      0.22      0.87      0.39      1.00     23.54      1.02
         det_prob[135]      0.78      0.22      0.88      0.41      1.00     23.54      1.02
         det_prob[136]      0.78      0.22      0.88      0.41      1.00     23.94      1.02
         det_prob[137]      0.78      0.22      0.88      0.42      1.00     24.11      1.01
         det_prob[138]      0.79      0.22      0.88      0.43      1.00     23.93      1.01
         det_prob[139]      0.79      0.21      0.89      0.44      1.00     24.02      1.01
         det_prob[140]      0.80      0.21      0.89      0.47      1.00     24.10      1.01
         det_prob[141]      0.81      0.20      0.90      0.47      1.00     24.36      1.01
         det_prob[142]      0.81      0.20      0.90      0.48      1.00     24.63      1.01
         det_prob[143]      0.82      0.20      0.91      0.49      1.00     24.70      1.01
         det_prob[144]      0.82      0.19      0.91      0.50      1.00     24.73      1.01
         det_prob[145]      0.82      0.19      0.91      0.50      1.00     25.04      1.01
         det_prob[146]      0.83      0.19      0.91      0.53      1.00     25.56      1.01
         det_prob[147]      0.83      0.18      0.92      0.53      1.00     25.91      1.01
         det_prob[148]      0.84      0.18      0.92      0.56      1.00     26.15      1.01
         det_prob[149]      0.84      0.18      0.92      0.56      1.00     26.35      1.01
         det_prob[150]      0.84      0.18      0.93      0.57      1.00     26.72      1.01
         det_prob[151]      0.85      0.17      0.93      0.57      1.00     27.05      1.01
         det_prob[152]      0.85      0.17      0.93      0.58      1.00     27.14      1.01
         det_prob[153]      0.85      0.17      0.93      0.60      1.00     27.81      1.01
         det_prob[154]      0.86      0.16      0.93      0.60      1.00     28.34      1.01
         det_prob[155]      0.86      0.16      0.93      0.61      1.00     28.30      1.01
         det_prob[156]      0.86      0.16      0.93      0.62      1.00     28.99      1.01
         det_prob[157]      0.87      0.16      0.93      0.63      1.00     29.18      1.01
         det_prob[158]      0.87      0.15      0.93      0.63      1.00     29.08      1.01
         det_prob[159]      0.87      0.15      0.94      0.64      1.00     28.84      1.01
         det_prob[160]      0.87      0.15      0.94      0.64      1.00     28.83      1.01
         det_prob[161]      0.87      0.15      0.94      0.64      1.00     29.51      1.01
         det_prob[162]      0.88      0.14      0.94      0.66      1.00     29.68      1.01
         det_prob[163]      0.88      0.14      0.94      0.65      1.00     30.00      1.01
         det_prob[164]      0.88      0.14      0.94      0.66      1.00     30.56      1.01
         det_prob[165]      0.88      0.14      0.94      0.66      1.00     30.61      1.01
         det_prob[166]      0.88      0.14      0.94      0.65      1.00     31.12      1.01
         det_prob[167]      0.88      0.14      0.94      0.67      1.00     31.47      1.01
         det_prob[168]      0.88      0.14      0.94      0.66      1.00     31.04      1.01
         det_prob[169]      0.89      0.14      0.94      0.67      1.00     31.71      1.01
         det_prob[170]      0.89      0.14      0.94      0.66      1.00     32.26      1.01
         det_prob[171]      0.89      0.13      0.95      0.67      1.00     32.81      1.01
         det_prob[172]      0.89      0.13      0.95      0.68      1.00     33.35      1.01
         det_prob[173]      0.89      0.13      0.95      0.69      1.00     33.75      1.01
         det_prob[174]      0.89      0.13      0.95      0.69      1.00     34.44      1.01
         det_prob[175]      0.90      0.12      0.95      0.71      1.00     35.20      1.01
         det_prob[176]      0.90      0.12      0.95      0.72      1.00     36.43      1.01
         det_prob[177]      0.90      0.12      0.95      0.72      1.00     36.83      1.01
         det_prob[178]      0.90      0.12      0.95      0.72      1.00     38.51      1.01
         det_prob[179]      0.90      0.13      0.95      0.71      1.00     39.88      1.01
         det_prob[180]      0.89      0.13      0.95      0.70      1.00     40.68      1.01
         det_prob[181]      0.89      0.13      0.95      0.70      1.00     40.94      1.01
         det_prob[182]      0.89      0.14      0.95      0.69      1.00     40.87      1.01
         det_prob[183]      0.89      0.14      0.95      0.68      1.00     42.25      1.01
         det_prob[184]      0.89      0.14      0.95      0.68      1.00     43.48      1.01
         det_prob[185]      0.89      0.14      0.95      0.69      1.00     44.41      1.01
             det_prob0      0.28      0.07      0.28      0.18      0.39    306.10      1.00
            det_prob_d      0.90      0.03      0.90      0.85      0.94   1899.42      1.00
                 gamma      0.49      0.05      0.48      0.40      0.57   1644.21      1.00
                 rw[0]     -0.12      1.02     -0.11     -1.85      1.48    116.66      1.07
                 rw[1]     -0.20      1.44     -0.20     -2.63      2.15     31.15      1.14
                 rw[2]     -0.23      1.79     -0.14     -3.23      2.57     20.76      1.18
                 rw[3]     -0.14      2.05     -0.12     -3.55      3.08     13.93      1.24
                 rw[4]     -0.07      2.26      0.01     -3.46      3.58     11.74      1.28
                 rw[5]     -0.05      2.42     -0.09     -3.89      4.02     10.90      1.31
                 rw[6]     -0.06      2.55     -0.11     -4.01      4.30      9.77      1.34
                 rw[7]     -0.01      2.71     -0.03     -4.33      4.51      8.91      1.39
                 rw[8]      0.09      2.83     -0.01     -4.39      4.79      8.51      1.42
                 rw[9]      0.28      2.93      0.16     -4.29      5.05      7.75      1.46
                rw[10]      0.46      3.03      0.36     -4.22      5.55      7.24      1.48
                rw[11]      0.66      3.10      0.49     -3.67      6.00      7.33      1.50
                rw[12]      0.89      3.15      0.84     -4.30      5.83      7.05      1.53
                rw[13]      1.13      3.14      1.02     -3.91      6.16      6.86      1.54
                rw[14]      1.35      3.18      1.18     -3.64      6.50      6.87      1.54
                rw[15]      1.59      3.20      1.54     -3.21      7.04      6.79      1.55
                rw[16]      1.81      3.21      1.68     -2.93      7.24      6.50      1.58
                rw[17]      2.00      3.21      1.92     -2.87      7.14      6.31      1.62
                rw[18]      2.09      3.24      1.94     -2.74      7.52      6.09      1.63
                rw[19]      2.08      3.21      2.08     -2.58      7.74      6.30      1.60
                rw[20]      2.11      3.20      2.04     -2.94      7.29      6.58      1.57
                rw[21]      2.03      3.17      2.03     -3.20      6.94      6.29      1.60
                rw[22]      1.95      3.19      1.97     -2.62      7.67      6.43      1.61
                rw[23]      1.83      3.17      1.74     -2.95      7.30      6.55      1.62
                rw[24]      1.69      3.21      1.59     -3.10      7.07      6.22      1.63
                rw[25]      1.52      3.20      1.38     -3.91      6.18      6.15      1.63
                rw[26]      1.42      3.19      1.23     -3.40      6.75      6.38      1.61
                rw[27]      1.39      3.17      1.20     -3.34      6.61      6.10      1.63
                rw[28]      1.23      3.20      1.07     -3.48      6.52      6.38      1.61
                rw[29]      1.16      3.21      0.99     -3.99      6.34      6.06      1.64
                rw[30]      1.06      3.17      0.82     -3.51      6.55      5.97      1.63
                rw[31]      1.04      3.21      0.87     -3.86      6.49      6.21      1.60
                rw[32]      0.99      3.20      0.83     -3.85      6.40      6.38      1.60
                rw[33]      0.93      3.15      0.85     -4.03      6.10      6.08      1.63
                rw[34]      0.87      3.16      0.75     -3.92      6.28      6.17      1.63
                rw[35]      0.77      3.19      0.57     -3.98      5.99      5.96      1.64
                rw[36]      0.66      3.18      0.43     -4.28      5.91      6.23      1.62
                rw[37]      0.43      3.18      0.39     -4.91      5.47      6.15      1.63
                rw[38]      0.17      3.18      0.03     -4.69      5.44      6.18      1.61
                rw[39]     -0.14      3.14     -0.23     -4.79      5.37      6.12      1.62
                rw[40]     -0.47      3.17     -0.75     -5.25      4.87      6.12      1.60
                rw[41]     -0.88      3.19     -1.02     -6.05      4.07      5.98      1.62
                rw[42]     -1.26      3.16     -1.31     -5.97      3.82      6.30      1.59
                rw[43]     -1.62      3.18     -1.76     -6.50      3.43      5.95      1.62
                rw[44]     -1.88      3.21     -1.89     -7.09      2.94      6.04      1.60
                rw[45]     -2.18      3.22     -2.20     -7.06      3.14      5.95      1.62
                rw[46]     -2.34      3.24     -2.37     -7.82      2.46      5.97      1.61
                rw[47]     -2.52      3.29     -2.68     -7.95      2.63      6.25      1.58
                rw[48]     -2.65      3.28     -2.89     -8.05      2.62      6.55      1.54
                rw[49]     -2.74      3.25     -2.81     -8.10      2.18      6.30      1.57
                rw[50]     -2.92      3.26     -2.96     -8.33      2.12      6.37      1.58
                rw[51]     -3.00      3.27     -3.05     -8.00      2.31      6.42      1.59
                rw[52]     -3.00      3.21     -3.05     -7.88      2.43      6.49      1.59
                rw[53]     -2.98      3.21     -2.97     -7.94      2.04      6.64      1.58
                rw[54]     -2.89      3.20     -3.02     -8.20      1.85      6.67      1.57
                rw[55]     -2.85      3.17     -2.89     -7.70      2.19      6.57      1.58
                rw[56]     -2.76      3.18     -2.96     -7.31      2.78      6.62      1.59
                rw[57]     -2.65      3.22     -2.85     -7.91      2.39      6.48      1.61
                rw[58]     -2.55      3.22     -2.75     -7.65      2.62      6.28      1.64
                rw[59]     -2.43      3.22     -2.54     -7.34      2.86      6.01      1.65
                rw[60]     -2.30      3.20     -2.43     -6.91      3.21      5.98      1.67
                rw[61]     -2.17      3.19     -2.33     -7.21      2.81      6.12      1.66
                rw[62]     -2.11      3.15     -2.26     -7.13      2.77      6.30      1.64
                rw[63]     -2.23      3.19     -2.30     -7.42      2.69      6.20      1.63
                rw[64]     -2.48      3.24     -2.55     -7.55      2.86      6.24      1.64
                rw[65]     -2.79      3.24     -2.93     -8.08      2.17      6.15      1.64
                rw[66]     -3.12      3.26     -3.28     -7.91      2.66      6.09      1.62
                rw[67]     -3.33      3.26     -3.47     -8.14      2.45      6.49      1.59
                rw[68]     -3.44      3.25     -3.57     -8.50      1.92      6.39      1.61
                rw[69]     -3.48      3.24     -3.58     -8.09      2.17      6.27      1.63
                rw[70]     -3.45      3.25     -3.52     -8.46      1.85      6.34      1.60
                rw[71]     -3.37      3.25     -3.54     -8.23      2.15      6.32      1.62
                rw[72]     -3.31      3.26     -3.28     -8.29      2.13      6.37      1.61
                rw[73]     -3.15      3.26     -3.14     -8.47      1.93      6.14      1.62
                rw[74]     -2.91      3.28     -3.05     -8.27      2.34      6.09      1.63
                rw[75]     -2.77      3.24     -2.87     -8.01      2.43      6.38      1.63
                rw[76]     -2.60      3.27     -2.69     -7.78      2.46      6.47      1.61
                rw[77]     -2.56      3.27     -2.66     -7.91      2.51      6.30      1.60
                rw[78]     -2.53      3.20     -2.63     -7.65      2.57      6.57      1.59
                rw[79]     -2.61      3.22     -2.72     -7.67      2.50      6.64      1.59
                rw[80]     -2.71      3.21     -2.85     -8.06      2.44      6.75      1.60
                rw[81]     -2.75      3.21     -2.84     -7.55      2.97      6.22      1.61
                rw[82]     -2.72      3.20     -2.92     -7.73      2.49      6.28      1.61
                rw[83]     -2.70      3.20     -2.85     -7.70      2.71      6.24      1.64
                rw[84]     -2.64      3.19     -2.75     -8.46      1.95      6.01      1.65
                rw[85]     -2.58      3.21     -2.60     -7.44      2.88      5.82      1.68
                rw[86]     -2.51      3.20     -2.56     -7.40      3.09      5.97      1.66
                rw[87]     -2.45      3.21     -2.64     -7.09      3.33      6.20      1.62
                rw[88]     -2.37      3.17     -2.52     -7.30      2.74      6.41      1.59
                rw[89]     -2.29      3.23     -2.55     -6.79      3.34      6.20      1.61
                rw[90]     -2.31      3.26     -2.37     -7.14      3.29      6.15      1.60
                rw[91]     -2.30      3.25     -2.42     -7.16      3.25      6.04      1.61
                rw[92]     -2.22      3.26     -2.37     -7.48      3.05      6.27      1.58
                rw[93]     -2.17      3.19     -2.22     -6.84      3.49      6.07      1.61
                rw[94]     -2.16      3.17     -2.15     -7.23      2.83      5.82      1.64
                rw[95]     -2.13      3.14     -2.16     -7.00      2.95      5.79      1.65
                rw[96]     -2.14      3.13     -2.18     -6.95      2.91      5.96      1.64
                rw[97]     -2.15      3.12     -2.16     -6.98      2.91      6.30      1.60
                rw[98]     -2.17      3.14     -2.23     -6.91      3.07      6.28      1.61
                rw[99]     -2.22      3.12     -2.19     -6.93      2.85      6.25      1.60
               rw[100]     -2.25      3.19     -2.41     -6.88      3.03      6.17      1.62
               rw[101]     -2.32      3.19     -2.32     -7.17      2.93      6.44      1.59
               rw[102]     -2.29      3.18     -2.38     -7.39      2.53      6.17      1.61
               rw[103]     -2.25      3.16     -2.31     -7.00      2.90      6.09      1.62
               rw[104]     -2.26      3.21     -2.31     -7.16      3.08      6.16      1.61
               rw[105]     -2.24      3.20     -2.31     -7.24      3.14      6.10      1.61
               rw[106]     -2.24      3.21     -2.30     -7.27      3.03      6.31      1.59
               rw[107]     -2.23      3.17     -2.37     -7.32      2.83      6.39      1.59
               rw[108]     -2.23      3.16     -2.41     -7.44      2.66      6.09      1.60
               rw[109]     -2.17      3.20     -2.37     -6.92      3.39      5.98      1.61
               rw[110]     -2.06      3.16     -2.18     -7.08      3.02      6.15      1.60
               rw[111]     -2.04      3.17     -2.07     -7.49      2.78      6.07      1.61
               rw[112]     -2.04      3.21     -2.14     -6.85      3.33      5.93      1.62
               rw[113]     -2.02      3.16     -2.22     -6.99      3.13      6.20      1.59
               rw[114]     -2.08      3.19     -2.13     -6.88      3.14      6.28      1.60
               rw[115]     -2.05      3.15     -2.10     -7.25      2.79      6.33      1.59
               rw[116]     -2.09      3.16     -2.22     -6.74      3.40      6.31      1.60
               rw[117]     -2.01      3.16     -2.08     -7.44      2.72      6.29      1.60
               rw[118]     -2.04      3.10     -2.07     -6.15      3.90      6.61      1.56
               rw[119]     -2.02      3.10     -2.14     -7.06      2.95      6.56      1.57
               rw[120]     -2.01      3.10     -2.10     -6.78      3.13      6.27      1.61
               rw[121]     -2.09      3.05     -2.13     -6.44      3.42      6.20      1.62
               rw[122]     -2.17      3.04     -2.20     -6.94      2.71      6.02      1.65
               rw[123]     -2.15      3.06     -2.14     -6.59      2.99      6.22      1.61
               rw[124]     -2.15      3.08     -2.19     -7.01      2.79      6.19      1.62
               rw[125]     -2.13      3.07     -2.20     -6.95      2.84      6.38      1.59
               rw[126]     -2.15      3.12     -2.20     -6.83      3.00      6.56      1.59
               rw[127]     -2.25      3.15     -2.27     -6.43      3.69      6.65      1.59
               rw[128]     -2.26      3.11     -2.48     -6.90      2.80      6.55      1.58
               rw[129]     -2.19      3.09     -2.33     -6.29      3.52      6.33      1.61
               rw[130]     -2.12      3.13     -2.23     -6.54      3.53      6.50      1.59
               rw[131]     -2.04      3.10     -2.11     -6.63      3.25      6.47      1.58
               rw[132]     -1.97      3.06     -2.11     -6.38      3.20      6.29      1.59
               rw[133]     -1.94      3.04     -2.02     -6.78      2.87      6.63      1.58
               rw[134]     -1.90      3.05     -2.11     -6.61      3.12      6.82      1.58
               rw[135]     -1.88      3.11     -2.09     -6.90      2.93      6.43      1.62
               rw[136]     -1.83      3.13     -1.94     -6.83      3.16      6.28      1.63
               rw[137]     -1.73      3.10     -1.92     -6.46      3.60      6.39      1.61
               rw[138]     -1.69      3.11     -1.79     -6.27      3.74      6.19      1.63
               rw[139]     -1.61      3.10     -1.77     -6.09      3.81      6.34      1.61
               rw[140]     -1.64      3.08     -1.80     -5.94      3.93      6.31      1.62
               rw[141]     -1.60      3.09     -1.85     -6.31      3.62      6.25      1.64
               rw[142]     -1.63      3.10     -1.85     -6.25      3.79      6.38      1.65
               rw[143]     -1.71      3.06     -1.91     -6.40      3.64      6.07      1.66
               rw[144]     -1.79      3.08     -1.95     -6.04      3.97      5.76      1.70
               rw[145]     -1.76      3.14     -1.96     -6.23      3.71      6.05      1.67
               rw[146]     -1.83      3.07     -1.94     -6.28      3.37      6.00      1.67
               rw[147]     -1.94      3.09     -2.10     -6.82      3.08      6.00      1.66
               rw[148]     -1.95      3.02     -2.02     -6.80      2.87      6.10      1.64
               rw[149]     -1.97      3.04     -2.13     -6.38      3.24      6.33      1.62
               rw[150]     -2.00      3.06     -2.17     -6.31      3.21      6.56      1.60
               rw[151]     -2.00      3.04     -2.09     -6.45      3.29      6.29      1.62
               rw[152]     -1.98      3.07     -2.13     -6.53      2.92      6.42      1.61
               rw[153]     -1.93      3.10     -2.23     -6.88      3.01      6.44      1.62
               rw[154]     -1.89      3.08     -2.04     -6.87      2.89      6.36      1.62
               rw[155]     -1.85      3.08     -1.93     -6.09      3.38      6.23      1.63
               rw[156]     -1.84      3.07     -1.86     -6.92      2.79      6.01      1.66
               rw[157]     -1.76      3.06     -1.86     -6.53      2.93      6.03      1.65
               rw[158]     -1.66      3.02     -1.88     -6.16      3.27      6.26      1.62
               rw[159]     -1.53      3.04     -1.58     -5.90      3.79      6.24      1.64
               rw[160]     -1.36      3.04     -1.55     -5.99      3.64      6.08      1.63
               rw[161]     -1.17      3.10     -1.26     -6.04      4.03      6.13      1.62
               rw[162]     -0.99      3.09     -1.14     -6.02      3.81      6.04      1.63
               rw[163]     -0.87      3.08     -0.97     -5.44      4.33      6.22      1.63
               rw[164]     -0.74      3.12     -0.93     -5.73      4.36      6.39      1.62
               rw[165]     -0.58      3.10     -0.72     -5.32      4.85      6.21      1.65
               rw[166]     -0.39      3.05     -0.62     -5.21      4.60      5.97      1.66
               rw[167]     -0.22      3.06     -0.44     -5.07      4.80      5.93      1.65
               rw[168]     -0.07      3.06     -0.26     -4.22      5.48      5.90      1.65
               rw[169]      0.03      3.02     -0.09     -4.17      5.41      5.89      1.64
               rw[170]      0.07      3.06     -0.04     -4.75      4.92      5.88      1.66
               rw[171]      0.09      3.05     -0.08     -4.75      5.07      6.05      1.65
               rw[172]      0.10      3.02     -0.08     -4.68      5.11      5.78      1.66
               rw[173]      0.20      3.04     -0.07     -4.58      5.03      5.80      1.65
               rw[174]      0.20      3.05     -0.15     -4.36      5.20      5.93      1.64
               rw[175]      0.01      3.10     -0.19     -4.83      5.02      5.98      1.64
               rw[176]     -0.29      3.10     -0.42     -5.21      4.71      6.12      1.64
               rw[177]     -0.62      3.11     -0.75     -5.84      3.92      6.23      1.63
               rw[178]     -0.93      3.14     -1.12     -5.67      4.12      6.14      1.64
               rw[179]     -1.12      3.21     -1.26     -5.96      4.07      6.39      1.61
               rw[180]     -1.27      3.27     -1.38     -5.87      4.58      6.21      1.62
               rw[181]     -1.40      3.31     -1.51     -6.54      4.09      6.52      1.59
               rw[182]     -1.56      3.42     -1.76     -6.80      4.28      6.74      1.55
               rw[183]     -1.64      3.53     -1.79     -6.86      4.29      7.32      1.50
               rw[184]     -1.71      3.60     -1.81     -7.07      4.58      8.27      1.46
               rw[185]     -1.74      3.70     -1.83     -7.29      4.56      8.98      1.40
                 sigma      0.23      0.02      0.23      0.19      0.27   1549.69      1.00

Number of divergences: 0
