
                            mean       std    median      5.0%     95.0%     n_eff     r_hat
                    D0     14.24      4.60     13.55      6.98     21.24    445.10      1.00
                    E0   1644.35   1049.02   1446.62    122.94   3169.41     29.19      1.08
                    H0     39.20     18.11     37.89     10.46     68.24    108.15      1.01
                    I0    777.51    452.56    649.94    230.72   1476.59     26.49      1.07
                 beta0      1.80      0.82      1.58      0.78      3.03      3.27      1.90
  confirmed_dispersion      0.10      0.00      0.10      0.10      0.11   1056.90      1.00
      death_dispersion      0.11      0.00      0.10      0.10      0.11    819.21      1.00
            death_prob      0.02      0.00      0.02      0.02      0.02     88.19      1.01
            death_rate      0.05      0.01      0.05      0.04      0.06     33.39      1.03
           det_prob[0]      0.19      0.05      0.19      0.12      0.27     52.24      1.00
           det_prob[1]      0.17      0.04      0.16      0.10      0.23     60.05      1.00
           det_prob[2]      0.16      0.04      0.15      0.09      0.22     64.08      1.00
           det_prob[3]      0.14      0.04      0.13      0.07      0.19     65.33      1.01
           det_prob[4]      0.12      0.04      0.12      0.06      0.17     64.06      1.01
           det_prob[5]      0.12      0.03      0.11      0.07      0.16     64.22      1.01
           det_prob[6]      0.11      0.03      0.11      0.07      0.16     63.53      1.01
           det_prob[7]      0.11      0.03      0.10      0.06      0.15     65.27      1.01
           det_prob[8]      0.10      0.03      0.10      0.06      0.14     64.80      1.02
           det_prob[9]      0.09      0.03      0.09      0.05      0.13     74.85      1.01
          det_prob[10]      0.09      0.03      0.08      0.05      0.13     74.37      1.01
          det_prob[11]      0.09      0.03      0.09      0.05      0.13     79.14      1.01
          det_prob[12]      0.09      0.03      0.09      0.05      0.13     84.54      1.00
          det_prob[13]      0.10      0.03      0.09      0.06      0.13     89.88      1.00
          det_prob[14]      0.10      0.03      0.10      0.06      0.15     88.39      1.00
          det_prob[15]      0.11      0.03      0.10      0.06      0.15     81.56      1.00
          det_prob[16]      0.11      0.03      0.10      0.06      0.15     82.28      1.00
          det_prob[17]      0.11      0.03      0.10      0.06      0.15     80.51      1.00
          det_prob[18]      0.11      0.03      0.10      0.07      0.15     81.29      1.01
          det_prob[19]      0.10      0.03      0.10      0.07      0.15     95.08      1.01
          det_prob[20]      0.10      0.03      0.10      0.06      0.14    107.46      1.01
          det_prob[21]      0.11      0.03      0.10      0.07      0.15    116.39      1.01
          det_prob[22]      0.11      0.02      0.10      0.07      0.15    110.61      1.01
          det_prob[23]      0.11      0.03      0.10      0.07      0.14    113.40      1.01
          det_prob[24]      0.11      0.03      0.10      0.07      0.15    104.86      1.01
          det_prob[25]      0.11      0.03      0.11      0.07      0.15    101.90      1.01
          det_prob[26]      0.12      0.03      0.11      0.07      0.16     98.66      1.01
          det_prob[27]      0.12      0.03      0.12      0.08      0.17     93.63      1.02
          det_prob[28]      0.13      0.03      0.12      0.07      0.17     92.80      1.01
          det_prob[29]      0.13      0.03      0.13      0.08      0.18     92.25      1.01
          det_prob[30]      0.14      0.04      0.13      0.09      0.20     97.62      1.01
          det_prob[31]      0.15      0.04      0.14      0.09      0.20     98.47      1.01
          det_prob[32]      0.15      0.04      0.15      0.10      0.22    100.47      1.01
          det_prob[33]      0.16      0.04      0.16      0.09      0.22     91.71      1.01
          det_prob[34]      0.17      0.04      0.17      0.11      0.23     91.29      1.00
          det_prob[35]      0.18      0.04      0.18      0.11      0.25     90.24      1.00
          det_prob[36]      0.19      0.05      0.19      0.12      0.26     88.75      1.00
          det_prob[37]      0.20      0.05      0.20      0.13      0.27     86.39      1.01
          det_prob[38]      0.21      0.05      0.21      0.12      0.28     83.40      1.01
          det_prob[39]      0.22      0.05      0.22      0.14      0.30     84.94      1.00
          det_prob[40]      0.24      0.05      0.23      0.15      0.32     82.81      1.00
          det_prob[41]      0.25      0.05      0.25      0.16      0.33     86.99      1.00
          det_prob[42]      0.27      0.06      0.26      0.17      0.35     84.67      1.00
          det_prob[43]      0.28      0.06      0.27      0.18      0.37     87.72      1.00
          det_prob[44]      0.29      0.06      0.28      0.19      0.38     84.53      1.00
          det_prob[45]      0.30      0.07      0.30      0.19      0.40     80.51      1.01
          det_prob[46]      0.32      0.07      0.31      0.21      0.44     75.16      1.01
          det_prob[47]      0.34      0.07      0.33      0.22      0.46     70.78      1.01
          det_prob[48]      0.35      0.08      0.34      0.22      0.48     64.65      1.01
          det_prob[49]      0.37      0.08      0.36      0.25      0.51     58.33      1.01
          det_prob[50]      0.39      0.09      0.38      0.26      0.54     53.05      1.01
          det_prob[51]      0.40      0.09      0.39      0.26      0.56     48.50      1.00
          det_prob[52]      0.40      0.10      0.40      0.25      0.56     44.57      1.00
          det_prob[53]      0.41      0.10      0.40      0.26      0.58     42.92      1.00
          det_prob[54]      0.43      0.11      0.42      0.24      0.58     41.87      1.00
          det_prob[55]      0.44      0.11      0.44      0.28      0.62     39.85      1.00
          det_prob[56]      0.46      0.11      0.45      0.30      0.64     39.34      1.00
          det_prob[57]      0.48      0.11      0.47      0.30      0.64     36.82      1.00
          det_prob[58]      0.49      0.12      0.47      0.32      0.68     37.29      1.00
          det_prob[59]      0.50      0.12      0.49      0.30      0.67     36.63      1.00
          det_prob[60]      0.51      0.12      0.50      0.30      0.68     35.42      1.00
          det_prob[61]      0.52      0.12      0.51      0.33      0.72     34.99      1.00
          det_prob[62]      0.54      0.12      0.53      0.35      0.75     35.08      1.00
          det_prob[63]      0.55      0.12      0.54      0.35      0.75     33.82      1.00
          det_prob[64]      0.57      0.12      0.56      0.35      0.76     33.51      1.01
          det_prob[65]      0.58      0.12      0.57      0.36      0.78     31.73      1.01
          det_prob[66]      0.59      0.12      0.59      0.39      0.81     30.48      1.01
          det_prob[67]      0.60      0.13      0.60      0.38      0.79     30.06      1.01
          det_prob[68]      0.62      0.13      0.62      0.43      0.84     28.93      1.02
          det_prob[69]      0.63      0.13      0.64      0.41      0.82     28.84      1.02
          det_prob[70]      0.65      0.12      0.66      0.45      0.84     27.70      1.03
          det_prob[71]      0.66      0.12      0.68      0.47      0.87     27.79      1.04
          det_prob[72]      0.67      0.12      0.69      0.47      0.85     28.08      1.05
          det_prob[73]      0.68      0.12      0.69      0.48      0.86     27.98      1.05
          det_prob[74]      0.69      0.12      0.70      0.49      0.87     27.44      1.07
          det_prob[75]      0.70      0.12      0.72      0.51      0.89     28.41      1.07
          det_prob[76]      0.71      0.12      0.73      0.53      0.90     28.32      1.08
          det_prob[77]      0.73      0.12      0.74      0.55      0.91     28.09      1.08
          det_prob[78]      0.73      0.12      0.75      0.55      0.91     28.63      1.07
          det_prob[79]      0.74      0.12      0.76      0.56      0.93     27.71      1.09
          det_prob[80]      0.75      0.12      0.76      0.57      0.93     26.74      1.10
          det_prob[81]      0.76      0.12      0.77      0.58      0.93     26.49      1.10
          det_prob[82]      0.77      0.12      0.79      0.59      0.94     26.00      1.11
          det_prob[83]      0.78      0.12      0.80      0.60      0.95     25.70      1.12
          det_prob[84]      0.79      0.12      0.81      0.60      0.94     24.39      1.13
          det_prob[85]      0.80      0.11      0.82      0.62      0.95     24.47      1.14
          det_prob[86]      0.81      0.11      0.83      0.64      0.96     23.55      1.15
          det_prob[87]      0.81      0.11      0.84      0.65      0.96     23.46      1.15
          det_prob[88]      0.82      0.11      0.85      0.66      0.97     22.80      1.16
          det_prob[89]      0.83      0.10      0.86      0.67      0.96     22.55      1.17
          det_prob[90]      0.84      0.10      0.87      0.68      0.96     21.58      1.18
          det_prob[91]      0.85      0.10      0.87      0.69      0.97     20.35      1.19
          det_prob[92]      0.85      0.09      0.88      0.70      0.97     19.67      1.20
          det_prob[93]      0.86      0.09      0.89      0.72      0.97     18.12      1.22
          det_prob[94]      0.87      0.09      0.89      0.72      0.97     17.35      1.23
          det_prob[95]      0.87      0.08      0.89      0.74      0.98     16.01      1.25
          det_prob[96]      0.88      0.08      0.90      0.75      0.98     14.47      1.28
          det_prob[97]      0.88      0.08      0.91      0.77      0.98     13.95      1.29
          det_prob[98]      0.89      0.08      0.91      0.77      0.98     13.54      1.30
          det_prob[99]      0.89      0.07      0.91      0.78      0.99     12.33      1.33
         det_prob[100]      0.90      0.07      0.92      0.79      0.99     11.57      1.36
         det_prob[101]      0.90      0.07      0.92      0.80      0.99     11.21      1.37
         det_prob[102]      0.90      0.07      0.92      0.80      0.99     10.82      1.37
         det_prob[103]      0.91      0.07      0.92      0.81      0.99     10.74      1.38
         det_prob[104]      0.91      0.06      0.93      0.82      0.99     10.40      1.39
         det_prob[105]      0.92      0.06      0.93      0.83      0.99     10.53      1.38
         det_prob[106]      0.92      0.06      0.93      0.83      0.99      9.76      1.39
         det_prob[107]      0.92      0.06      0.94      0.83      0.99      9.81      1.39
         det_prob[108]      0.92      0.06      0.94      0.84      0.99      9.13      1.41
         det_prob[109]      0.93      0.05      0.94      0.85      1.00      8.91      1.41
         det_prob[110]      0.93      0.05      0.94      0.85      0.99      9.44      1.38
         det_prob[111]      0.93      0.05      0.94      0.86      1.00      9.52      1.37
         det_prob[112]      0.93      0.05      0.94      0.87      1.00     10.15      1.34
         det_prob[113]      0.94      0.05      0.95      0.87      1.00     10.46      1.34
         det_prob[114]      0.94      0.05      0.95      0.87      1.00     10.62      1.33
         det_prob[115]      0.94      0.05      0.95      0.88      1.00     10.52      1.33
         det_prob[116]      0.94      0.04      0.95      0.88      1.00     10.16      1.34
         det_prob[117]      0.94      0.04      0.95      0.89      1.00     11.93      1.31
         det_prob[118]      0.95      0.04      0.95      0.89      1.00     11.96      1.31
         det_prob[119]      0.95      0.04      0.96      0.89      1.00     12.64      1.30
         det_prob[120]      0.95      0.04      0.96      0.89      1.00     12.10      1.30
         det_prob[121]      0.95      0.04      0.96      0.90      1.00     12.56      1.28
         det_prob[122]      0.95      0.04      0.96      0.90      1.00     13.29      1.27
         det_prob[123]      0.95      0.04      0.96      0.90      1.00     12.70      1.29
         det_prob[124]      0.96      0.04      0.96      0.90      1.00     11.54      1.31
         det_prob[125]      0.96      0.04      0.97      0.91      1.00     12.09      1.30
         det_prob[126]      0.96      0.04      0.97      0.91      1.00     12.41      1.29
         det_prob[127]      0.96      0.04      0.97      0.91      1.00     12.53      1.29
         det_prob[128]      0.96      0.04      0.97      0.91      1.00     13.55      1.26
         det_prob[129]      0.96      0.03      0.97      0.92      1.00     12.66      1.27
         det_prob[130]      0.96      0.04      0.97      0.91      1.00     12.83      1.26
         det_prob[131]      0.96      0.04      0.97      0.92      1.00     13.47      1.23
         det_prob[132]      0.96      0.04      0.98      0.92      1.00     13.16      1.23
         det_prob[133]      0.96      0.04      0.98      0.91      1.00     13.49      1.22
         det_prob[134]      0.97      0.04      0.98      0.92      1.00     13.49      1.22
         det_prob[135]      0.97      0.03      0.98      0.92      1.00     13.63      1.21
         det_prob[136]      0.97      0.03      0.98      0.92      1.00     13.55      1.21
         det_prob[137]      0.97      0.03      0.98      0.93      1.00     13.71      1.21
         det_prob[138]      0.97      0.03      0.98      0.92      1.00     14.02      1.19
         det_prob[139]      0.97      0.03      0.98      0.93      1.00     14.07      1.19
         det_prob[140]      0.97      0.03      0.98      0.93      1.00     14.87      1.18
         det_prob[141]      0.97      0.03      0.98      0.93      1.00     14.50      1.19
         det_prob[142]      0.97      0.03      0.98      0.93      1.00     15.00      1.18
         det_prob[143]      0.97      0.03      0.98      0.94      1.00     15.33      1.18
         det_prob[144]      0.97      0.03      0.98      0.94      1.00     15.23      1.18
         det_prob[145]      0.98      0.03      0.99      0.94      1.00     14.61      1.19
         det_prob[146]      0.98      0.03      0.99      0.94      1.00     14.70      1.18
         det_prob[147]      0.98      0.03      0.99      0.94      1.00     14.18      1.19
         det_prob[148]      0.98      0.03      0.99      0.95      1.00     14.40      1.18
         det_prob[149]      0.98      0.03      0.99      0.95      1.00     14.44      1.19
         det_prob[150]      0.98      0.02      0.99      0.95      1.00     14.44      1.18
         det_prob[151]      0.98      0.02      0.99      0.95      1.00     14.44      1.18
         det_prob[152]      0.98      0.02      0.99      0.95      1.00     14.44      1.17
         det_prob[153]      0.98      0.02      0.99      0.95      1.00     14.79      1.16
         det_prob[154]      0.98      0.02      0.99      0.95      1.00     14.69      1.17
         det_prob[155]      0.98      0.02      0.99      0.95      1.00     15.12      1.15
         det_prob[156]      0.98      0.02      0.99      0.95      1.00     15.11      1.15
         det_prob[157]      0.98      0.02      0.99      0.95      1.00     15.47      1.14
         det_prob[158]      0.98      0.02      0.99      0.95      1.00     16.12      1.13
         det_prob[159]      0.98      0.02      0.99      0.96      1.00     16.25      1.13
         det_prob[160]      0.98      0.02      0.99      0.95      1.00     17.26      1.11
         det_prob[161]      0.98      0.02      0.99      0.96      1.00     17.85      1.10
         det_prob[162]      0.98      0.02      0.99      0.96      1.00     19.06      1.10
         det_prob[163]      0.98      0.03      0.99      0.96      1.00     19.99      1.09
         det_prob[164]      0.98      0.02      0.99      0.96      1.00     20.03      1.09
         det_prob[165]      0.98      0.03      0.99      0.96      1.00     20.67      1.08
         det_prob[166]      0.98      0.03      0.99      0.96      1.00     21.99      1.08
         det_prob[167]      0.98      0.03      0.99      0.96      1.00     22.79      1.07
         det_prob[168]      0.98      0.03      0.99      0.96      1.00     23.63      1.06
         det_prob[169]      0.98      0.03      0.99      0.96      1.00     24.42      1.06
         det_prob[170]      0.98      0.03      0.99      0.96      1.00     24.61      1.06
         det_prob[171]      0.98      0.03      0.99      0.96      1.00     24.34      1.06
         det_prob[172]      0.98      0.03      0.99      0.96      1.00     24.54      1.06
         det_prob[173]      0.98      0.03      0.99      0.96      1.00     24.96      1.06
         det_prob[174]      0.98      0.03      0.99      0.96      1.00     23.86      1.06
         det_prob[175]      0.98      0.03      0.99      0.96      1.00     23.97      1.06
         det_prob[176]      0.98      0.03      0.99      0.96      1.00     24.24      1.06
         det_prob[177]      0.98      0.03      0.99      0.96      1.00     24.36      1.06
         det_prob[178]      0.98      0.03      0.99      0.96      1.00     24.57      1.06
         det_prob[179]      0.98      0.03      0.99      0.96      1.00     25.46      1.05
         det_prob[180]      0.98      0.03      0.99      0.96      1.00     25.14      1.05
         det_prob[181]      0.98      0.03      0.99      0.96      1.00     25.36      1.05
         det_prob[182]      0.98      0.03      0.99      0.96      1.00     24.75      1.05
         det_prob[183]      0.98      0.03      0.99      0.96      1.00     25.68      1.05
         det_prob[184]      0.98      0.03      0.99      0.96      1.00     27.36      1.04
         det_prob[185]      0.98      0.03      0.99      0.96      1.00     28.50      1.04
             det_prob0      0.21      0.05      0.21      0.15      0.29     47.15      1.00
            det_prob_d      0.90      0.03      0.90      0.86      0.95    474.55      1.00
                 gamma      0.49      0.05      0.49      0.40      0.56    240.34      1.01
                 rw[0]     -0.01      1.04      0.04     -1.77      1.69     13.99      1.21
                 rw[1]      0.01      1.49     -0.01     -2.21      2.62      6.79      1.41
                 rw[2]      0.12      1.85      0.19     -3.01      2.86      5.26      1.54
                 rw[3]      0.26      2.11      0.34     -3.12      3.43      4.59      1.65
                 rw[4]      0.60      2.33      0.65     -3.45      3.96      4.27      1.74
                 rw[5]      0.96      2.46      0.98     -2.85      4.88      4.15      1.77
                 rw[6]      1.24      2.53      1.33     -2.87      5.11      3.93      1.84
                 rw[7]      1.42      2.54      1.50     -2.54      5.59      3.88      1.85
                 rw[8]      1.49      2.52      1.59     -2.33      5.67      3.75      1.90
                 rw[9]      1.47      2.57      1.56     -2.87      5.24      3.76      1.92
                rw[10]      1.36      2.49      1.39     -2.49      5.24      3.79      1.88
                rw[11]      1.15      2.49      1.28     -2.73      5.15      3.78      1.90
                rw[12]      0.83      2.48      0.92     -2.75      5.18      3.80      1.85
                rw[13]      0.43      2.47      0.50     -3.49      4.26      3.79      1.83
                rw[14]      0.12      2.45      0.31     -3.73      3.75      3.71      1.85
                rw[15]     -0.19      2.42     -0.01     -4.06      3.53      3.77      1.85
                rw[16]     -0.49      2.44     -0.34     -4.26      3.31      3.77      1.86
                rw[17]     -0.77      2.42     -0.65     -5.04      2.67      3.73      1.88
                rw[18]     -1.12      2.42     -0.97     -4.99      2.52      3.76      1.83
                rw[19]     -1.50      2.44     -1.36     -5.42      2.27      3.78      1.83
                rw[20]     -1.86      2.44     -1.72     -5.70      1.89      3.79      1.82
                rw[21]     -2.27      2.46     -2.14     -6.15      1.70      3.76      1.82
                rw[22]     -2.77      2.50     -2.68     -6.48      1.60      3.76      1.81
                rw[23]     -3.29      2.49     -3.18     -7.23      0.57      3.79      1.83
                rw[24]     -3.77      2.55     -3.69     -7.69      0.33      3.96      1.78
                rw[25]     -4.36      2.52     -4.31     -8.40     -0.49      3.93      1.78
                rw[26]     -4.94      2.57     -4.90     -9.31     -1.14      3.93      1.82
                rw[27]     -5.45      2.55     -5.38     -9.67     -1.50      3.98      1.80
                rw[28]     -5.95      2.59     -5.84    -10.00     -1.98      4.04      1.78
                rw[29]     -6.47      2.60     -6.43    -10.56     -2.38      3.97      1.80
                rw[30]     -6.95      2.57     -6.93    -11.18     -3.01      3.87      1.85
                rw[31]     -7.32      2.55     -7.32    -11.18     -3.11      3.91      1.84
                rw[32]     -7.71      2.58     -7.66    -11.68     -3.44      3.90      1.85
                rw[33]     -7.98      2.54     -7.95    -11.97     -3.93      3.87      1.84
                rw[34]     -8.20      2.55     -8.02    -12.00     -3.88      3.95      1.83
                rw[35]     -8.34      2.51     -8.17    -12.17     -4.41      4.01      1.79
                rw[36]     -8.45      2.50     -8.31    -12.60     -4.67      4.07      1.79
                rw[37]     -8.46      2.52     -8.30    -12.38     -4.55      4.10      1.77
                rw[38]     -8.41      2.54     -8.28    -12.59     -4.63      4.12      1.77
                rw[39]     -8.36      2.52     -8.19    -12.67     -4.63      4.18      1.75
                rw[40]     -8.30      2.54     -8.21    -12.16     -4.24      4.21      1.75
                rw[41]     -8.19      2.54     -8.17    -12.37     -4.22      4.32      1.71
                rw[42]     -8.14      2.50     -8.17    -11.97     -4.02      4.34      1.69
                rw[43]     -8.09      2.55     -8.07    -11.85     -3.98      4.35      1.70
                rw[44]     -8.00      2.53     -8.02    -11.91     -4.02      4.45      1.70
                rw[45]     -7.94      2.57     -7.87    -11.98     -3.81      4.48      1.70
                rw[46]     -7.81      2.54     -7.75    -11.73     -3.66      4.46      1.72
                rw[47]     -7.71      2.53     -7.72    -11.55     -3.66      4.36      1.75
                rw[48]     -7.64      2.54     -7.57    -11.93     -3.97      4.22      1.80
                rw[49]     -7.58      2.58     -7.46    -11.46     -3.51      4.18      1.81
                rw[50]     -7.54      2.60     -7.41    -11.43     -3.21      4.37      1.76
                rw[51]     -7.52      2.64     -7.37    -12.02     -3.55      4.12      1.78
                rw[52]     -7.53      2.64     -7.39    -11.80     -3.47      4.05      1.78
                rw[53]     -7.49      2.64     -7.29    -12.00     -3.58      3.98      1.77
                rw[54]     -7.48      2.70     -7.26    -11.76     -3.13      4.01      1.74
                rw[55]     -7.48      2.71     -7.17    -11.90     -3.22      3.94      1.74
                rw[56]     -7.50      2.71     -7.23    -12.32     -3.63      4.01      1.70
                rw[57]     -7.56      2.71     -7.19    -12.19     -3.48      3.98      1.69
                rw[58]     -7.62      2.72     -7.29    -12.26     -3.49      4.04      1.68
                rw[59]     -7.63      2.69     -7.37    -11.84     -3.18      4.11      1.69
                rw[60]     -7.65      2.73     -7.52    -12.20     -3.32      4.13      1.69
                rw[61]     -7.61      2.72     -7.56    -12.01     -3.15      4.12      1.70
                rw[62]     -7.58      2.71     -7.60    -12.09     -3.31      4.14      1.73
                rw[63]     -7.56      2.73     -7.67    -11.84     -3.16      4.25      1.70
                rw[64]     -7.52      2.69     -7.56    -11.69     -3.03      4.21      1.70
                rw[65]     -7.48      2.72     -7.52    -12.02     -3.32      4.12      1.74
                rw[66]     -7.40      2.69     -7.46    -11.82     -3.30      4.17      1.73
                rw[67]     -7.32      2.66     -7.36    -11.05     -2.51      4.14      1.74
                rw[68]     -7.17      2.65     -7.16    -11.51     -2.97      4.15      1.70
                rw[69]     -7.07      2.69     -6.94    -11.27     -2.64      4.10      1.73
                rw[70]     -6.98      2.72     -6.91    -11.51     -2.84      4.05      1.75
                rw[71]     -6.92      2.70     -6.80    -11.22     -2.73      4.04      1.78
                rw[72]     -6.89      2.67     -6.78    -11.34     -2.97      3.91      1.80
                rw[73]     -6.85      2.68     -6.70    -11.43     -2.79      4.03      1.79
                rw[74]     -6.76      2.64     -6.66    -11.07     -2.81      4.03      1.78
                rw[75]     -6.74      2.64     -6.54    -10.97     -2.70      4.14      1.74
                rw[76]     -6.71      2.64     -6.55    -10.50     -2.19      4.13      1.76
                rw[77]     -6.75      2.59     -6.63    -11.11     -2.98      4.13      1.76
                rw[78]     -6.76      2.55     -6.63    -10.73     -2.74      4.10      1.74
                rw[79]     -6.78      2.53     -6.77    -10.48     -2.40      3.95      1.81
                rw[80]     -6.76      2.55     -6.84    -10.71     -2.65      4.09      1.80
                rw[81]     -6.73      2.55     -6.80    -10.84     -2.74      4.14      1.77
                rw[82]     -6.68      2.54     -6.68    -10.99     -2.86      4.27      1.73
                rw[83]     -6.67      2.52     -6.67    -10.72     -2.63      4.40      1.72
                rw[84]     -6.65      2.55     -6.59    -10.88     -2.81      4.44      1.70
                rw[85]     -6.68      2.54     -6.55    -10.79     -2.62      4.36      1.72
                rw[86]     -6.71      2.54     -6.68    -10.61     -2.51      4.44      1.70
                rw[87]     -6.70      2.54     -6.63    -10.62     -2.44      4.49      1.68
                rw[88]     -6.64      2.59     -6.53    -10.37     -2.29      4.39      1.67
                rw[89]     -6.60      2.54     -6.50    -10.58     -2.60      4.39      1.66
                rw[90]     -6.54      2.58     -6.49    -10.55     -2.49      4.19      1.70
                rw[91]     -6.53      2.61     -6.54    -10.88     -2.54      4.11      1.72
                rw[92]     -6.48      2.62     -6.38    -10.45     -2.21      3.96      1.75
                rw[93]     -6.41      2.62     -6.23    -10.91     -2.48      3.99      1.75
                rw[94]     -6.36      2.60     -6.28    -10.18     -1.91      3.97      1.74
                rw[95]     -6.23      2.62     -6.16    -10.52     -2.18      4.03      1.71
                rw[96]     -6.05      2.58     -5.95    -10.62     -2.30      4.00      1.72
                rw[97]     -5.94      2.53     -5.84    -10.17     -2.23      3.97      1.70
                rw[98]     -5.82      2.52     -5.68    -10.23     -2.11      3.95      1.73
                rw[99]     -5.69      2.45     -5.63     -9.63     -1.77      3.95      1.72
               rw[100]     -5.59      2.45     -5.46     -9.81     -1.86      3.88      1.76
               rw[101]     -5.47      2.42     -5.36     -9.15     -1.44      3.87      1.78
               rw[102]     -5.30      2.40     -5.10     -9.22     -1.67      3.93      1.77
               rw[103]     -5.15      2.44     -4.94     -9.12     -1.28      4.01      1.74
               rw[104]     -5.06      2.43     -4.87     -9.09     -1.24      4.06      1.76
               rw[105]     -4.96      2.46     -4.78     -8.87     -0.98      4.08      1.75
               rw[106]     -4.91      2.49     -4.78     -8.96     -1.02      3.94      1.79
               rw[107]     -4.87      2.49     -4.85     -8.83     -0.96      3.93      1.79
               rw[108]     -4.81      2.53     -4.74     -8.85     -0.73      3.97      1.77
               rw[109]     -4.71      2.52     -4.60     -8.70     -0.76      4.02      1.76
               rw[110]     -4.65      2.55     -4.60     -8.99     -0.84      3.88      1.79
               rw[111]     -4.58      2.53     -4.36     -8.62     -0.60      3.91      1.78
               rw[112]     -4.56      2.50     -4.42     -8.45     -0.64      4.10      1.74
               rw[113]     -4.53      2.50     -4.45     -8.57     -0.61      4.01      1.78
               rw[114]     -4.55      2.47     -4.41     -8.66     -0.91      3.96      1.82
               rw[115]     -4.53      2.44     -4.41     -8.37     -0.62      3.95      1.81
               rw[116]     -4.54      2.48     -4.45     -8.33     -0.50      4.03      1.77
               rw[117]     -4.55      2.46     -4.40     -8.18     -0.40      3.91      1.80
               rw[118]     -4.60      2.46     -4.51     -8.36     -0.72      3.84      1.84
               rw[119]     -4.69      2.45     -4.54     -8.41     -0.75      3.89      1.80
               rw[120]     -4.78      2.45     -4.69     -8.64     -1.02      3.86      1.84
               rw[121]     -4.87      2.46     -4.75     -8.79     -1.19      3.88      1.81
               rw[122]     -4.96      2.49     -4.87     -9.13     -1.32      3.92      1.80
               rw[123]     -5.02      2.49     -4.93     -8.79     -0.92      3.82      1.82
               rw[124]     -5.09      2.51     -4.90     -9.28     -1.27      3.94      1.76
               rw[125]     -5.16      2.51     -5.02     -8.96     -0.84      3.90      1.77
               rw[126]     -5.21      2.48     -5.10     -9.14     -1.25      3.95      1.79
               rw[127]     -5.25      2.51     -5.10     -9.10     -1.19      3.87      1.78
               rw[128]     -5.27      2.55     -5.08     -9.46     -1.40      3.85      1.82
               rw[129]     -5.30      2.48     -5.10     -9.45     -1.52      3.87      1.83
               rw[130]     -5.32      2.53     -5.08     -9.34     -1.38      3.86      1.81
               rw[131]     -5.33      2.49     -5.16     -9.07     -1.17      3.90      1.80
               rw[132]     -5.37      2.54     -5.24     -9.65     -1.46      3.97      1.78
               rw[133]     -5.42      2.54     -5.25     -9.38     -1.15      4.09      1.71
               rw[134]     -5.53      2.51     -5.45     -9.42     -1.35      4.05      1.74
               rw[135]     -5.64      2.50     -5.50     -9.58     -1.47      3.91      1.78
               rw[136]     -5.72      2.51     -5.59     -9.67     -1.64      3.95      1.77
               rw[137]     -5.87      2.52     -5.75    -10.34     -2.30      3.95      1.79
               rw[138]     -5.95      2.57     -5.89    -10.06     -1.90      3.92      1.82
               rw[139]     -6.11      2.57     -6.04    -10.12     -1.85      4.10      1.78
               rw[140]     -6.27      2.58     -6.20    -10.32     -2.12      4.07      1.81
               rw[141]     -6.40      2.54     -6.25    -10.41     -2.33      3.94      1.84
               rw[142]     -6.54      2.54     -6.38    -10.48     -2.53      3.98      1.84
               rw[143]     -6.64      2.51     -6.56    -10.91     -2.88      4.03      1.82
               rw[144]     -6.70      2.50     -6.59    -10.52     -2.60      4.05      1.79
               rw[145]     -6.71      2.49     -6.58    -10.78     -2.96      4.01      1.77
               rw[146]     -6.75      2.48     -6.59    -10.83     -2.91      3.89      1.81
               rw[147]     -6.78      2.54     -6.63    -10.99     -2.79      3.84      1.80
               rw[148]     -6.72      2.55     -6.59    -10.81     -2.64      3.92      1.78
               rw[149]     -6.73      2.52     -6.58    -10.56     -2.48      3.81      1.79
               rw[150]     -6.65      2.54     -6.48    -10.96     -2.91      3.76      1.80
               rw[151]     -6.59      2.52     -6.37    -10.52     -2.74      3.72      1.85
               rw[152]     -6.52      2.55     -6.36    -10.70     -2.76      3.89      1.77
               rw[153]     -6.49      2.55     -6.34    -10.87     -2.90      3.87      1.79
               rw[154]     -6.50      2.50     -6.24    -10.68     -2.85      3.92      1.81
               rw[155]     -6.45      2.54     -6.22    -10.79     -2.64      3.91      1.81
               rw[156]     -6.43      2.53     -6.17    -10.43     -2.36      3.93      1.80
               rw[157]     -6.42      2.54     -6.28    -10.50     -2.32      3.94      1.80
               rw[158]     -6.39      2.50     -6.28    -10.10     -2.11      3.99      1.79
               rw[159]     -6.39      2.52     -6.22    -10.51     -2.48      4.08      1.76
               rw[160]     -6.42      2.48     -6.32    -10.86     -2.81      4.10      1.75
               rw[161]     -6.47      2.46     -6.45    -10.42     -2.60      4.16      1.74
               rw[162]     -6.53      2.50     -6.45    -10.44     -2.34      4.08      1.80
               rw[163]     -6.55      2.50     -6.56    -10.78     -2.71      4.10      1.77
               rw[164]     -6.57      2.52     -6.42    -10.41     -2.32      4.07      1.77
               rw[165]     -6.57      2.53     -6.37    -10.52     -2.41      4.11      1.75
               rw[166]     -6.55      2.57     -6.43    -10.88     -2.52      4.11      1.75
               rw[167]     -6.51      2.58     -6.47    -10.45     -2.32      3.99      1.79
               rw[168]     -6.50      2.62     -6.43    -10.71     -2.38      3.94      1.80
               rw[169]     -6.47      2.62     -6.45    -10.35     -2.05      4.00      1.79
               rw[170]     -6.42      2.59     -6.35    -10.53     -2.44      3.95      1.81
               rw[171]     -6.32      2.56     -6.16    -10.14     -1.92      4.04      1.78
               rw[172]     -6.24      2.58     -6.15    -10.32     -2.18      4.08      1.75
               rw[173]     -6.15      2.54     -6.10    -10.56     -2.36      4.04      1.77
               rw[174]     -6.10      2.55     -6.00    -10.10     -1.91      4.09      1.76
               rw[175]     -6.09      2.56     -6.02    -10.22     -2.14      4.05      1.78
               rw[176]     -6.11      2.50     -6.05    -10.52     -2.49      4.07      1.75
               rw[177]     -6.12      2.55     -6.12    -10.54     -2.32      4.16      1.73
               rw[178]     -6.17      2.55     -6.09    -10.62     -2.42      4.14      1.71
               rw[179]     -6.18      2.60     -6.15    -10.02     -1.64      4.22      1.69
               rw[180]     -6.21      2.61     -6.18    -10.30     -1.90      4.27      1.65
               rw[181]     -6.26      2.71     -6.24    -10.85     -2.02      4.33      1.64
               rw[182]     -6.27      2.79     -6.24    -10.78     -1.72      4.57      1.61
               rw[183]     -6.34      2.88     -6.32    -10.90     -1.49      4.88      1.56
               rw[184]     -6.37      3.01     -6.33    -11.12     -1.27      5.47      1.50
               rw[185]     -6.44      3.18     -6.35    -11.94     -1.57      5.88      1.46
                 sigma      0.22      0.02      0.22      0.19      0.26    171.60      1.00

Number of divergences: 0
