
                            mean       std    median      5.0%     95.0%     n_eff     r_hat
                    D0      0.94      1.27      0.54      0.00      2.22    986.72      1.00
                    E0     10.09     10.73      6.80      0.00     23.24     48.29      1.11
                    H0      1.38      1.38      0.96      0.00      3.16   1514.32      1.00
                    I0      4.24      5.32      2.45      0.01      9.84     43.47      1.11
                 beta0      1.47      0.78      1.30      0.37      2.50      3.90      2.23
  confirmed_dispersion      0.14      0.03      0.13      0.10      0.17   1220.29      1.00
      death_dispersion      0.41      0.07      0.41      0.30      0.51   2356.76      1.00
            death_prob      0.01      0.00      0.01      0.01      0.01     55.47      1.00
            death_rate      0.05      0.01      0.05      0.03      0.06    283.67      1.00
           det_prob[0]      0.27      0.07      0.26      0.16      0.37    187.61      1.00
           det_prob[1]      0.26      0.08      0.26      0.15      0.39    184.59      1.00
           det_prob[2]      0.26      0.08      0.25      0.13      0.39    165.35      1.00
           det_prob[3]      0.25      0.09      0.24      0.12      0.40    154.59      1.00
           det_prob[4]      0.25      0.09      0.24      0.10      0.39    143.26      1.00
           det_prob[5]      0.25      0.10      0.24      0.10      0.40    135.82      1.01
           det_prob[6]      0.25      0.10      0.24      0.09      0.40    128.86      1.01
           det_prob[7]      0.26      0.10      0.24      0.09      0.40    123.42      1.01
           det_prob[8]      0.26      0.10      0.25      0.10      0.42    112.39      1.01
           det_prob[9]      0.27      0.10      0.26      0.09      0.41    109.57      1.01
          det_prob[10]      0.28      0.11      0.26      0.10      0.42    105.84      1.01
          det_prob[11]      0.28      0.11      0.26      0.10      0.43    108.49      1.01
          det_prob[12]      0.28      0.11      0.26      0.10      0.44    107.01      1.01
          det_prob[13]      0.28      0.11      0.27      0.12      0.45    103.94      1.01
          det_prob[14]      0.29      0.10      0.28      0.12      0.45    103.94      1.01
          det_prob[15]      0.30      0.10      0.28      0.13      0.46    103.49      1.02
          det_prob[16]      0.30      0.11      0.29      0.14      0.47    102.59      1.01
          det_prob[17]      0.31      0.11      0.29      0.15      0.49    100.08      1.01
          det_prob[18]      0.32      0.11      0.30      0.14      0.48    100.89      1.01
          det_prob[19]      0.31      0.11      0.29      0.13      0.47     97.85      1.01
          det_prob[20]      0.30      0.11      0.29      0.12      0.45     97.73      1.00
          det_prob[21]      0.31      0.11      0.29      0.14      0.47     98.58      1.00
          det_prob[22]      0.31      0.10      0.30      0.16      0.49     95.92      1.00
          det_prob[23]      0.32      0.11      0.31      0.15      0.49     96.03      1.00
          det_prob[24]      0.32      0.11      0.30      0.16      0.50     91.44      1.00
          det_prob[25]      0.32      0.11      0.30      0.15      0.49     85.47      1.00
          det_prob[26]      0.32      0.11      0.30      0.15      0.49     86.13      1.01
          det_prob[27]      0.32      0.11      0.30      0.15      0.50     87.11      1.01
          det_prob[28]      0.35      0.11      0.33      0.16      0.51     85.42      1.01
          det_prob[29]      0.36      0.11      0.34      0.17      0.52     82.67      1.01
          det_prob[30]      0.36      0.12      0.34      0.17      0.53     83.25      1.00
          det_prob[31]      0.36      0.12      0.34      0.18      0.54     81.70      1.01
          det_prob[32]      0.35      0.12      0.33      0.16      0.53     82.95      1.01
          det_prob[33]      0.34      0.12      0.32      0.13      0.51     79.81      1.01
          det_prob[34]      0.35      0.12      0.32      0.15      0.54     74.67      1.01
          det_prob[35]      0.35      0.12      0.32      0.16      0.54     74.49      1.01
          det_prob[36]      0.36      0.12      0.34      0.19      0.56     76.41      1.01
          det_prob[37]      0.36      0.12      0.34      0.17      0.55     73.78      1.02
          det_prob[38]      0.36      0.13      0.33      0.17      0.56     68.42      1.02
          det_prob[39]      0.36      0.13      0.34      0.16      0.56     67.40      1.02
          det_prob[40]      0.36      0.13      0.35      0.18      0.57     67.42      1.02
          det_prob[41]      0.38      0.12      0.37      0.19      0.57     70.36      1.01
          det_prob[42]      0.40      0.13      0.38      0.19      0.59     71.45      1.01
          det_prob[43]      0.41      0.13      0.39      0.20      0.62     68.81      1.02
          det_prob[44]      0.42      0.13      0.40      0.21      0.63     67.16      1.02
          det_prob[45]      0.43      0.13      0.41      0.22      0.64     66.34      1.02
          det_prob[46]      0.44      0.13      0.42      0.22      0.65     65.58      1.02
          det_prob[47]      0.44      0.13      0.43      0.25      0.69     64.14      1.02
          det_prob[48]      0.46      0.13      0.44      0.24      0.66     62.38      1.02
          det_prob[49]      0.47      0.13      0.45      0.24      0.67     62.20      1.02
          det_prob[50]      0.48      0.13      0.46      0.27      0.71     60.70      1.01
          det_prob[51]      0.48      0.13      0.47      0.27      0.70     59.07      1.01
          det_prob[52]      0.49      0.14      0.48      0.28      0.71     61.20      1.01
          det_prob[53]      0.49      0.14      0.48      0.27      0.73     60.16      1.01
          det_prob[54]      0.49      0.14      0.48      0.27      0.73     56.89      1.01
          det_prob[55]      0.50      0.14      0.49      0.26      0.73     56.25      1.01
          det_prob[56]      0.51      0.14      0.50      0.26      0.73     53.95      1.01
          det_prob[57]      0.52      0.14      0.51      0.31      0.77     56.23      1.00
          det_prob[58]      0.53      0.14      0.52      0.30      0.75     54.94      1.00
          det_prob[59]      0.54      0.14      0.53      0.28      0.74     54.57      1.00
          det_prob[60]      0.54      0.14      0.54      0.30      0.77     54.58      1.00
          det_prob[61]      0.55      0.14      0.54      0.30      0.77     53.32      1.00
          det_prob[62]      0.56      0.14      0.55      0.31      0.77     52.83      1.00
          det_prob[63]      0.57      0.14      0.56      0.32      0.78     55.85      1.00
          det_prob[64]      0.58      0.14      0.58      0.34      0.81     54.92      1.00
          det_prob[65]      0.59      0.14      0.59      0.33      0.81     55.14      1.00
          det_prob[66]      0.59      0.14      0.60      0.35      0.82     50.56      1.00
          det_prob[67]      0.60      0.15      0.60      0.34      0.81     51.37      1.00
          det_prob[68]      0.61      0.15      0.62      0.35      0.83     49.56      1.00
          det_prob[69]      0.62      0.14      0.63      0.37      0.84     48.81      1.00
          det_prob[70]      0.63      0.14      0.65      0.38      0.85     49.01      1.00
          det_prob[71]      0.65      0.14      0.66      0.41      0.87     49.19      1.00
          det_prob[72]      0.65      0.14      0.67      0.43      0.89     48.79      1.00
          det_prob[73]      0.66      0.14      0.68      0.42      0.88     47.87      1.01
          det_prob[74]      0.67      0.14      0.69      0.45      0.89     47.43      1.01
          det_prob[75]      0.68      0.14      0.70      0.45      0.90     45.96      1.01
          det_prob[76]      0.69      0.14      0.71      0.47      0.92     43.60      1.01
          det_prob[77]      0.70      0.14      0.72      0.47      0.90     45.27      1.01
          det_prob[78]      0.71      0.14      0.73      0.49      0.92     44.47      1.01
          det_prob[79]      0.71      0.14      0.73      0.49      0.92     44.25      1.01
          det_prob[80]      0.72      0.14      0.74      0.48      0.92     44.54      1.02
          det_prob[81]      0.72      0.14      0.75      0.51      0.95     43.77      1.02
          det_prob[82]      0.73      0.14      0.75      0.50      0.94     44.53      1.02
          det_prob[83]      0.74      0.14      0.77      0.52      0.94     44.29      1.03
          det_prob[84]      0.76      0.13      0.78      0.55      0.95     43.19      1.03
          det_prob[85]      0.77      0.13      0.79      0.57      0.95     42.82      1.03
          det_prob[86]      0.78      0.12      0.79      0.59      0.96     40.44      1.03
          det_prob[87]      0.78      0.12      0.80      0.60      0.96     38.47      1.03
          det_prob[88]      0.79      0.12      0.81      0.61      0.96     36.82      1.04
          det_prob[89]      0.80      0.12      0.82      0.62      0.97     36.64      1.04
          det_prob[90]      0.81      0.11      0.83      0.63      0.97     37.00      1.04
          det_prob[91]      0.82      0.11      0.84      0.65      0.97     35.39      1.05
          det_prob[92]      0.82      0.10      0.85      0.67      0.98     35.19      1.05
          det_prob[93]      0.83      0.10      0.85      0.67      0.98     34.33      1.05
          det_prob[94]      0.83      0.10      0.86      0.67      0.98     33.38      1.05
          det_prob[95]      0.83      0.11      0.86      0.66      0.98     32.39      1.05
          det_prob[96]      0.83      0.11      0.86      0.66      0.98     32.50      1.06
          det_prob[97]      0.84      0.11      0.87      0.68      0.98     30.98      1.07
          det_prob[98]      0.85      0.10      0.88      0.68      0.98     31.42      1.07
          det_prob[99]      0.85      0.10      0.88      0.69      0.99     30.38      1.07
         det_prob[100]      0.85      0.10      0.88      0.69      0.99     29.60      1.07
         det_prob[101]      0.86      0.10      0.89      0.69      0.99     29.32      1.07
         det_prob[102]      0.86      0.10      0.89      0.70      0.99     27.83      1.08
         det_prob[103]      0.86      0.10      0.89      0.72      0.99     28.08      1.08
         det_prob[104]      0.87      0.10      0.89      0.73      0.99     28.81      1.08
         det_prob[105]      0.87      0.09      0.89      0.74      0.99     28.70      1.08
         det_prob[106]      0.87      0.09      0.90      0.74      0.99     28.58      1.08
         det_prob[107]      0.88      0.09      0.90      0.74      0.99     28.60      1.07
         det_prob[108]      0.88      0.09      0.90      0.74      0.99     28.22      1.07
         det_prob[109]      0.88      0.10      0.90      0.74      1.00     28.73      1.07
         det_prob[110]      0.88      0.10      0.91      0.74      1.00     29.92      1.07
         det_prob[111]      0.88      0.10      0.91      0.75      1.00     30.09      1.07
         det_prob[112]      0.88      0.10      0.91      0.75      1.00     29.88      1.07
         det_prob[113]      0.88      0.10      0.91      0.74      1.00     29.96      1.07
         det_prob[114]      0.89      0.10      0.92      0.75      1.00     30.10      1.06
         det_prob[115]      0.89      0.10      0.92      0.75      1.00     29.21      1.06
         det_prob[116]      0.89      0.10      0.92      0.75      1.00     30.25      1.06
         det_prob[117]      0.89      0.10      0.92      0.74      1.00     29.63      1.06
         det_prob[118]      0.89      0.11      0.92      0.73      1.00     29.85      1.05
         det_prob[119]      0.89      0.11      0.92      0.75      1.00     29.96      1.05
         det_prob[120]      0.89      0.11      0.92      0.73      1.00     29.57      1.05
         det_prob[121]      0.89      0.11      0.93      0.74      1.00     28.87      1.06
         det_prob[122]      0.89      0.11      0.93      0.74      1.00     29.36      1.05
         det_prob[123]      0.90      0.11      0.93      0.74      1.00     30.00      1.05
         det_prob[124]      0.90      0.11      0.93      0.74      1.00     30.31      1.05
         det_prob[125]      0.90      0.11      0.94      0.74      1.00     30.70      1.05
         det_prob[126]      0.90      0.11      0.94      0.75      1.00     30.18      1.05
         det_prob[127]      0.90      0.10      0.94      0.76      1.00     31.16      1.05
         det_prob[128]      0.90      0.10      0.94      0.77      1.00     31.20      1.04
         det_prob[129]      0.91      0.10      0.94      0.77      1.00     31.44      1.04
         det_prob[130]      0.91      0.10      0.95      0.77      1.00     31.19      1.04
         det_prob[131]      0.91      0.10      0.95      0.77      1.00     30.89      1.04
         det_prob[132]      0.91      0.09      0.95      0.79      1.00     31.22      1.03
         det_prob[133]      0.92      0.09      0.95      0.79      1.00     31.43      1.03
         det_prob[134]      0.92      0.09      0.95      0.79      1.00     31.43      1.03
         det_prob[135]      0.92      0.09      0.96      0.80      1.00     31.37      1.04
         det_prob[136]      0.92      0.09      0.96      0.81      1.00     32.15      1.03
         det_prob[137]      0.92      0.09      0.96      0.80      1.00     32.10      1.03
         det_prob[138]      0.93      0.09      0.96      0.81      1.00     31.75      1.03
         det_prob[139]      0.93      0.08      0.96      0.82      1.00     31.79      1.03
         det_prob[140]      0.93      0.08      0.96      0.82      1.00     32.02      1.03
         det_prob[141]      0.93      0.08      0.97      0.83      1.00     32.44      1.03
         det_prob[142]      0.93      0.08      0.97      0.83      1.00     32.67      1.03
         det_prob[143]      0.93      0.08      0.97      0.83      1.00     33.51      1.03
         det_prob[144]      0.93      0.08      0.97      0.83      1.00     33.46      1.03
         det_prob[145]      0.94      0.08      0.97      0.84      1.00     34.19      1.03
         det_prob[146]      0.94      0.08      0.97      0.84      1.00     34.64      1.03
         det_prob[147]      0.94      0.07      0.97      0.84      1.00     34.51      1.03
         det_prob[148]      0.94      0.07      0.97      0.85      1.00     33.21      1.03
         det_prob[149]      0.94      0.07      0.97      0.85      1.00     34.55      1.03
         det_prob[150]      0.95      0.07      0.97      0.86      1.00     34.23      1.03
         det_prob[151]      0.95      0.07      0.97      0.86      1.00     34.79      1.03
         det_prob[152]      0.95      0.07      0.98      0.86      1.00     34.83      1.03
         det_prob[153]      0.95      0.07      0.98      0.86      1.00     34.80      1.03
         det_prob[154]      0.95      0.06      0.98      0.87      1.00     35.00      1.03
         det_prob[155]      0.95      0.06      0.98      0.87      1.00     35.37      1.03
         det_prob[156]      0.95      0.06      0.98      0.87      1.00     35.56      1.03
         det_prob[157]      0.95      0.06      0.98      0.87      1.00     35.35      1.04
         det_prob[158]      0.95      0.06      0.98      0.87      1.00     35.54      1.03
         det_prob[159]      0.95      0.06      0.98      0.87      1.00     35.06      1.03
         det_prob[160]      0.95      0.06      0.98      0.87      1.00     34.46      1.03
         det_prob[161]      0.95      0.06      0.98      0.87      1.00     33.59      1.03
         det_prob[162]      0.95      0.06      0.98      0.88      1.00     33.86      1.03
         det_prob[163]      0.95      0.06      0.98      0.88      1.00     34.34      1.02
         det_prob[164]      0.95      0.06      0.98      0.88      1.00     35.16      1.03
         det_prob[165]      0.95      0.06      0.98      0.88      1.00     35.92      1.03
         det_prob[166]      0.96      0.06      0.98      0.88      1.00     36.62      1.03
         det_prob[167]      0.96      0.06      0.98      0.88      1.00     36.71      1.03
         det_prob[168]      0.96      0.06      0.98      0.88      1.00     37.95      1.03
         det_prob[169]      0.96      0.06      0.98      0.88      1.00     37.91      1.03
         det_prob[170]      0.96      0.06      0.98      0.88      1.00     37.42      1.03
         det_prob[171]      0.96      0.06      0.98      0.88      1.00     39.85      1.03
         det_prob[172]      0.96      0.06      0.98      0.88      1.00     41.58      1.03
         det_prob[173]      0.96      0.06      0.98      0.89      1.00     42.18      1.03
         det_prob[174]      0.96      0.06      0.98      0.88      1.00     42.05      1.03
         det_prob[175]      0.96      0.06      0.98      0.89      1.00     40.85      1.03
         det_prob[176]      0.96      0.06      0.98      0.89      1.00     42.04      1.03
         det_prob[177]      0.96      0.06      0.98      0.89      1.00     43.21      1.02
         det_prob[178]      0.96      0.06      0.98      0.89      1.00     44.22      1.02
         det_prob[179]      0.96      0.06      0.98      0.88      1.00     44.33      1.02
         det_prob[180]      0.96      0.06      0.98      0.88      1.00     46.54      1.02
         det_prob[181]      0.95      0.07      0.98      0.87      1.00     48.47      1.02
         det_prob[182]      0.95      0.07      0.98      0.88      1.00     49.01      1.02
         det_prob[183]      0.95      0.07      0.98      0.87      1.00     51.17      1.02
         det_prob[184]      0.95      0.07      0.98      0.87      1.00     50.72      1.02
         det_prob[185]      0.95      0.07      0.98      0.87      1.00     52.83      1.02
             det_prob0      0.27      0.06      0.27      0.18      0.38    278.36      1.00
            det_prob_d      0.90      0.03      0.90      0.85      0.95   1789.12      1.00
                 gamma      0.49      0.05      0.48      0.39      0.57   1082.99      1.01
                 rw[0]     -0.09      1.01     -0.10     -1.81      1.50     31.75      1.13
                 rw[1]     -0.04      1.43     -0.02     -2.54      2.25     14.06      1.24
                 rw[2]      0.00      1.81      0.05     -2.74      3.11      9.55      1.36
                 rw[3]      0.11      2.09      0.06     -3.07      3.79      7.51      1.45
                 rw[4]      0.34      2.28      0.29     -3.66      3.72      6.63      1.53
                 rw[5]      0.53      2.51      0.48     -3.33      4.87      6.05      1.62
                 rw[6]      0.77      2.68      0.65     -3.88      4.85      5.46      1.72
                 rw[7]      1.04      2.81      0.97     -3.60      5.53      5.13      1.81
                 rw[8]      1.27      2.88      1.13     -3.46      5.72      4.89      1.86
                 rw[9]      1.41      2.96      1.38     -3.78      5.78      4.79      1.88
                rw[10]      1.45      3.05      1.40     -3.51      6.09      4.52      1.98
                rw[11]      1.47      3.06      1.36     -3.67      6.05      4.33      2.05
                rw[12]      1.38      3.10      1.34     -3.65      6.26      4.53      2.02
                rw[13]      1.22      3.11      1.12     -3.31      6.43      4.38      2.07
                rw[14]      1.13      3.08      1.21     -3.46      6.15      4.17      2.15
                rw[15]      0.88      3.06      0.95     -3.71      5.96      4.14      2.18
                rw[16]      0.52      3.09      0.53     -4.12      5.49      4.19      2.16
                rw[17]      0.11      3.11      0.06     -4.64      5.11      4.12      2.12
                rw[18]     -0.40      3.06     -0.42     -4.64      4.77      4.17      2.12
                rw[19]     -0.87      3.04     -0.93     -5.04      4.43      4.27      2.12
                rw[20]     -1.26      3.03     -1.47     -5.82      3.73      4.22      2.13
                rw[21]     -1.69      3.09     -1.81     -6.65      3.06      4.32      2.07
                rw[22]     -2.16      3.08     -2.25     -6.68      3.13      4.33      2.08
                rw[23]     -2.64      3.03     -2.69     -7.41      2.20      4.48      2.03
                rw[24]     -3.13      3.05     -3.20     -7.69      1.99      4.50      2.00
                rw[25]     -3.56      3.05     -3.73     -7.74      1.85      4.39      2.02
                rw[26]     -3.87      3.06     -4.06     -8.34      1.26      4.31      2.04
                rw[27]     -4.11      3.06     -4.24     -8.29      1.30      4.49      1.99
                rw[28]     -4.36      3.11     -4.59     -9.24      0.54      4.60      1.96
                rw[29]     -4.71      3.09     -4.94     -9.37      0.45      4.59      1.99
                rw[30]     -5.02      3.04     -5.27     -9.99     -0.36      4.54      1.99
                rw[31]     -5.36      3.00     -5.56    -10.11     -0.88      4.41      2.02
                rw[32]     -5.53      3.02     -5.72     -9.85     -0.50      4.31      2.05
                rw[33]     -5.55      3.03     -5.76    -10.12     -0.68      4.41      2.01
                rw[34]     -5.54      3.06     -5.71    -10.51     -0.85      4.46      1.98
                rw[35]     -5.51      3.06     -5.55    -10.22     -0.45      4.38      2.01
                rw[36]     -5.47      3.03     -5.62     -9.86     -0.31      4.26      2.05
                rw[37]     -5.50      3.01     -5.65    -10.13     -0.70      4.19      2.06
                rw[38]     -5.39      2.99     -5.58     -9.88     -0.30      4.30      2.03
                rw[39]     -5.22      3.04     -5.29     -9.80     -0.08      4.28      2.02
                rw[40]     -5.13      3.01     -5.32     -9.37      0.14      4.24      2.05
                rw[41]     -4.98      3.02     -5.15     -9.59     -0.26      4.26      2.05
                rw[42]     -4.87      2.95     -5.05     -8.93      0.27      4.25      2.04
                rw[43]     -4.85      2.98     -5.03     -9.22     -0.04      4.32      2.01
                rw[44]     -4.77      3.00     -5.04     -9.54     -0.00      4.33      2.01
                rw[45]     -4.78      3.06     -4.92     -9.09      0.65      4.30      2.02
                rw[46]     -4.79      3.06     -4.87     -9.33      0.35      4.27      2.06
                rw[47]     -4.79      3.06     -5.01     -9.75     -0.10      4.20      2.09
                rw[48]     -4.75      3.09     -4.85     -9.46      0.09      4.19      2.05
                rw[49]     -4.82      3.08     -4.78     -9.34      0.32      4.25      2.01
                rw[50]     -4.86      3.11     -4.82     -9.54      0.25      4.21      2.02
                rw[51]     -4.92      3.11     -4.94     -9.40      0.45      4.29      2.01
                rw[52]     -4.98      3.14     -4.97     -9.62      0.23      4.24      2.03
                rw[53]     -5.04      3.15     -5.06    -10.58     -0.48      4.31      2.01
                rw[54]     -5.11      3.17     -5.17     -9.80      0.17      4.30      1.99
                rw[55]     -5.13      3.14     -5.18    -10.13     -0.33      4.23      2.03
                rw[56]     -5.19      3.12     -5.26    -10.10     -0.50      4.20      2.05
                rw[57]     -5.34      3.13     -5.37    -10.39     -0.71      4.34      2.02
                rw[58]     -5.41      3.12     -5.48    -10.46     -0.75      4.28      2.03
                rw[59]     -5.48      3.16     -5.54    -10.17     -0.14      4.34      2.01
                rw[60]     -5.58      3.09     -5.55    -10.27     -0.75      4.18      2.08
                rw[61]     -5.61      3.13     -5.69    -10.39     -0.54      4.27      2.03
                rw[62]     -5.68      3.12     -5.82    -10.39     -0.79      4.35      2.04
                rw[63]     -5.70      3.11     -5.86    -10.42     -0.88      4.39      2.06
                rw[64]     -5.70      3.11     -5.84    -10.65     -0.91      4.35      2.08
                rw[65]     -5.72      3.13     -5.85    -10.67     -0.80      4.39      2.04
                rw[66]     -5.70      3.16     -5.81    -10.50     -0.79      4.41      2.04
                rw[67]     -5.69      3.17     -5.86    -10.21     -0.26      4.40      2.03
                rw[68]     -5.62      3.14     -5.71    -10.49     -0.73      4.35      2.05
                rw[69]     -5.52      3.18     -5.62    -10.87     -0.76      4.43      2.06
                rw[70]     -5.42      3.11     -5.39    -10.32     -0.36      4.40      2.08
                rw[71]     -5.35      3.11     -5.42    -10.11     -0.28      4.37      2.08
                rw[72]     -5.25      3.10     -5.26    -10.36     -0.62      4.31      2.11
                rw[73]     -5.30      3.12     -5.40    -10.03     -0.38      4.42      2.04
                rw[74]     -5.23      3.10     -5.40     -9.66      0.07      4.36      2.06
                rw[75]     -5.14      3.15     -5.39     -9.68      0.17      4.33      2.07
                rw[76]     -5.08      3.13     -5.19    -10.01     -0.12      4.31      2.08
                rw[77]     -5.00      3.06     -5.15     -9.36      0.32      4.44      2.02
                rw[78]     -4.94      3.07     -4.95    -10.21     -0.39      4.38      2.09
                rw[79]     -4.83      3.04     -4.87     -9.62     -0.07      4.30      2.10
                rw[80]     -4.69      3.03     -4.88     -9.28      0.31      4.21      2.16
                rw[81]     -4.47      3.01     -4.46     -9.04      0.18      4.27      2.14
                rw[82]     -4.21      2.95     -4.40     -8.69      0.47      4.20      2.14
                rw[83]     -3.84      2.98     -3.95     -8.52      0.71      4.26      2.12
                rw[84]     -3.59      3.02     -3.61     -7.98      1.49      4.30      2.10
                rw[85]     -3.53      3.01     -3.64     -8.08      1.37      4.27      2.12
                rw[86]     -3.51      3.03     -3.55     -8.05      1.50      4.20      2.13
                rw[87]     -3.53      3.03     -3.62     -8.58      0.80      4.20      2.13
                rw[88]     -3.60      3.06     -3.57     -8.17      1.22      4.17      2.11
                rw[89]     -3.63      3.00     -3.61     -7.95      1.29      4.24      2.11
                rw[90]     -3.69      3.01     -3.75     -8.47      1.10      4.25      2.09
                rw[91]     -3.77      2.99     -3.88     -8.62      0.75      4.25      2.09
                rw[92]     -4.03      2.97     -4.03     -8.63      0.74      4.24      2.08
                rw[93]     -4.28      3.01     -4.34     -8.88      0.62      4.29      2.05
                rw[94]     -4.48      3.02     -4.65     -8.96      0.62      4.23      2.08
                rw[95]     -4.53      3.00     -4.54     -9.34      0.05      4.18      2.09
                rw[96]     -4.64      2.94     -4.74     -8.94      0.17      4.16      2.13
                rw[97]     -4.57      2.94     -4.73     -9.39     -0.26      4.18      2.14
                rw[98]     -4.57      2.99     -4.69     -9.14     -0.02      4.10      2.15
                rw[99]     -4.51      2.97     -4.50     -8.52      0.73      4.15      2.14
               rw[100]     -4.48      2.94     -4.45     -9.31     -0.20      4.17      2.12
               rw[101]     -4.37      2.92     -4.42     -8.69      0.36      4.13      2.16
               rw[102]     -4.20      2.94     -4.34     -8.67      0.35      4.23      2.11
               rw[103]     -4.08      2.96     -4.28     -8.57      0.52      4.34      2.08
               rw[104]     -3.98      2.99     -4.01     -8.74      0.42      4.36      2.06
               rw[105]     -3.95      2.99     -3.96     -8.51      0.75      4.31      2.07
               rw[106]     -3.97      2.97     -4.14     -8.59      0.63      4.17      2.13
               rw[107]     -3.93      3.01     -4.09     -8.64      0.86      4.18      2.11
               rw[108]     -3.99      3.03     -4.01     -8.86      0.60      4.22      2.12
               rw[109]     -3.98      3.00     -4.04     -8.51      0.78      4.22      2.09
               rw[110]     -3.94      3.06     -4.04     -8.62      0.75      4.17      2.11
               rw[111]     -3.95      3.03     -4.01     -8.67      0.78      4.11      2.12
               rw[112]     -3.93      3.00     -3.96     -8.26      0.96      4.13      2.15
               rw[113]     -3.95      2.98     -4.03     -8.39      0.85      4.16      2.15
               rw[114]     -4.07      2.96     -4.13     -8.75      0.48      4.16      2.13
               rw[115]     -4.11      2.95     -4.21     -8.49      0.81      4.15      2.13
               rw[116]     -4.18      3.00     -4.27     -8.81      0.64      4.19      2.10
               rw[117]     -4.28      3.00     -4.37     -9.03      0.37      4.09      2.13
               rw[118]     -4.29      3.00     -4.27     -8.52      0.64      4.10      2.16
               rw[119]     -4.31      2.96     -4.40     -9.31     -0.03      4.14      2.08
               rw[120]     -4.39      2.90     -4.36     -8.21      0.96      4.14      2.08
               rw[121]     -4.48      2.94     -4.63     -9.04      0.19      4.31      2.07
               rw[122]     -4.50      2.93     -4.52     -8.87      0.20      4.13      2.15
               rw[123]     -4.49      2.98     -4.49     -8.94      0.14      4.12      2.16
               rw[124]     -4.51      2.99     -4.59     -9.12      0.28      4.20      2.11
               rw[125]     -4.55      2.98     -4.55     -9.36     -0.04      4.19      2.10
               rw[126]     -4.62      2.97     -4.69     -9.13      0.16      4.30      2.06
               rw[127]     -4.74      2.96     -4.90     -9.01      0.30      4.30      2.05
               rw[128]     -4.85      3.02     -4.96     -9.59     -0.19      4.31      2.08
               rw[129]     -4.94      3.04     -5.06     -9.45      0.00      4.37      2.05
               rw[130]     -4.97      3.01     -5.05     -9.33      0.12      4.19      2.10
               rw[131]     -4.98      2.99     -5.00     -9.75     -0.50      4.25      2.07
               rw[132]     -5.04      2.98     -5.05     -9.44     -0.24      4.37      2.05
               rw[133]     -5.12      3.00     -5.15    -10.06     -0.83      4.29      2.07
               rw[134]     -5.26      3.02     -5.24     -9.70     -0.36      4.17      2.11
               rw[135]     -5.45      3.04     -5.49    -10.15     -0.58      4.28      2.08
               rw[136]     -5.58      3.06     -5.64     -9.88     -0.29      4.28      2.08
               rw[137]     -5.66      3.05     -5.74    -10.16     -0.54      4.26      2.09
               rw[138]     -5.75      3.04     -5.90    -10.62     -0.97      4.10      2.15
               rw[139]     -5.81      3.01     -5.91    -10.18     -0.67      4.06      2.14
               rw[140]     -5.90      3.06     -6.07    -10.40     -0.90      4.08      2.12
               rw[141]     -6.01      3.06     -6.08    -10.33     -0.57      4.10      2.11
               rw[142]     -6.06      3.10     -6.13    -10.68     -0.91      4.18      2.10
               rw[143]     -6.12      3.06     -6.19    -10.56     -0.80      4.25      2.09
               rw[144]     -6.08      3.07     -6.13    -10.63     -0.84      4.22      2.10
               rw[145]     -6.03      3.08     -6.13    -10.79     -0.97      4.16      2.14
               rw[146]     -5.92      3.06     -5.98    -10.47     -0.92      4.15      2.13
               rw[147]     -5.85      3.00     -6.00    -10.42     -0.89      4.17      2.09
               rw[148]     -5.80      2.98     -5.85    -10.28     -0.95      4.18      2.11
               rw[149]     -5.78      2.99     -5.76    -10.05     -0.75      4.08      2.18
               rw[150]     -5.73      2.98     -5.79    -10.09     -0.89      4.10      2.15
               rw[151]     -5.72      3.01     -5.74    -10.27     -0.81      4.24      2.07
               rw[152]     -5.67      2.99     -5.61    -10.83     -1.31      4.24      2.08
               rw[153]     -5.65      2.96     -5.56    -10.23     -0.98      4.18      2.10
               rw[154]     -5.62      3.03     -5.60    -10.26     -0.90      4.18      2.11
               rw[155]     -5.65      3.00     -5.77    -10.17     -0.69      4.20      2.13
               rw[156]     -5.63      2.98     -5.59    -10.42     -0.99      4.28      2.10
               rw[157]     -5.59      3.04     -5.67    -10.28     -0.98      4.25      2.09
               rw[158]     -5.51      3.02     -5.59    -10.24     -0.87      4.25      2.09
               rw[159]     -5.41      3.01     -5.50     -9.83     -0.54      4.08      2.16
               rw[160]     -5.31      3.00     -5.46    -10.06     -0.69      4.14      2.13
               rw[161]     -5.23      2.99     -5.26     -9.66     -0.46      4.19      2.11
               rw[162]     -5.21      3.00     -5.25    -10.22     -0.81      4.19      2.10
               rw[163]     -5.19      3.00     -5.25    -10.12     -0.75      4.33      2.09
               rw[164]     -5.11      2.96     -5.17     -9.48     -0.14      4.17      2.15
               rw[165]     -4.98      3.00     -5.14     -9.19      0.25      4.05      2.17
               rw[166]     -4.90      3.03     -5.02     -9.59      0.02      4.10      2.13
               rw[167]     -4.82      3.01     -4.85     -9.08      0.49      4.20      2.11
               rw[168]     -4.73      3.01     -4.78     -9.41     -0.04      4.18      2.12
               rw[169]     -4.76      2.97     -4.82     -9.28      0.07      4.16      2.13
               rw[170]     -4.74      2.96     -4.76     -8.98      0.27      4.12      2.16
               rw[171]     -4.71      2.98     -4.72     -9.39     -0.17      4.17      2.14
               rw[172]     -4.64      3.00     -4.67     -9.29      0.09      4.15      2.14
               rw[173]     -4.59      2.98     -4.57     -9.28      0.00      4.08      2.18
               rw[174]     -4.46      2.95     -4.59     -8.79      0.43      4.16      2.17
               rw[175]     -4.39      2.99     -4.54     -9.10      0.12      4.29      2.11
               rw[176]     -4.36      3.02     -4.56     -9.09      0.27      4.19      2.13
               rw[177]     -4.38      3.05     -4.50     -8.85      0.47      4.17      2.11
               rw[178]     -4.38      3.04     -4.47     -8.55      0.91      4.28      2.06
               rw[179]     -4.33      3.09     -4.40     -9.27      0.22      4.31      2.04
               rw[180]     -4.24      3.08     -4.35     -9.08      0.57      4.35      2.03
               rw[181]     -4.17      3.12     -4.31     -9.23      0.48      4.32      2.02
               rw[182]     -4.20      3.20     -4.25     -8.92      1.15      4.44      1.97
               rw[183]     -4.24      3.26     -4.36     -9.08      1.11      4.70      1.88
               rw[184]     -4.27      3.39     -4.52     -9.23      1.67      5.01      1.79
               rw[185]     -4.30      3.47     -4.45    -10.05      1.15      5.48      1.69
                 sigma      0.23      0.02      0.23      0.19      0.26   1018.46      1.01

Number of divergences: 0
