
                            mean       std    median      5.0%     95.0%     n_eff     r_hat
                    D0     15.92      8.23     14.07      4.67     26.13    978.92      1.00
                    E0   1209.94   1056.45    944.32      0.68   2540.93    118.22      1.06
                    H0     46.43     21.98     43.97     12.48     79.49    430.97      1.02
                    I0    767.08    771.90    472.47     30.94   1837.96     34.58      1.13
                 beta0      1.18      0.59      1.09      0.35      2.00      6.09      1.80
  confirmed_dispersion      0.40      0.06      0.40      0.30      0.50    918.04      1.01
      death_dispersion      0.29      0.03      0.29      0.24      0.35   1690.19      1.00
            death_prob      0.01      0.00      0.01      0.01      0.02     42.71      1.00
            death_rate      0.05      0.01      0.05      0.04      0.07    141.96      1.00
           det_prob[0]      0.19      0.05      0.19      0.11      0.27    283.36      1.00
           det_prob[1]      0.17      0.05      0.17      0.09      0.25    269.58      1.00
           det_prob[2]      0.15      0.05      0.15      0.07      0.23    236.91      1.00
           det_prob[3]      0.14      0.05      0.14      0.06      0.22    219.37      1.00
           det_prob[4]      0.14      0.05      0.13      0.05      0.21    190.75      1.00
           det_prob[5]      0.13      0.05      0.13      0.06      0.21    178.01      1.00
           det_prob[6]      0.13      0.05      0.13      0.06      0.20    162.11      1.00
           det_prob[7]      0.13      0.05      0.12      0.06      0.20    178.96      1.00
           det_prob[8]      0.13      0.05      0.12      0.05      0.19    179.21      1.00
           det_prob[9]      0.12      0.05      0.12      0.05      0.19    174.18      1.00
          det_prob[10]      0.12      0.05      0.11      0.05      0.19    154.23      1.00
          det_prob[11]      0.12      0.05      0.11      0.05      0.18    156.88      1.00
          det_prob[12]      0.12      0.05      0.11      0.05      0.18    168.96      1.00
          det_prob[13]      0.12      0.05      0.11      0.05      0.19    183.52      1.00
          det_prob[14]      0.12      0.05      0.12      0.05      0.19    167.54      1.00
          det_prob[15]      0.12      0.05      0.12      0.05      0.19    173.90      1.00
          det_prob[16]      0.13      0.05      0.12      0.05      0.20    182.98      1.00
          det_prob[17]      0.13      0.05      0.12      0.05      0.20    172.23      1.00
          det_prob[18]      0.14      0.05      0.13      0.06      0.21    175.24      1.00
          det_prob[19]      0.14      0.05      0.13      0.06      0.22    165.18      1.00
          det_prob[20]      0.15      0.06      0.14      0.06      0.23    170.73      1.00
          det_prob[21]      0.16      0.06      0.15      0.07      0.24    161.30      1.00
          det_prob[22]      0.17      0.06      0.16      0.08      0.26    150.10      1.00
          det_prob[23]      0.18      0.06      0.17      0.08      0.27    144.31      1.00
          det_prob[24]      0.19      0.06      0.17      0.09      0.28    126.68      1.01
          det_prob[25]      0.20      0.07      0.18      0.09      0.29    112.07      1.01
          det_prob[26]      0.21      0.07      0.19      0.09      0.31    112.99      1.01
          det_prob[27]      0.21      0.08      0.20      0.09      0.32    111.98      1.01
          det_prob[28]      0.23      0.08      0.22      0.11      0.35    108.46      1.01
          det_prob[29]      0.24      0.08      0.23      0.11      0.36    101.84      1.01
          det_prob[30]      0.25      0.09      0.23      0.11      0.37     98.75      1.01
          det_prob[31]      0.26      0.09      0.25      0.11      0.39     91.55      1.01
          det_prob[32]      0.27      0.09      0.26      0.13      0.40     91.44      1.02
          det_prob[33]      0.28      0.10      0.26      0.12      0.42     87.39      1.02
          det_prob[34]      0.28      0.10      0.27      0.12      0.43     77.99      1.01
          det_prob[35]      0.28      0.10      0.27      0.13      0.45     71.75      1.02
          det_prob[36]      0.29      0.11      0.27      0.13      0.45     68.56      1.03
          det_prob[37]      0.29      0.11      0.27      0.13      0.46     65.46      1.03
          det_prob[38]      0.29      0.11      0.27      0.12      0.46     66.02      1.03
          det_prob[39]      0.29      0.12      0.27      0.11      0.46     61.58      1.03
          det_prob[40]      0.30      0.12      0.28      0.13      0.49     60.73      1.03
          det_prob[41]      0.31      0.12      0.29      0.14      0.49     57.54      1.03
          det_prob[42]      0.32      0.13      0.30      0.13      0.50     54.20      1.04
          det_prob[43]      0.33      0.13      0.32      0.13      0.51     52.97      1.04
          det_prob[44]      0.34      0.13      0.33      0.14      0.54     52.71      1.05
          det_prob[45]      0.35      0.14      0.34      0.14      0.56     50.07      1.05
          det_prob[46]      0.36      0.14      0.35      0.15      0.57     48.25      1.04
          det_prob[47]      0.37      0.14      0.36      0.15      0.58     46.12      1.05
          det_prob[48]      0.38      0.14      0.36      0.15      0.59     47.05      1.04
          det_prob[49]      0.39      0.15      0.37      0.16      0.62     46.34      1.04
          det_prob[50]      0.40      0.15      0.38      0.18      0.65     43.99      1.04
          det_prob[51]      0.41      0.15      0.39      0.17      0.65     44.50      1.04
          det_prob[52]      0.43      0.16      0.40      0.18      0.67     45.15      1.04
          det_prob[53]      0.44      0.16      0.42      0.19      0.69     46.10      1.03
          det_prob[54]      0.45      0.16      0.43      0.19      0.69     47.37      1.03
          det_prob[55]      0.46      0.16      0.44      0.21      0.71     46.88      1.03
          det_prob[56]      0.47      0.16      0.46      0.21      0.73     45.69      1.03
          det_prob[57]      0.48      0.16      0.47      0.23      0.74     45.24      1.03
          det_prob[58]      0.49      0.16      0.48      0.23      0.74     45.55      1.03
          det_prob[59]      0.50      0.17      0.49      0.25      0.78     45.00      1.02
          det_prob[60]      0.50      0.17      0.49      0.25      0.78     44.81      1.02
          det_prob[61]      0.51      0.17      0.50      0.23      0.77     45.64      1.02
          det_prob[62]      0.52      0.17      0.51      0.25      0.79     44.94      1.02
          det_prob[63]      0.53      0.16      0.52      0.26      0.79     45.48      1.01
          det_prob[64]      0.54      0.17      0.53      0.28      0.82     45.11      1.01
          det_prob[65]      0.55      0.16      0.54      0.26      0.80     45.02      1.01
          det_prob[66]      0.56      0.16      0.55      0.27      0.80     44.90      1.01
          det_prob[67]      0.56      0.17      0.56      0.26      0.81     45.34      1.01
          det_prob[68]      0.57      0.17      0.57      0.29      0.84     45.26      1.01
          det_prob[69]      0.57      0.17      0.57      0.30      0.84     45.81      1.01
          det_prob[70]      0.58      0.17      0.58      0.30      0.84     45.32      1.01
          det_prob[71]      0.59      0.17      0.58      0.34      0.89     45.16      1.00
          det_prob[72]      0.59      0.17      0.59      0.31      0.86     44.70      1.00
          det_prob[73]      0.59      0.17      0.59      0.34      0.88     43.21      1.00
          det_prob[74]      0.60      0.17      0.59      0.32      0.87     42.93      1.00
          det_prob[75]      0.60      0.17      0.60      0.33      0.88     41.40      1.00
          det_prob[76]      0.61      0.17      0.60      0.33      0.89     42.17      1.00
          det_prob[77]      0.61      0.17      0.61      0.34      0.90     41.90      1.00
          det_prob[78]      0.62      0.17      0.62      0.35      0.92     41.40      1.00
          det_prob[79]      0.63      0.17      0.63      0.36      0.92     41.68      1.00
          det_prob[80]      0.64      0.17      0.65      0.38      0.92     40.85      1.00
          det_prob[81]      0.65      0.17      0.66      0.39      0.93     40.69      1.00
          det_prob[82]      0.65      0.17      0.67      0.39      0.94     41.10      1.00
          det_prob[83]      0.66      0.17      0.67      0.39      0.93     40.89      1.00
          det_prob[84]      0.67      0.17      0.68      0.39      0.93     40.88      1.00
          det_prob[85]      0.68      0.17      0.69      0.44      0.97     41.70      1.00
          det_prob[86]      0.68      0.17      0.69      0.44      0.96     40.56      1.00
          det_prob[87]      0.69      0.17      0.70      0.46      0.97     38.99      1.00
          det_prob[88]      0.69      0.17      0.70      0.46      0.97     38.23      1.00
          det_prob[89]      0.70      0.17      0.72      0.46      0.97     37.01      1.00
          det_prob[90]      0.70      0.17      0.72      0.46      0.97     36.46      1.00
          det_prob[91]      0.71      0.17      0.73      0.47      0.97     36.71      1.00
          det_prob[92]      0.71      0.17      0.73      0.46      0.97     35.91      1.00
          det_prob[93]      0.72      0.17      0.74      0.46      0.96     35.52      1.00
          det_prob[94]      0.73      0.17      0.75      0.47      0.97     35.23      1.00
          det_prob[95]      0.73      0.16      0.77      0.47      0.96     34.59      1.00
          det_prob[96]      0.74      0.16      0.77      0.49      0.97     33.88      1.01
          det_prob[97]      0.75      0.16      0.78      0.48      0.97     33.37      1.01
          det_prob[98]      0.75      0.16      0.78      0.50      0.97     33.41      1.01
          det_prob[99]      0.76      0.16      0.80      0.51      0.97     33.38      1.01
         det_prob[100]      0.77      0.16      0.80      0.53      0.99     33.99      1.01
         det_prob[101]      0.78      0.15      0.81      0.54      0.98     34.26      1.01
         det_prob[102]      0.78      0.15      0.82      0.55      0.98     33.15      1.01
         det_prob[103]      0.79      0.15      0.83      0.57      0.99     33.04      1.01
         det_prob[104]      0.80      0.14      0.83      0.58      0.99     32.59      1.01
         det_prob[105]      0.81      0.14      0.84      0.59      0.99     33.05      1.01
         det_prob[106]      0.82      0.13      0.85      0.61      0.99     32.44      1.01
         det_prob[107]      0.82      0.13      0.85      0.63      0.99     31.57      1.01
         det_prob[108]      0.83      0.13      0.86      0.64      1.00     32.47      1.02
         det_prob[109]      0.83      0.12      0.86      0.65      1.00     32.54      1.01
         det_prob[110]      0.84      0.12      0.87      0.67      1.00     32.31      1.02
         det_prob[111]      0.84      0.12      0.87      0.67      1.00     31.82      1.02
         det_prob[112]      0.85      0.12      0.88      0.68      1.00     31.74      1.02
         det_prob[113]      0.85      0.12      0.88      0.68      0.99     32.14      1.02
         det_prob[114]      0.86      0.11      0.89      0.70      1.00     32.00      1.02
         det_prob[115]      0.86      0.11      0.89      0.71      1.00     30.42      1.01
         det_prob[116]      0.87      0.11      0.90      0.71      1.00     31.67      1.01
         det_prob[117]      0.87      0.11      0.90      0.72      1.00     31.65      1.01
         det_prob[118]      0.87      0.11      0.91      0.73      1.00     33.15      1.01
         det_prob[119]      0.88      0.11      0.91      0.73      1.00     33.87      1.01
         det_prob[120]      0.88      0.10      0.91      0.72      1.00     33.33      1.01
         det_prob[121]      0.88      0.10      0.91      0.73      1.00     34.01      1.01
         det_prob[122]      0.88      0.10      0.91      0.73      1.00     33.93      1.01
         det_prob[123]      0.89      0.10      0.92      0.75      1.00     33.73      1.01
         det_prob[124]      0.89      0.10      0.92      0.75      1.00     33.74      1.01
         det_prob[125]      0.89      0.10      0.92      0.74      1.00     34.52      1.01
         det_prob[126]      0.89      0.10      0.92      0.75      1.00     35.77      1.01
         det_prob[127]      0.89      0.10      0.93      0.75      1.00     36.34      1.01
         det_prob[128]      0.89      0.10      0.93      0.75      1.00     36.70      1.01
         det_prob[129]      0.89      0.10      0.93      0.75      1.00     36.60      1.01
         det_prob[130]      0.90      0.11      0.93      0.75      1.00     36.88      1.00
         det_prob[131]      0.90      0.11      0.94      0.75      1.00     37.88      1.00
         det_prob[132]      0.90      0.11      0.94      0.75      1.00     37.69      1.00
         det_prob[133]      0.90      0.10      0.94      0.75      1.00     37.14      1.00
         det_prob[134]      0.90      0.11      0.94      0.76      1.00     37.80      1.00
         det_prob[135]      0.90      0.11      0.94      0.75      1.00     39.35      1.00
         det_prob[136]      0.90      0.11      0.94      0.74      1.00     38.79      1.00
         det_prob[137]      0.90      0.12      0.94      0.74      1.00     39.20      1.00
         det_prob[138]      0.90      0.12      0.95      0.73      1.00     39.25      1.00
         det_prob[139]      0.90      0.12      0.95      0.72      1.00     39.16      1.00
         det_prob[140]      0.90      0.12      0.95      0.73      1.00     39.15      1.00
         det_prob[141]      0.90      0.12      0.95      0.72      1.00     39.34      1.00
         det_prob[142]      0.90      0.12      0.95      0.72      1.00     40.18      1.00
         det_prob[143]      0.90      0.12      0.95      0.72      1.00     39.88      1.00
         det_prob[144]      0.90      0.12      0.95      0.72      1.00     40.30      1.00
         det_prob[145]      0.90      0.13      0.95      0.73      1.00     40.18      1.00
         det_prob[146]      0.90      0.12      0.96      0.73      1.00     40.39      1.00
         det_prob[147]      0.90      0.12      0.96      0.74      1.00     42.04      1.00
         det_prob[148]      0.91      0.12      0.96      0.73      1.00     41.88      1.00
         det_prob[149]      0.91      0.12      0.96      0.73      1.00     42.86      1.00
         det_prob[150]      0.91      0.12      0.96      0.74      1.00     42.48      1.00
         det_prob[151]      0.91      0.12      0.96      0.74      1.00     43.23      1.00
         det_prob[152]      0.91      0.11      0.96      0.73      1.00     43.16      1.00
         det_prob[153]      0.91      0.11      0.96      0.75      1.00     43.64      1.00
         det_prob[154]      0.92      0.11      0.96      0.76      1.00     44.29      1.00
         det_prob[155]      0.92      0.11      0.96      0.77      1.00     44.33      1.00
         det_prob[156]      0.92      0.11      0.96      0.77      1.00     45.00      1.00
         det_prob[157]      0.92      0.10      0.96      0.78      1.00     46.39      1.00
         det_prob[158]      0.92      0.10      0.96      0.80      1.00     45.82      1.00
         det_prob[159]      0.92      0.10      0.97      0.80      1.00     46.69      1.00
         det_prob[160]      0.93      0.09      0.97      0.79      1.00     45.96      1.00
         det_prob[161]      0.93      0.09      0.97      0.80      1.00     47.09      1.00
         det_prob[162]      0.93      0.09      0.97      0.81      1.00     45.44      1.00
         det_prob[163]      0.93      0.09      0.97      0.81      1.00     46.26      1.00
         det_prob[164]      0.93      0.09      0.97      0.81      1.00     45.26      1.00
         det_prob[165]      0.93      0.08      0.97      0.81      1.00     44.67      1.00
         det_prob[166]      0.93      0.08      0.97      0.81      1.00     44.58      1.00
         det_prob[167]      0.93      0.08      0.97      0.82      1.00     43.57      1.00
         det_prob[168]      0.93      0.08      0.97      0.82      1.00     44.93      1.00
         det_prob[169]      0.94      0.08      0.97      0.83      1.00     46.55      1.00
         det_prob[170]      0.94      0.08      0.97      0.83      1.00     47.90      1.00
         det_prob[171]      0.94      0.08      0.97      0.83      1.00     50.52      1.00
         det_prob[172]      0.94      0.08      0.97      0.83      1.00     53.91      1.00
         det_prob[173]      0.94      0.08      0.97      0.83      1.00     56.01      1.00
         det_prob[174]      0.94      0.08      0.97      0.82      1.00     56.22      1.00
         det_prob[175]      0.94      0.08      0.97      0.83      1.00     55.97      1.00
         det_prob[176]      0.94      0.08      0.97      0.83      1.00     55.85      1.00
         det_prob[177]      0.94      0.08      0.97      0.83      1.00     57.17      1.00
         det_prob[178]      0.94      0.08      0.97      0.82      1.00     58.82      1.00
         det_prob[179]      0.94      0.08      0.97      0.83      1.00     58.67      1.00
         det_prob[180]      0.94      0.08      0.97      0.82      1.00     59.62      1.00
         det_prob[181]      0.94      0.08      0.97      0.82      1.00     61.64      1.00
         det_prob[182]      0.94      0.08      0.97      0.82      1.00     61.69      1.00
         det_prob[183]      0.94      0.09      0.97      0.82      1.00     63.21      1.00
         det_prob[184]      0.94      0.09      0.97      0.81      1.00     64.05      1.00
         det_prob[185]      0.93      0.09      0.97      0.81      1.00     65.71      1.00
             det_prob0      0.21      0.05      0.21      0.12      0.29    297.29      1.00
            det_prob_d      0.90      0.03      0.90      0.85      0.95   1851.63      1.00
                 gamma      0.49      0.05      0.49      0.40      0.57   2334.32      1.00
                 rw[0]     -0.12      0.98     -0.13     -1.70      1.50     45.00      1.10
                 rw[1]     -0.15      1.40     -0.17     -2.64      1.99     19.89      1.20
                 rw[2]     -0.09      1.74     -0.08     -3.14      2.50     13.09      1.27
                 rw[3]     -0.05      2.03     -0.00     -3.21      3.33      9.48      1.38
                 rw[4]      0.04      2.25     -0.02     -3.51      3.58      8.41      1.44
                 rw[5]      0.05      2.45     -0.01     -3.93      4.00      7.62      1.50
                 rw[6]     -0.02      2.56     -0.10     -4.32      4.12      7.24      1.56
                 rw[7]     -0.14      2.66     -0.22     -4.52      4.17      6.58      1.63
                 rw[8]     -0.35      2.74     -0.44     -4.47      4.37      6.03      1.66
                 rw[9]     -0.57      2.85     -0.73     -4.52      4.55      6.19      1.65
                rw[10]     -0.76      2.84     -0.96     -5.63      3.52      5.97      1.70
                rw[11]     -0.95      2.91     -1.11     -5.10      3.95      6.07      1.70
                rw[12]     -1.15      2.93     -1.29     -5.71      3.64      6.15      1.71
                rw[13]     -1.37      2.94     -1.50     -5.83      3.53      6.02      1.74
                rw[14]     -1.55      2.92     -1.62     -6.35      3.19      5.78      1.76
                rw[15]     -1.79      2.95     -1.84     -6.46      3.06      6.02      1.76
                rw[16]     -2.04      2.91     -2.14     -6.60      2.78      6.08      1.75
                rw[17]     -2.23      2.92     -2.30     -7.11      2.33      6.01      1.74
                rw[18]     -2.46      2.86     -2.48     -6.89      2.30      6.19      1.70
                rw[19]     -2.67      2.85     -2.80     -7.14      2.13      5.92      1.74
                rw[20]     -2.93      2.84     -2.94     -7.12      1.85      5.88      1.72
                rw[21]     -3.29      2.83     -3.32     -7.50      1.58      6.34      1.67
                rw[22]     -3.62      2.83     -3.71     -8.17      0.99      6.46      1.66
                rw[23]     -3.97      2.79     -4.02     -8.47      0.55      6.54      1.64
                rw[24]     -4.34      2.81     -4.48     -8.52      0.42      6.53      1.64
                rw[25]     -4.70      2.80     -4.82     -8.93     -0.01      6.28      1.64
                rw[26]     -5.07      2.83     -5.20     -9.62     -0.51      6.07      1.64
                rw[27]     -5.34      2.84     -5.50     -9.42     -0.21      6.22      1.64
                rw[28]     -5.65      2.86     -5.78    -10.23     -1.00      6.52      1.62
                rw[29]     -5.96      2.89     -6.05    -10.20     -1.09      6.42      1.63
                rw[30]     -6.22      2.87     -6.30    -10.52     -1.41      6.13      1.63
                rw[31]     -6.42      2.84     -6.59    -10.84     -1.88      6.54      1.59
                rw[32]     -6.59      2.83     -6.70    -11.11     -2.02      6.67      1.60
                rw[33]     -6.69      2.83     -6.67    -11.28     -2.05      6.23      1.61
                rw[34]     -6.76      2.85     -6.86    -11.36     -2.09      6.11      1.61
                rw[35]     -6.83      2.85     -6.87    -11.40     -2.04      6.16      1.63
                rw[36]     -6.84      2.85     -6.99    -11.27     -2.10      6.23      1.63
                rw[37]     -6.81      2.82     -6.92    -11.25     -2.22      6.80      1.57
                rw[38]     -6.71      2.77     -6.77    -10.70     -1.59      6.83      1.55
                rw[39]     -6.51      2.78     -6.52    -10.63     -1.58      6.96      1.56
                rw[40]     -6.34      2.80     -6.40    -10.84     -1.58      6.82      1.56
                rw[41]     -6.19      2.81     -6.35    -10.74     -1.81      6.85      1.55
                rw[42]     -6.01      2.79     -6.21    -10.29     -1.35      6.71      1.57
                rw[43]     -5.80      2.80     -5.91    -10.13     -0.93      6.92      1.58
                rw[44]     -5.62      2.79     -5.67    -10.18     -1.18      6.74      1.60
                rw[45]     -5.51      2.80     -5.54     -9.97     -0.80      6.59      1.62
                rw[46]     -5.32      2.84     -5.25     -9.86     -0.82      6.68      1.62
                rw[47]     -5.13      2.84     -5.03    -10.03     -0.95      6.74      1.63
                rw[48]     -4.96      2.87     -5.01     -9.60     -0.34      6.57      1.62
                rw[49]     -4.83      2.86     -4.76     -9.39     -0.15      6.94      1.60
                rw[50]     -4.72      2.94     -4.63     -9.15      0.35      7.20      1.60
                rw[51]     -4.64      2.94     -4.75     -9.51      0.19      6.87      1.63
                rw[52]     -4.51      2.89     -4.65     -9.14      0.11      6.97      1.62
                rw[53]     -4.43      2.86     -4.37     -8.48      0.60      6.85      1.62
                rw[54]     -4.35      2.88     -4.35     -8.85      0.30      6.88      1.63
                rw[55]     -4.31      2.90     -4.43     -8.87      0.74      6.75      1.64
                rw[56]     -4.25      2.85     -4.37     -8.71      0.58      6.29      1.67
                rw[57]     -4.28      2.88     -4.35     -8.83      0.37      6.26      1.69
                rw[58]     -4.34      2.95     -4.27     -8.49      1.08      6.16      1.70
                rw[59]     -4.38      2.96     -4.37     -9.18      0.40      5.86      1.74
                rw[60]     -4.52      2.97     -4.55     -9.51      0.06      6.07      1.73
                rw[61]     -4.60      2.95     -4.72     -9.71     -0.23      6.11      1.69
                rw[62]     -4.66      2.95     -4.84     -9.43      0.10      6.09      1.69
                rw[63]     -4.70      2.94     -4.80     -9.28      0.27      6.12      1.70
                rw[64]     -4.73      2.95     -4.72     -9.15      0.54      6.11      1.70
                rw[65]     -4.76      2.99     -4.82     -9.60     -0.10      6.12      1.70
                rw[66]     -4.77      2.98     -4.87     -9.15      0.50      6.22      1.67
                rw[67]     -4.75      2.99     -4.90     -9.05      0.36      6.12      1.68
                rw[68]     -4.70      3.02     -4.75     -9.28      0.47      6.03      1.70
                rw[69]     -4.71      2.99     -4.84     -9.05      0.56      6.12      1.69
                rw[70]     -4.67      2.97     -4.81     -9.08      0.61      6.24      1.67
                rw[71]     -4.57      2.96     -4.55     -9.60      0.20      6.37      1.65
                rw[72]     -4.52      2.93     -4.48     -9.08      0.37      6.49      1.64
                rw[73]     -4.39      2.94     -4.44     -9.02      0.46      6.40      1.65
                rw[74]     -4.29      2.94     -4.29     -9.00      0.55      6.46      1.66
                rw[75]     -4.17      2.96     -4.23     -9.28      0.33      6.40      1.69
                rw[76]     -3.98      2.93     -4.04     -8.63      0.75      6.45      1.68
                rw[77]     -3.80      2.85     -3.84     -8.33      0.67      6.57      1.67
                rw[78]     -3.64      2.88     -3.76     -8.36      0.91      6.35      1.70
                rw[79]     -3.49      2.88     -3.65     -7.93      1.22      6.62      1.68
                rw[80]     -3.41      2.88     -3.48     -7.78      1.37      6.68      1.68
                rw[81]     -3.33      2.86     -3.33     -7.73      1.55      6.68      1.67
                rw[82]     -3.23      2.86     -3.32     -7.62      1.50      6.74      1.65
                rw[83]     -3.18      2.84     -3.24     -8.00      1.12      6.37      1.67
                rw[84]     -3.11      2.88     -3.26     -7.77      1.50      6.23      1.70
                rw[85]     -3.08      2.87     -3.19     -7.49      1.60      6.31      1.70
                rw[86]     -3.10      2.85     -3.08     -7.24      1.77      6.26      1.68
                rw[87]     -3.09      2.85     -3.11     -7.79      1.23      5.92      1.69
                rw[88]     -3.17      2.92     -3.20     -7.71      1.72      6.13      1.68
                rw[89]     -3.20      2.91     -3.22     -7.59      1.76      6.12      1.68
                rw[90]     -3.29      2.90     -3.31     -7.95      1.26      5.99      1.69
                rw[91]     -3.39      2.89     -3.53     -7.56      1.67      5.93      1.70
                rw[92]     -3.46      2.88     -3.63     -8.21      1.08      6.11      1.68
                rw[93]     -3.51      2.87     -3.65     -7.94      1.12      6.23      1.68
                rw[94]     -3.63      2.86     -3.80     -8.28      0.79      5.88      1.70
                rw[95]     -3.71      2.79     -3.83     -8.00      0.81      5.90      1.71
                rw[96]     -3.76      2.78     -3.71     -8.12      0.80      6.14      1.70
                rw[97]     -3.83      2.79     -3.90     -7.99      1.09      6.09      1.69
                rw[98]     -3.83      2.79     -3.97     -8.14      1.00      6.59      1.65
                rw[99]     -3.87      2.84     -3.92     -8.13      0.91      6.23      1.71
               rw[100]     -3.89      2.86     -3.90     -8.55      0.46      6.22      1.70
               rw[101]     -3.90      2.86     -4.02     -8.14      0.92      6.39      1.70
               rw[102]     -3.86      2.82     -3.99     -8.10      0.73      6.21      1.69
               rw[103]     -3.82      2.79     -3.98     -8.37      0.55      6.27      1.69
               rw[104]     -3.77      2.86     -3.95     -7.86      1.28      6.48      1.68
               rw[105]     -3.74      2.85     -3.81     -8.45      0.87      6.91      1.65
               rw[106]     -3.77      2.82     -3.87     -8.24      0.89      6.28      1.68
               rw[107]     -3.72      2.83     -3.81     -7.98      1.21      6.11      1.69
               rw[108]     -3.71      2.82     -3.82     -7.94      1.25      5.97      1.72
               rw[109]     -3.65      2.83     -3.76     -8.46      0.72      6.08      1.69
               rw[110]     -3.61      2.88     -3.66     -8.15      0.98      5.80      1.73
               rw[111]     -3.60      2.89     -3.53     -8.09      1.27      5.85      1.71
               rw[112]     -3.56      2.82     -3.62     -8.02      1.16      6.15      1.70
               rw[113]     -3.56      2.81     -3.60     -7.76      1.18      5.99      1.72
               rw[114]     -3.52      2.79     -3.48     -8.06      1.02      6.34      1.68
               rw[115]     -3.55      2.82     -3.50     -8.27      0.74      6.18      1.72
               rw[116]     -3.55      2.79     -3.60     -8.08      0.90      6.32      1.70
               rw[117]     -3.56      2.82     -3.52     -8.06      1.21      6.40      1.69
               rw[118]     -3.50      2.83     -3.56     -7.97      1.07      6.15      1.70
               rw[119]     -3.47      2.79     -3.58     -7.56      1.24      6.05      1.71
               rw[120]     -3.49      2.75     -3.67     -7.76      1.01      6.00      1.68
               rw[121]     -3.48      2.73     -3.68     -7.47      1.24      6.41      1.67
               rw[122]     -3.45      2.75     -3.56     -7.32      1.56      6.53      1.66
               rw[123]     -3.34      2.77     -3.46     -7.74      0.91      6.17      1.69
               rw[124]     -3.23      2.79     -3.41     -7.34      1.57      6.35      1.71
               rw[125]     -3.06      2.79     -3.19     -7.38      1.53      6.20      1.70
               rw[126]     -2.84      2.77     -3.04     -7.44      1.53      6.27      1.68
               rw[127]     -2.59      2.78     -2.70     -6.43      2.43      5.86      1.72
               rw[128]     -2.34      2.78     -2.49     -6.55      2.53      6.18      1.69
               rw[129]     -2.14      2.84     -2.37     -6.39      2.80      5.94      1.69
               rw[130]     -2.06      2.83     -2.11     -6.71      2.40      5.75      1.71
               rw[131]     -1.99      2.79     -2.09     -6.39      2.64      6.17      1.66
               rw[132]     -1.99      2.79     -2.05     -6.55      2.38      6.32      1.66
               rw[133]     -2.07      2.79     -2.17     -6.58      2.30      5.77      1.71
               rw[134]     -2.14      2.76     -2.18     -6.44      2.40      5.89      1.74
               rw[135]     -2.26      2.76     -2.28     -6.56      2.43      6.25      1.70
               rw[136]     -2.45      2.80     -2.42     -6.71      2.18      5.90      1.72
               rw[137]     -2.61      2.82     -2.70     -6.79      2.40      6.04      1.69
               rw[138]     -2.80      2.82     -2.80     -7.32      1.84      5.60      1.73
               rw[139]     -2.97      2.82     -2.99     -7.30      1.73      5.53      1.72
               rw[140]     -3.23      2.85     -3.35     -7.83      1.44      5.54      1.73
               rw[141]     -3.45      2.81     -3.51     -7.69      1.52      5.85      1.71
               rw[142]     -3.71      2.88     -3.83     -7.90      1.19      5.97      1.72
               rw[143]     -3.91      2.89     -4.08     -8.46      0.77      5.77      1.75
               rw[144]     -4.16      2.83     -4.29     -8.86      0.29      6.05      1.73
               rw[145]     -4.32      2.85     -4.36     -9.12      0.10      5.98      1.73
               rw[146]     -4.45      2.85     -4.58     -8.88      0.31      5.78      1.74
               rw[147]     -4.59      2.80     -4.68     -9.15     -0.09      6.00      1.70
               rw[148]     -4.72      2.77     -4.73     -8.77      0.12      6.05      1.70
               rw[149]     -4.84      2.81     -4.90     -9.00      0.10      6.08      1.71
               rw[150]     -4.96      2.83     -4.92     -9.43     -0.19      6.16      1.68
               rw[151]     -5.12      2.82     -5.23     -9.76     -0.51      6.36      1.65
               rw[152]     -5.24      2.84     -5.26     -9.72     -0.56      6.14      1.67
               rw[153]     -5.32      2.84     -5.44    -10.19     -0.76      6.17      1.69
               rw[154]     -5.36      2.86     -5.34     -9.78     -0.42      6.65      1.65
               rw[155]     -5.39      2.86     -5.45     -9.92     -0.63      6.46      1.66
               rw[156]     -5.48      2.88     -5.50    -10.42     -0.97      6.54      1.67
               rw[157]     -5.45      2.90     -5.60    -10.34     -0.83      6.62      1.66
               rw[158]     -5.46      2.89     -5.60    -10.41     -0.84      6.52      1.68
               rw[159]     -5.49      2.90     -5.50    -10.39     -0.89      6.48      1.67
               rw[160]     -5.40      2.90     -5.44     -9.83     -0.40      6.42      1.69
               rw[161]     -5.37      2.90     -5.44    -10.26     -0.94      6.46      1.71
               rw[162]     -5.37      2.94     -5.52    -10.11     -0.59      6.49      1.68
               rw[163]     -5.35      2.91     -5.44    -10.27     -0.68      6.44      1.70
               rw[164]     -5.27      2.90     -5.35     -9.83     -0.37      6.27      1.70
               rw[165]     -5.17      2.92     -5.28     -9.97     -0.30      6.25      1.71
               rw[166]     -5.03      2.91     -5.20     -9.26      0.21      6.30      1.70
               rw[167]     -4.95      2.90     -5.10     -9.73     -0.57      6.13      1.70
               rw[168]     -4.78      2.89     -4.91     -9.29     -0.18      6.18      1.71
               rw[169]     -4.68      2.85     -4.70     -8.75      0.29      6.20      1.70
               rw[170]     -4.57      2.83     -4.63     -8.90      0.15      6.19      1.71
               rw[171]     -4.48      2.91     -4.49     -9.32      0.04      6.13      1.71
               rw[172]     -4.41      2.88     -4.55     -9.39     -0.04      6.12      1.71
               rw[173]     -4.29      2.84     -4.51     -8.94      0.18      6.17      1.69
               rw[174]     -4.14      2.85     -4.25     -8.37      0.45      6.00      1.70
               rw[175]     -4.10      2.90     -4.12     -8.64      0.58      6.41      1.66
               rw[176]     -4.08      2.93     -4.07     -8.25      1.07      6.36      1.66
               rw[177]     -4.03      2.93     -4.11     -8.39      0.96      6.57      1.63
               rw[178]     -4.02      2.97     -3.93     -8.82      0.63      6.74      1.62
               rw[179]     -3.96      2.97     -4.02     -8.45      0.67      6.99      1.62
               rw[180]     -3.89      2.99     -3.81     -8.67      0.76      7.48      1.56
               rw[181]     -3.90      3.07     -3.81     -8.91      0.77      7.34      1.56
               rw[182]     -3.82      3.22     -3.79     -8.95      1.15      8.04      1.50
               rw[183]     -3.77      3.35     -3.79     -9.25      1.25      8.94      1.45
               rw[184]     -3.79      3.45     -3.78     -9.21      1.60      9.84      1.39
               rw[185]     -3.76      3.56     -3.65     -9.50      1.85     12.15      1.34
                 sigma      0.23      0.02      0.23      0.19      0.27   1571.35      1.00

Number of divergences: 0
