
                            mean       std    median      5.0%     95.0%     n_eff     r_hat
                    D0      0.88      1.22      0.53      0.00      2.05    928.48      1.00
                    E0      5.21      6.81      2.88      0.00     12.62    125.61      1.04
                    H0      0.88      0.85      0.64      0.00      2.02   1738.36      1.00
                    I0      3.50      5.94      1.62      0.00      8.39    194.17      1.03
                 beta0      0.98      0.51      0.91      0.28      1.65      9.52      1.43
  confirmed_dispersion      0.38      0.07      0.37      0.28      0.49   2011.62      1.00
      death_dispersion      0.41      0.08      0.40      0.27      0.53   1912.37      1.00
            death_prob      0.01      0.00      0.01      0.00      0.01     24.79      1.00
            death_rate      0.05      0.01      0.05      0.04      0.07    233.14      1.00
           det_prob[0]      0.25      0.07      0.25      0.13      0.35    150.12      1.00
           det_prob[1]      0.24      0.07      0.23      0.11      0.35    128.31      1.01
           det_prob[2]      0.23      0.08      0.22      0.10      0.36    123.15      1.00
           det_prob[3]      0.22      0.09      0.21      0.08      0.34    109.98      1.00
           det_prob[4]      0.21      0.09      0.20      0.07      0.34    104.99      1.00
           det_prob[5]      0.21      0.09      0.19      0.06      0.33    100.28      1.01
           det_prob[6]      0.20      0.09      0.18      0.06      0.32     99.61      1.01
           det_prob[7]      0.19      0.09      0.18      0.05      0.32     98.84      1.01
           det_prob[8]      0.19      0.09      0.17      0.05      0.31     94.12      1.01
           det_prob[9]      0.18      0.09      0.17      0.05      0.31     92.13      1.00
          det_prob[10]      0.18      0.09      0.16      0.05      0.31     89.81      1.00
          det_prob[11]      0.18      0.09      0.16      0.05      0.31     90.85      1.00
          det_prob[12]      0.18      0.09      0.16      0.05      0.32     88.07      1.00
          det_prob[13]      0.18      0.09      0.16      0.05      0.31     82.16      1.01
          det_prob[14]      0.18      0.09      0.16      0.04      0.30     80.99      1.01
          det_prob[15]      0.18      0.09      0.16      0.05      0.31     81.82      1.01
          det_prob[16]      0.18      0.09      0.16      0.04      0.30     77.84      1.00
          det_prob[17]      0.17      0.09      0.16      0.05      0.30     79.24      1.01
          det_prob[18]      0.17      0.09      0.15      0.04      0.30     75.99      1.00
          det_prob[19]      0.17      0.08      0.16      0.04      0.29     68.78      1.00
          det_prob[20]      0.17      0.08      0.16      0.04      0.29     65.59      1.00
          det_prob[21]      0.17      0.08      0.16      0.04      0.29     64.36      1.00
          det_prob[22]      0.17      0.08      0.15      0.05      0.29     64.40      1.00
          det_prob[23]      0.17      0.08      0.15      0.05      0.28     62.23      1.01
          det_prob[24]      0.16      0.08      0.14      0.05      0.27     59.49      1.00
          det_prob[25]      0.15      0.08      0.14      0.04      0.26     57.53      1.01
          det_prob[26]      0.15      0.07      0.13      0.04      0.25     56.77      1.00
          det_prob[27]      0.14      0.07      0.13      0.04      0.25     54.79      1.00
          det_prob[28]      0.14      0.07      0.12      0.04      0.24     54.23      1.01
          det_prob[29]      0.13      0.07      0.12      0.04      0.23     56.02      1.00
          det_prob[30]      0.13      0.07      0.12      0.03      0.22     56.26      1.00
          det_prob[31]      0.13      0.07      0.12      0.03      0.22     55.87      1.00
          det_prob[32]      0.13      0.06      0.12      0.03      0.21     55.28      1.01
          det_prob[33]      0.13      0.06      0.12      0.04      0.22     54.52      1.01
          det_prob[34]      0.12      0.06      0.11      0.04      0.22     48.79      1.01
          det_prob[35]      0.12      0.06      0.11      0.03      0.20     46.29      1.01
          det_prob[36]      0.11      0.06      0.10      0.03      0.20     47.19      1.01
          det_prob[37]      0.11      0.06      0.10      0.03      0.20     45.67      1.01
          det_prob[38]      0.11      0.06      0.10      0.03      0.19     46.96      1.01
          det_prob[39]      0.11      0.06      0.10      0.03      0.20     45.55      1.01
          det_prob[40]      0.11      0.06      0.10      0.03      0.19     43.59      1.01
          det_prob[41]      0.12      0.06      0.11      0.03      0.20     42.28      1.01
          det_prob[42]      0.12      0.06      0.11      0.03      0.21     40.99      1.01
          det_prob[43]      0.12      0.06      0.11      0.02      0.21     41.42      1.01
          det_prob[44]      0.13      0.07      0.12      0.03      0.22     39.35      1.01
          det_prob[45]      0.13      0.07      0.12      0.03      0.23     38.53      1.01
          det_prob[46]      0.13      0.07      0.12      0.03      0.23     38.80      1.01
          det_prob[47]      0.13      0.07      0.12      0.03      0.23     37.82      1.01
          det_prob[48]      0.14      0.07      0.13      0.03      0.23     37.81      1.01
          det_prob[49]      0.14      0.07      0.13      0.04      0.25     35.54      1.02
          det_prob[50]      0.15      0.08      0.13      0.03      0.25     34.33      1.01
          det_prob[51]      0.15      0.08      0.13      0.04      0.27     32.49      1.01
          det_prob[52]      0.16      0.08      0.14      0.03      0.27     33.96      1.01
          det_prob[53]      0.16      0.09      0.15      0.04      0.29     34.39      1.01
          det_prob[54]      0.17      0.09      0.15      0.03      0.30     34.87      1.01
          det_prob[55]      0.18      0.10      0.16      0.03      0.31     33.04      1.01
          det_prob[56]      0.19      0.10      0.17      0.04      0.33     32.64      1.01
          det_prob[57]      0.20      0.11      0.18      0.05      0.35     33.09      1.01
          det_prob[58]      0.21      0.11      0.19      0.04      0.37     33.10      1.01
          det_prob[59]      0.22      0.12      0.19      0.04      0.38     31.98      1.01
          det_prob[60]      0.23      0.12      0.21      0.04      0.40     31.76      1.01
          det_prob[61]      0.24      0.12      0.22      0.06      0.42     32.38      1.00
          det_prob[62]      0.25      0.13      0.22      0.05      0.43     32.61      1.00
          det_prob[63]      0.26      0.13      0.24      0.06      0.45     32.77      1.00
          det_prob[64]      0.27      0.13      0.24      0.07      0.48     32.88      1.00
          det_prob[65]      0.27      0.14      0.25      0.07      0.47     32.90      1.00
          det_prob[66]      0.29      0.14      0.26      0.07      0.50     32.52      1.00
          det_prob[67]      0.29      0.14      0.27      0.08      0.52     33.64      1.00
          det_prob[68]      0.30      0.14      0.29      0.06      0.52     33.72      1.00
          det_prob[69]      0.32      0.15      0.30      0.08      0.55     33.35      1.00
          det_prob[70]      0.34      0.15      0.32      0.09      0.57     33.78      1.00
          det_prob[71]      0.35      0.16      0.33      0.10      0.59     34.04      1.00
          det_prob[72]      0.37      0.16      0.35      0.11      0.61     33.24      1.00
          det_prob[73]      0.38      0.16      0.36      0.12      0.63     34.45      1.00
          det_prob[74]      0.40      0.16      0.38      0.15      0.67     34.78      1.00
          det_prob[75]      0.41      0.16      0.40      0.14      0.66     35.10      1.00
          det_prob[76]      0.44      0.16      0.43      0.19      0.71     34.36      1.00
          det_prob[77]      0.46      0.16      0.46      0.20      0.72     34.93      1.00
          det_prob[78]      0.48      0.16      0.48      0.21      0.73     34.47      1.00
          det_prob[79]      0.49      0.17      0.49      0.23      0.77     34.36      1.00
          det_prob[80]      0.50      0.17      0.50      0.22      0.76     34.47      1.00
          det_prob[81]      0.51      0.17      0.51      0.21      0.76     34.89      1.00
          det_prob[82]      0.52      0.17      0.52      0.25      0.79     35.08      1.00
          det_prob[83]      0.54      0.17      0.54      0.28      0.82     35.49      1.00
          det_prob[84]      0.54      0.17      0.54      0.26      0.81     35.22      1.00
          det_prob[85]      0.54      0.17      0.54      0.27      0.83     34.64      1.00
          det_prob[86]      0.55      0.17      0.55      0.25      0.81     33.08      1.00
          det_prob[87]      0.55      0.18      0.54      0.26      0.82     32.86      1.00
          det_prob[88]      0.55      0.18      0.55      0.29      0.86     33.83      1.00
          det_prob[89]      0.55      0.18      0.55      0.23      0.81     33.55      1.00
          det_prob[90]      0.55      0.18      0.56      0.26      0.82     32.80      1.00
          det_prob[91]      0.56      0.18      0.56      0.27      0.84     32.40      1.00
          det_prob[92]      0.56      0.18      0.57      0.25      0.83     31.50      1.00
          det_prob[93]      0.56      0.18      0.58      0.27      0.84     32.76      1.00
          det_prob[94]      0.57      0.18      0.57      0.26      0.84     32.01      1.00
          det_prob[95]      0.58      0.18      0.58      0.27      0.86     31.16      1.00
          det_prob[96]      0.58      0.18      0.59      0.29      0.87     31.67      1.01
          det_prob[97]      0.59      0.18      0.60      0.29      0.86     31.34      1.01
          det_prob[98]      0.61      0.17      0.62      0.32      0.87     31.88      1.01
          det_prob[99]      0.62      0.17      0.63      0.35      0.90     30.67      1.01
         det_prob[100]      0.62      0.17      0.64      0.34      0.88     30.66      1.01
         det_prob[101]      0.63      0.17      0.65      0.35      0.88     29.44      1.01
         det_prob[102]      0.63      0.16      0.65      0.38      0.91     29.36      1.01
         det_prob[103]      0.64      0.16      0.66      0.37      0.90     30.26      1.01
         det_prob[104]      0.65      0.16      0.66      0.39      0.91     30.81      1.01
         det_prob[105]      0.65      0.16      0.67      0.39      0.90     29.55      1.01
         det_prob[106]      0.66      0.16      0.68      0.41      0.92     30.31      1.01
         det_prob[107]      0.66      0.16      0.68      0.40      0.91     30.15      1.01
         det_prob[108]      0.66      0.16      0.68      0.37      0.89     30.83      1.01
         det_prob[109]      0.66      0.16      0.68      0.42      0.93     30.01      1.01
         det_prob[110]      0.66      0.16      0.68      0.41      0.92     28.86      1.01
         det_prob[111]      0.66      0.16      0.68      0.43      0.93     29.85      1.01
         det_prob[112]      0.66      0.16      0.69      0.44      0.94     29.48      1.01
         det_prob[113]      0.66      0.16      0.68      0.39      0.90     30.21      1.01
         det_prob[114]      0.66      0.16      0.69      0.41      0.92     30.34      1.01
         det_prob[115]      0.66      0.16      0.68      0.40      0.91     30.17      1.01
         det_prob[116]      0.66      0.16      0.68      0.42      0.93     30.93      1.00
         det_prob[117]      0.66      0.16      0.67      0.37      0.89     30.64      1.00
         det_prob[118]      0.66      0.16      0.68      0.42      0.93     29.73      1.00
         det_prob[119]      0.65      0.16      0.67      0.42      0.93     29.36      1.00
         det_prob[120]      0.65      0.16      0.67      0.40      0.91     28.75      1.01
         det_prob[121]      0.65      0.16      0.67      0.38      0.90     29.43      1.01
         det_prob[122]      0.64      0.16      0.66      0.38      0.91     30.13      1.01
         det_prob[123]      0.64      0.16      0.66      0.38      0.90     29.97      1.01
         det_prob[124]      0.64      0.16      0.65      0.38      0.90     29.55      1.00
         det_prob[125]      0.63      0.16      0.65      0.38      0.90     29.78      1.00
         det_prob[126]      0.62      0.16      0.63      0.34      0.87     30.44      1.00
         det_prob[127]      0.61      0.17      0.63      0.34      0.88     30.45      1.01
         det_prob[128]      0.60      0.17      0.61      0.32      0.87     30.40      1.01
         det_prob[129]      0.58      0.17      0.59      0.29      0.85     29.95      1.01
         det_prob[130]      0.56      0.17      0.57      0.28      0.85     30.34      1.01
         det_prob[131]      0.54      0.18      0.55      0.26      0.82     30.93      1.01
         det_prob[132]      0.53      0.18      0.53      0.22      0.80     30.93      1.01
         det_prob[133]      0.51      0.18      0.52      0.20      0.78     31.28      1.01
         det_prob[134]      0.49      0.18      0.50      0.19      0.76     31.37      1.01
         det_prob[135]      0.48      0.18      0.48      0.16      0.73     31.51      1.01
         det_prob[136]      0.46      0.18      0.46      0.15      0.72     31.70      1.01
         det_prob[137]      0.44      0.18      0.44      0.17      0.73     32.76      1.01
         det_prob[138]      0.43      0.18      0.42      0.12      0.68     32.72      1.01
         det_prob[139]      0.41      0.17      0.41      0.14      0.69     32.59      1.00
         det_prob[140]      0.40      0.17      0.39      0.13      0.67     32.29      1.01
         det_prob[141]      0.39      0.17      0.38      0.13      0.66     32.96      1.00
         det_prob[142]      0.37      0.16      0.35      0.10      0.61     33.63      1.00
         det_prob[143]      0.35      0.16      0.33      0.08      0.58     33.93      1.00
         det_prob[144]      0.34      0.16      0.31      0.09      0.59     34.16      1.00
         det_prob[145]      0.33      0.15      0.30      0.08      0.57     33.08      1.00
         det_prob[146]      0.32      0.15      0.29      0.07      0.53     33.60      1.00
         det_prob[147]      0.30      0.14      0.28      0.08      0.53     33.30      1.00
         det_prob[148]      0.29      0.14      0.27      0.07      0.51     33.07      1.00
         det_prob[149]      0.28      0.14      0.26      0.08      0.49     31.05      1.00
         det_prob[150]      0.27      0.13      0.25      0.08      0.48     30.80      1.00
         det_prob[151]      0.26      0.13      0.24      0.07      0.46     30.14      1.00
         det_prob[152]      0.25      0.12      0.23      0.05      0.42     30.34      1.00
         det_prob[153]      0.24      0.12      0.22      0.04      0.40     29.43      1.00
         det_prob[154]      0.24      0.12      0.22      0.05      0.40     29.68      1.00
         det_prob[155]      0.23      0.11      0.21      0.05      0.40     30.69      1.00
         det_prob[156]      0.23      0.11      0.21      0.06      0.38     31.17      1.00
         det_prob[157]      0.22      0.10      0.20      0.06      0.37     30.04      1.00
         det_prob[158]      0.21      0.10      0.20      0.05      0.36     32.43      1.00
         det_prob[159]      0.21      0.10      0.20      0.06      0.37     31.79      1.00
         det_prob[160]      0.21      0.10      0.20      0.05      0.36     32.02      1.00
         det_prob[161]      0.20      0.10      0.19      0.06      0.35     33.84      1.00
         det_prob[162]      0.20      0.09      0.18      0.05      0.33     34.05      1.00
         det_prob[163]      0.20      0.09      0.18      0.05      0.33     35.95      1.00
         det_prob[164]      0.19      0.09      0.18      0.05      0.31     35.68      1.00
         det_prob[165]      0.18      0.09      0.17      0.05      0.31     34.54      1.00
         det_prob[166]      0.18      0.09      0.17      0.05      0.30     34.92      1.00
         det_prob[167]      0.18      0.09      0.16      0.06      0.31     35.16      1.00
         det_prob[168]      0.18      0.09      0.16      0.05      0.31     36.35      1.00
         det_prob[169]      0.17      0.09      0.16      0.04      0.30     39.04      1.00
         det_prob[170]      0.17      0.09      0.15      0.05      0.30     38.77      1.00
         det_prob[171]      0.17      0.09      0.15      0.04      0.29     39.41      1.00
         det_prob[172]      0.17      0.09      0.15      0.04      0.31     38.40      1.00
         det_prob[173]      0.17      0.09      0.15      0.04      0.31     38.51      1.00
         det_prob[174]      0.18      0.09      0.16      0.04      0.31     39.21      1.00
         det_prob[175]      0.18      0.10      0.17      0.04      0.32     39.76      1.00
         det_prob[176]      0.19      0.10      0.17      0.04      0.33     43.01      1.00
         det_prob[177]      0.20      0.11      0.18      0.04      0.35     47.03      1.00
         det_prob[178]      0.20      0.11      0.18      0.03      0.36     46.34      1.00
         det_prob[179]      0.21      0.11      0.18      0.03      0.37     48.55      1.00
         det_prob[180]      0.21      0.12      0.19      0.04      0.39     49.84      1.00
         det_prob[181]      0.22      0.12      0.19      0.04      0.41     51.40      1.00
         det_prob[182]      0.22      0.13      0.19      0.04      0.41     54.99      1.00
         det_prob[183]      0.22      0.13      0.19      0.03      0.41     59.54      1.00
         det_prob[184]      0.22      0.13      0.20      0.04      0.41     64.40      1.00
         det_prob[185]      0.22      0.13      0.19      0.03      0.42     68.05      1.00
             det_prob0      0.26      0.06      0.26      0.15      0.35    174.43      1.00
            det_prob_d      0.90      0.03      0.90      0.85      0.95   2952.95      1.00
                 gamma      0.49      0.05      0.49      0.39      0.57   1574.27      1.00
                 rw[0]     -0.12      1.01     -0.10     -1.70      1.61    105.73      1.04
                 rw[1]     -0.14      1.40     -0.13     -2.74      1.98     45.00      1.09
                 rw[2]     -0.10      1.69     -0.02     -2.69      2.80     25.39      1.13
                 rw[3]     -0.03      1.97      0.01     -3.44      2.89     18.04      1.18
                 rw[4]      0.14      2.15      0.15     -3.14      3.81     15.83      1.19
                 rw[5]      0.34      2.36      0.34     -3.48      4.45     13.70      1.22
                 rw[6]      0.55      2.45      0.52     -3.36      4.64     12.14      1.24
                 rw[7]      0.84      2.58      0.83     -3.38      4.97     11.03      1.27
                 rw[8]      1.19      2.69      1.14     -3.06      5.66     10.80      1.27
                 rw[9]      1.51      2.78      1.49     -3.08      5.94     10.13      1.30
                rw[10]      1.91      2.86      1.80     -2.54      6.82      9.16      1.33
                rw[11]      2.27      2.92      2.16     -2.22      7.11      9.68      1.33
                rw[12]      2.62      2.98      2.47     -1.70      7.90      9.06      1.36
                rw[13]      2.90      2.99      2.83     -2.01      7.58      9.11      1.37
                rw[14]      3.05      3.03      2.84     -1.89      7.76      8.80      1.38
                rw[15]      3.18      3.04      3.02     -1.29      8.64      8.41      1.41
                rw[16]      3.21      2.97      3.18     -1.40      8.04      8.32      1.41
                rw[17]      3.25      3.00      3.24     -0.97      8.73      8.17      1.42
                rw[18]      3.25      2.98      3.19     -1.12      8.62      7.95      1.44
                rw[19]      3.14      2.97      3.13     -1.15      8.60      8.25      1.40
                rw[20]      2.96      2.99      2.93     -1.41      8.40      8.29      1.41
                rw[21]      2.68      2.89      2.58     -1.50      7.85      7.89      1.45
                rw[22]      2.33      2.95      2.21     -1.92      7.73      8.25      1.42
                rw[23]      1.95      2.95      1.92     -2.52      6.84      7.97      1.44
                rw[24]      1.61      2.96      1.54     -2.88      6.63      7.97      1.44
                rw[25]      1.26      2.92      1.07     -3.26      6.09      8.11      1.42
                rw[26]      0.93      2.94      0.76     -3.70      5.58      8.12      1.41
                rw[27]      0.66      2.91      0.50     -3.54      5.73      7.99      1.42
                rw[28]      0.35      2.88      0.30     -3.94      5.30      8.00      1.42
                rw[29]      0.12      2.94     -0.04     -4.27      5.25      7.79      1.43
                rw[30]     -0.19      2.93     -0.36     -4.86      4.56      7.60      1.43
                rw[31]     -0.49      2.98     -0.70     -5.60      4.31      7.78      1.41
                rw[32]     -0.79      2.99     -0.82     -5.45      4.36      8.28      1.39
                rw[33]     -1.20      2.96     -1.30     -5.56      3.98      8.13      1.40
                rw[34]     -1.61      2.99     -1.70     -6.26      3.43      8.21      1.39
                rw[35]     -1.99      3.01     -2.12     -6.75      3.14      8.31      1.38
                rw[36]     -2.42      3.00     -2.57     -7.07      2.98      8.47      1.37
                rw[37]     -2.80      2.96     -2.85     -7.33      2.45      8.64      1.37
                rw[38]     -3.16      2.93     -3.23     -8.26      1.44      8.85      1.35
                rw[39]     -3.52      2.91     -3.63     -8.37      1.23      8.62      1.36
                rw[40]     -3.85      2.96     -3.95     -8.95      0.97      8.96      1.33
                rw[41]     -4.24      2.96     -4.31     -8.74      0.88      8.89      1.33
                rw[42]     -4.57      2.96     -4.69     -9.46      0.17      8.94      1.34
                rw[43]     -4.87      2.96     -5.02     -9.89     -0.28      8.66      1.36
                rw[44]     -5.13      2.97     -5.21     -9.67      0.08      9.11      1.35
                rw[45]     -5.40      2.96     -5.46    -10.50     -0.93      9.31      1.35
                rw[46]     -5.59      2.98     -5.67    -10.52     -0.90      9.05      1.35
                rw[47]     -5.76      3.01     -5.86    -10.83     -1.05      9.16      1.34
                rw[48]     -5.84      3.06     -5.99    -10.40     -0.48      9.45      1.32
                rw[49]     -5.88      3.06     -5.91    -10.67     -0.82      9.27      1.34
                rw[50]     -5.96      3.09     -5.95    -10.48     -0.46      9.54      1.33
                rw[51]     -5.96      3.10     -6.11    -11.16     -0.98      9.21      1.34
                rw[52]     -5.91      3.04     -5.99    -11.14     -1.25      9.10      1.34
                rw[53]     -5.85      3.02     -5.90    -11.22     -1.39      9.56      1.33
                rw[54]     -5.74      3.03     -5.84    -10.24     -0.59      9.29      1.34
                rw[55]     -5.68      3.01     -5.79    -10.13     -0.47      9.35      1.34
                rw[56]     -5.58      3.04     -5.70    -10.77     -0.95      9.45      1.35
                rw[57]     -5.46      3.10     -5.61    -10.11     -0.11      9.04      1.38
                rw[58]     -5.38      3.10     -5.56    -10.13     -0.22      8.36      1.42
                rw[59]     -5.29      3.12     -5.41    -10.56     -0.53      8.07      1.43
                rw[60]     -5.15      3.13     -5.22     -9.95      0.16      8.24      1.44
                rw[61]     -5.02      3.11     -5.14    -10.04     -0.18      8.22      1.43
                rw[62]     -4.86      3.07     -5.01     -9.52      0.23      8.52      1.41
                rw[63]     -4.80      3.07     -5.03     -9.54      0.15      8.53      1.41
                rw[64]     -4.66      3.13     -4.85     -9.94      0.14      8.36      1.43
                rw[65]     -4.47      3.11     -4.66     -9.33      0.79      8.14      1.43
                rw[66]     -4.32      3.14     -4.55     -9.22      0.98      8.02      1.42
                rw[67]     -4.18      3.15     -4.38     -8.96      1.36      8.57      1.39
                rw[68]     -3.96      3.16     -4.03     -9.42      0.97      8.29      1.42
                rw[69]     -3.80      3.12     -3.90     -9.21      0.93      8.32      1.43
                rw[70]     -3.59      3.12     -3.71     -8.51      1.58      8.27      1.42
                rw[71]     -3.47      3.10     -3.56     -8.17      2.00      8.59      1.42
                rw[72]     -3.36      3.10     -3.23     -8.58      1.73      9.05      1.41
                rw[73]     -3.23      3.08     -3.23     -8.29      1.77      9.03      1.40
                rw[74]     -3.05      3.09     -3.10     -8.13      1.96      8.74      1.42
                rw[75]     -3.00      3.12     -3.00     -8.05      2.14      9.29      1.40
                rw[76]     -2.98      3.13     -3.00     -7.96      2.32      9.29      1.40
                rw[77]     -3.10      3.10     -3.20     -8.05      2.11      8.77      1.41
                rw[78]     -3.29      3.07     -3.30     -8.83      1.22      8.74      1.40
                rw[79]     -3.46      3.07     -3.49     -8.82      1.13      9.10      1.39
                rw[80]     -3.70      3.04     -3.76     -8.34      1.55      9.16      1.38
                rw[81]     -3.90      3.06     -3.97     -9.12      0.93      8.48      1.41
                rw[82]     -4.05      3.06     -4.20     -8.80      1.43      8.75      1.40
                rw[83]     -4.28      3.03     -4.26     -9.48      0.56      8.91      1.41
                rw[84]     -4.49      3.02     -4.59     -9.14      0.66      8.40      1.42
                rw[85]     -4.63      3.05     -4.73     -9.29      0.67      8.34      1.43
                rw[86]     -4.71      3.06     -4.75     -8.96      1.16      8.24      1.42
                rw[87]     -4.76      3.07     -4.87     -9.46      0.33      8.36      1.41
                rw[88]     -4.81      3.05     -4.97     -9.49      0.27      8.40      1.40
                rw[89]     -4.83      3.09     -4.93     -9.18      1.07      8.32      1.41
                rw[90]     -4.81      3.08     -4.86     -9.66      0.41      8.31      1.42
                rw[91]     -4.73      3.07     -4.82     -9.59      0.48      8.55      1.42
                rw[92]     -4.50      3.08     -4.52     -9.08      0.95      8.91      1.39
                rw[93]     -4.24      3.04     -4.36     -9.44      0.48      8.24      1.41
                rw[94]     -3.97      2.99     -4.09     -8.71      1.14      8.03      1.42
                rw[95]     -3.71      3.02     -3.79     -8.72      1.14      7.99      1.42
                rw[96]     -3.42      3.00     -3.52     -7.82      1.98      8.08      1.41
                rw[97]     -3.15      2.98     -3.23     -8.51      1.30      8.15      1.40
                rw[98]     -2.88      2.93     -2.99     -7.23      2.07      8.26      1.42
                rw[99]     -2.71      2.93     -2.84     -7.28      2.25      8.23      1.41
               rw[100]     -2.49      2.95     -2.60     -6.76      2.66      8.14      1.43
               rw[101]     -2.34      2.98     -2.50     -6.96      2.43      8.31      1.40
               rw[102]     -2.20      2.92     -2.44     -7.20      2.17      8.11      1.43
               rw[103]     -2.03      2.88     -2.16     -6.73      2.38      8.36      1.41
               rw[104]     -1.97      2.90     -2.15     -7.02      2.31      8.22      1.42
               rw[105]     -1.93      2.91     -2.13     -6.36      2.96      8.26      1.42
               rw[106]     -1.89      2.95     -1.97     -6.14      3.28      8.28      1.42
               rw[107]     -1.90      2.89     -2.05     -6.51      2.83      8.02      1.42
               rw[108]     -1.85      2.88     -2.03     -6.04      3.27      7.86      1.43
               rw[109]     -1.76      2.89     -1.91     -6.00      3.24      7.87      1.43
               rw[110]     -1.67      2.88     -1.68     -6.05      3.25      7.94      1.43
               rw[111]     -1.56      2.89     -1.66     -6.26      3.25      8.45      1.40
               rw[112]     -1.48      2.86     -1.54     -5.95      3.38      7.90      1.44
               rw[113]     -1.37      2.88     -1.54     -5.86      3.26      8.13      1.40
               rw[114]     -1.26      2.84     -1.29     -5.39      3.59      8.19      1.40
               rw[115]     -1.16      2.84     -1.24     -5.70      3.43      7.97      1.42
               rw[116]     -1.06      2.87     -1.16     -5.40      4.11      8.42      1.41
               rw[117]     -0.89      2.85     -0.99     -5.70      3.55      8.59      1.40
               rw[118]     -0.77      2.83     -0.89     -4.99      4.09      8.41      1.40
               rw[119]     -0.63      2.83     -0.80     -4.76      4.44      8.02      1.42
               rw[120]     -0.54      2.81     -0.67     -5.12      3.97      7.99      1.44
               rw[121]     -0.63      2.75     -0.80     -4.58      4.32      8.29      1.42
               rw[122]     -0.68      2.79     -0.74     -5.13      3.99      7.89      1.45
               rw[123]     -0.72      2.79     -0.80     -5.04      4.05      8.03      1.44
               rw[124]     -0.78      2.83     -0.86     -5.07      4.09      7.79      1.46
               rw[125]     -0.90      2.84     -1.12     -5.49      3.64      7.73      1.45
               rw[126]     -1.05      2.89     -1.26     -5.69      3.49      7.76      1.44
               rw[127]     -1.26      2.90     -1.38     -5.92      3.46      7.74      1.45
               rw[128]     -1.38      2.86     -1.51     -5.65      3.63      7.97      1.42
               rw[129]     -1.43      2.86     -1.62     -5.18      3.95      7.78      1.45
               rw[130]     -1.43      2.90     -1.49     -5.72      3.94      7.81      1.45
               rw[131]     -1.42      2.89     -1.45     -5.59      3.80      8.17      1.42
               rw[132]     -1.37      2.91     -1.58     -5.85      3.69      7.97      1.42
               rw[133]     -1.26      2.87     -1.43     -5.86      3.54      8.18      1.40
               rw[134]     -1.18      2.83     -1.30     -6.08      3.15      8.07      1.42
               rw[135]     -1.09      2.89     -1.18     -5.53      3.85      8.16      1.42
               rw[136]     -0.97      2.88     -1.00     -5.64      3.68      8.16      1.41
               rw[137]     -0.85      2.91     -0.98     -5.30      3.94      8.09      1.41
               rw[138]     -0.74      2.87     -0.82     -4.65      4.65      8.13      1.41
               rw[139]     -0.66      2.91     -0.71     -4.62      4.69      8.31      1.40
               rw[140]     -0.70      2.91     -0.81     -5.50      4.16      8.07      1.41
               rw[141]     -0.74      2.93     -0.77     -5.37      4.25      8.12      1.42
               rw[142]     -0.88      2.92     -1.04     -5.53      4.12      8.11      1.42
               rw[143]     -1.07      2.92     -1.22     -6.27      3.54      7.89      1.43
               rw[144]     -1.26      2.91     -1.45     -6.01      3.44      7.84      1.44
               rw[145]     -1.38      2.98     -1.53     -6.30      3.45      8.15      1.43
               rw[146]     -1.54      2.92     -1.61     -5.93      3.59      7.96      1.44
               rw[147]     -1.74      2.91     -1.88     -5.99      3.28      7.93      1.43
               rw[148]     -1.86      2.89     -1.86     -6.60      2.97      7.96      1.41
               rw[149]     -2.01      2.90     -2.06     -6.24      3.10      7.98      1.40
               rw[150]     -2.17      2.95     -2.32     -6.89      2.58      8.22      1.39
               rw[151]     -2.32      2.88     -2.49     -7.00      2.30      8.17      1.39
               rw[152]     -2.49      2.89     -2.63     -6.70      2.48      8.28      1.40
               rw[153]     -2.61      2.92     -2.78     -7.02      2.36      8.14      1.42
               rw[154]     -2.67      2.87     -2.82     -7.18      2.03      8.33      1.41
               rw[155]     -2.73      2.87     -2.74     -7.39      1.83      8.25      1.43
               rw[156]     -2.77      2.88     -2.80     -7.11      2.14      7.81      1.45
               rw[157]     -2.77      2.92     -2.83     -7.37      1.97      8.00      1.43
               rw[158]     -2.73      2.91     -2.90     -6.67      2.51      8.22      1.39
               rw[159]     -2.67      2.96     -2.72     -6.82      2.89      8.11      1.41
               rw[160]     -2.56      2.97     -2.62     -7.65      2.03      8.40      1.38
               rw[161]     -2.52      3.00     -2.58     -6.90      3.07      8.69      1.37
               rw[162]     -2.43      2.96     -2.55     -7.40      2.24      8.29      1.39
               rw[163]     -2.37      2.97     -2.53     -6.62      2.87      8.37      1.39
               rw[164]     -2.34      3.00     -2.57     -6.77      2.86      8.47      1.39
               rw[165]     -2.33      3.00     -2.51     -6.75      2.90      8.43      1.40
               rw[166]     -2.25      3.00     -2.41     -6.73      2.97      8.54      1.40
               rw[167]     -2.20      3.05     -2.34     -7.53      2.29      8.81      1.38
               rw[168]     -2.25      3.05     -2.34     -7.54      2.28      8.74      1.39
               rw[169]     -2.29      3.00     -2.37     -7.23      2.42      8.77      1.39
               rw[170]     -2.32      3.02     -2.45     -7.17      2.60      8.71      1.40
               rw[171]     -2.35      3.00     -2.35     -7.13      2.45      8.69      1.39
               rw[172]     -2.39      3.03     -2.58     -7.41      2.39      8.56      1.39
               rw[173]     -2.37      3.07     -2.46     -7.59      2.34      8.50      1.40
               rw[174]     -2.44      3.11     -2.56     -7.34      2.67      9.03      1.37
               rw[175]     -2.48      3.12     -2.66     -7.29      2.80      9.13      1.37
               rw[176]     -2.50      3.17     -2.56     -7.78      2.27      9.71      1.36
               rw[177]     -2.57      3.18     -2.62     -7.71      2.45     10.34      1.35
               rw[178]     -2.62      3.18     -2.69     -7.30      2.93     10.29      1.35
               rw[179]     -2.65      3.29     -2.63     -7.87      2.74     10.10      1.35
               rw[180]     -2.74      3.39     -2.67     -7.71      3.19     10.44      1.34
               rw[181]     -2.74      3.48     -2.74     -8.26      2.87     11.70      1.32
               rw[182]     -2.78      3.58     -2.89     -8.35      3.25     12.27      1.30
               rw[183]     -2.87      3.70     -2.83     -9.32      2.83     13.51      1.28
               rw[184]     -2.90      3.80     -2.85     -8.50      3.79     14.68      1.26
               rw[185]     -2.93      3.88     -2.75     -9.34      3.15     16.00      1.23
                 sigma      0.24      0.02      0.24      0.20      0.28   1229.44      1.00

Number of divergences: 0
